1618478063813,0.160477
1618478063907,-0.034548
1618478064001,0.042913
1618478064095,-0.193524
1618478064189,0.047134
1618478064283,-0.189303
1618478064371,-0.263513
1618478064466,-0.123701
1618478064561,0.001501
1618478064656,0.082045
1618478064751,-0.329281
1618478064846,0.052326
1618478064941,-0.005971
1618478065036,3.539714
1618478065131,0.094875
1618478065226,0.085296
1618478065321,-0.040882
1618478065416,-0.197745
1618478065511,-0.166084
1618478065606,-0.056796
1618478065700,0.019528
1618478065794,-0.065238
1618478065888,-0.131006
1618478065982,-0.205216
1618478066076,-0.200995
1618478066170,-0.202133
1618478066264,-0.023826
1618478066358,0.032191
1618478066452,-0.002720
1618478066546,-0.002720
1618478066640,0.055576
1618478066734,0.055410
1618478066827,-0.061017
1618478066921,-0.034548
1618478067015,0.194417
1618478067109,-0.101287
1618478067203,0.113873
1618478067297,0.008972
1618478067391,-0.139448
1618478067485,-0.318559
1618478067579,-0.096095
1618478067673,0.036412
1618478067767,0.022778
1618478067861,-0.014413
1618478067955,-0.123701
1618478068045,-0.084402
1618478068139,-0.061017
1618478068233,0.020498
1618478068327,-0.197745
1618478068421,0.074574
1618478068515,0.145534
1618478068609,-0.065238
1618478068703,-0.151141
1618478068797,0.148784
1618478068891,-0.030327
1618478068985,0.090488
1618478069079,0.127679
1618478069173,-0.139448
1618478069261,0.011085
1618478069356,0.217970
1618478069451,-0.069459
1618478069546,0.027970
1618478069641,-0.050462
1618478069736,-0.006941
1618478069831,0.137092
1618478069926,-0.034548
1618478070021,0.273820
1618478070116,-0.190273
1618478070211,-0.186219
1618478070306,-0.076931
1618478070401,-0.069459
1618478070496,-0.030327
1618478070590,-0.011162
1618478070684,-0.146920
1618478070778,0.081075
1618478070872,-0.070430
1618478070966,0.093738
1618478071060,-0.047211
1618478071154,0.089517
1618478071248,-0.131977
1618478071342,0.120207
1618478071436,-0.065238
1618478071530,-0.163804
1618478071624,-0.055653
1618478071715,-0.106478
1618478071809,0.023116
1618478071903,-0.167682
1618478071997,-0.424715
1618478072091,-0.636280
1618478072185,-0.529272
1618478072279,-0.259974
1618478072373,-0.091129
1618478072467,-0.380960
1618478072561,-0.639129
1618478072655,-1.194146
1618478072749,-1.946187
1618478072843,-2.908833
1618478072935,-3.938434
1618478073029,-2.218520
1618478073123,2.105597
1618478073217,6.657034
1618478073311,6.023881
1618478073405,1.771950
1618478073499,-4.381157
1618478073593,-1.614247
1618478073687,3.608781
1618478073781,1.172321
1618478073875,1.198123
1618478073969,0.817653
1618478074063,0.396914
1618478074155,0.319453
1618478074249,0.215523
1618478074343,0.249464
1618478074437,0.176391
1618478074531,0.202860
1618478074625,0.125399
1618478074719,0.202860
1618478074813,0.417215
1618478074907,-0.053712
1618478075001,0.144563
1618478075095,0.147814
1618478075189,0.076854
1618478075283,0.023749
1618478075374,-0.002887
1618478075468,-0.036489
1618478075562,-0.037798
1618478075656,-0.084402
1618478075750,-0.145949
1618478075844,-0.017663
1618478075938,0.038692
1618478076032,0.074574
1618478076126,-0.115092
1618478076220,0.004585
1618478076314,0.260352
1618478076408,0.061911
1618478076502,0.168919
1618478076593,-0.177610
1618478076686,0.043884
1618478076779,0.102180
1618478076872,-0.171276
1618478076965,0.096988
1618478077058,-0.123535
1618478077151,0.038692
1618478077244,-0.047211
1618478077337,-0.085373
1618478077430,0.000363
1618478077523,0.168919
1618478077616,0.042913
1618478077709,-0.037798
1618478077808,0.273016
1618478077902,-0.139448
1618478077996,-0.081152
1618478078090,0.074574
1618478078184,-0.171276
1618478078278,-0.018801
1618478078372,0.047134
1618478078466,-0.152112
1618478078560,0.117123
1618478078654,0.122315
1618478078748,-0.015384
1618478078842,-0.011162
1618478078936,0.074574
1618478079030,0.024720
1618478079124,-0.018634
1618478079218,-0.103566
1618478079312,0.288929
1618478079406,-0.385298
1618478079500,0.007835
1618478079594,0.042913
1618478079688,-0.006941
1618478079782,0.102180
1618478079876,-0.010192
1618478079970,-0.088623
1618478080064,-0.030327
1618478080158,-0.097065
1618478080249,0.444655
1618478080343,-0.002720
1618478080437,0.008972
1618478080531,-0.021884
1618478080625,-0.076931
1618478080719,0.245243
