1610679342413,162.059244942,243.121972388,329.079770723
1610679342507,163.146237682,245.301071426,341.943760589
1610679342601,159.511691987,241.053461971,390.784082746
1610679342695,161.552132196,241.077938074,259.920200700
1610679342789,160.921674401,239.838744711,312.318026877
1610679342883,159.350986412,240.722604315,369.867204240
1610679342977,162.146643780,246.301907494,340.999143872
1610679343071,161.164727094,245.339137086,343.465329643
1610679343165,161.758826684,244.503476850,287.109004872
1610679343256,163.918951747,243.833139360,310.946713789
1610679343350,161.325955201,242.671070521,365.453470631
1610679343444,162.357902605,246.736843245,373.810428264
1610679343538,162.356105822,245.733144061,370.565384651
1610679343632,158.875565999,239.743817587,306.029805367
1610679343726,158.844884807,242.680651718,302.845532615
1610679343820,157.996802181,242.993416389,320.563884364
1610679343914,164.018669567,242.038436558,326.546138344
1610679344008,162.038531088,246.079327089,329.254834353
1610679344102,161.020938651,245.043108105,322.855593912
1610679344196,161.996779650,243.993370004,321.560811681
1610679344290,159.963340221,242.924525528,321.000373111
1610679344384,162.152776694,246.314533823,341.835545054
1610679344477,159.956101692,243.909622977,316.013189059
1610679344571,162.815013601,243.619153434,299.771724996
1610679344665,161.908535413,242.811694405,310.526143704
1610679344759,161.252422296,244.519682341,354.425120662
1610679344853,159.020328268,244.041851460,322.772350456
1610679344947,163.990361522,242.980156480,319.685513207
1610679345041,161.332185497,240.625115889,230.924072058
1610679345135,160.941804545,245.880188277,316.063357365
1610679345229,156.978170899,244.955058651,319.022967235
1610679345323,156.836180117,245.662730663,300.658394934
1610679345417,161.040463963,243.083306457,326.518438090
1610679345511,163.114887206,238.236527648,335.668211522
1610679345605,162.212663672,244.437828022,352.002876022
1610679345694,163.137049520,245.282155009,339.690687491
1610679345788,163.038115643,245.078471779,332.198176357
1610679345882,162.169211035,243.348368541,346.076845449
1610679345976,161.182515134,243.375758772,348.891246166
1610679346070,162.104523561,245.215191168,335.254827135
1610679346164,161.698428386,240.379129956,280.871940591
1610679346258,161.879635640,241.752196088,306.584819242
1610679346352,161.869034607,240.730370879,307.139060171
1610679346446,161.141284293,244.290873482,341.268222036
1610679346540,162.537204935,246.105987555,395.263515108
1610679346634,161.335801209,242.691341300,365.796260176
1610679346728,158.966323861,244.930668189,315.407279076
1610679346822,160.712954511,242.409036071,282.853000062
1610679346915,158.584484569,244.144544538,267.332387487
1610679347009,161.204533937,245.421090675,347.894150288
1610679347103,162.760789081,245.507516997,287.376634748
1610679347197,160.983700435,244.966442758,320.777080323
1610679347291,161.236480852,245.486862392,361.251041242
1610679347385,156.556541888,243.087016666,264.521590415
1610679347479,159.330894014,242.681238459,365.127021482
1610679347573,159.941567228,244.879699694,313.030992325
1610679347667,161.099280754,244.204397375,333.539818005
1610679347761,161.109289075,243.225002319,339.904743510
1610679347855,163.203563093,246.419091920,348.761747518
1610679347949,160.996453809,243.992699168,324.516373755
1610679348043,160.838063077,242.666607266,297.915191252
1610679348132,163.223190786,242.459501050,353.438554193
1610679348226,163.488812117,244.006357318,391.663747057
1610679348320,163.892064677,246.777784759,305.279879857
1610679348414,161.935446024,242.867097472,314.196188132
1610679348508,160.717328378,244.418040908,282.449504044
1610679348602,160.845542496,245.682005756,301.935227628
1610679348696,161.081522196,243.167836384,333.117922113
1610679348790,165.231189863,246.475969401,359.529460969
1610679348884,162.135942348,243.279875585,341.539692501
1610679348978,160.818032779,243.625369260,295.183477645
1610679349072,160.009663481,245.019894996,321.317896716
1610679349166,160.803544558,241.595541181,288.207587486
1610679349260,162.529244707,244.030817735,254.798825917
1610679349350,160.796584878,245.581212721,287.258432735
1610679349444,161.954887028,247.907122251,303.847534393
1610679349538,163.280752277,247.578007580,328.288737435
1610679349632,157.788552918,240.564676669,256.163041311
1610679349726,161.988277605,242.975866151,250.401310559
1610679349820,161.043337433,244.089222303,323.910319228
1610679349914,161.790603308,242.568897975,333.442671647
1610679350008,159.893734821,241.781223220,319.507652517
1610679350102,158.976421812,243.951457664,661.784428398
1610679350196,157.613861406,244.205025026,576.338773559
1610679350290,158.356101979,244.733136149,842.564860525
1610679350384,156.799574142,241.587366962,625.666105781
1610679350478,156.753896645,238.493326977,397.436650655
1610679350569,154.973616714,243.945682580,273.401871674
1610679350663,156.984899598,245.968911573,278.940621097
1610679350757,153.936980710,243.870257054,286.405487102
1610679350851,153.859364605,245.710462458,284.820274158
1610679350945,146.996503719,239.992801922,313.523180463
1610679351039,104.920534160,247.836397203,304.162521814
1610679351133,31.053041555,330.109200969,325.233758484
1610679351227,-16.332625876,354.315196017,278.636788865
1610679351321,79.948155730,461.893263979,312.929526161
1610679351415,-16.843658005,364.321873999,343.321777506
1610679351509,-79.712172302,498.592574325,360.253676816
1610679351603,158.063040016,248.129785616,331.597339429
1610679351697,238.030134560,-32.937959526,323.109723622
1610679351788,129.095713241,122.197052646,338.053283867
1610679351882,134.169968746,185.349928502,348.180181371
1610679351976,137.079899348,219.164495295,331.896599600
1610679352070,143.685196110,230.351887591,280.067334938
1610679352164,151.887712045,236.768823641,304.686271934
1610679352258,154.022922883,241.047193207,326.126201738
1610679352352,153.177422281,246.365273701,346.196687576
1610679352446,158.117058657,241.240998191,337.964351991
1610679352540,159.857661195,242.706955509,300.587964631
1610679352634,160.180608817,242.371834082,348.631264373
1610679352728,160.774232044,244.535193121,297.209973754
1610679352822,157.820155643,244.629739775,299.472991976
1610679352916,162.297424265,242.612331559,365.562447767
1610679353009,159.985213158,242.969557124,317.983384076
1610679353103,160.982010716,243.962963996,318.546638015
1610679353197,161.949199941,241.895413781,319.071934645
1610679353291,157.169242901,245.348434145,345.081191246
1610679353385,158.770266736,245.527029417,293.669188642
1610679353479,164.236811331,241.487542775,356.296111557
1610679353573,159.821550673,243.632611835,299.663244822
1610679353667,164.468521636,241.964583654,387.896550039
1610679353761,161.830623839,241.651291503,297.900634939
1610679353855,163.873434708,242.739429724,304.739141780
1610679353949,161.278257556,244.572871495,361.948509694
1610679354043,160.723799807,244.431364166,285.332071625
1610679354137,162.729715276,241.443542824,287.138817844
1610679354228,164.875210899,241.743086513,310.981377118
1610679354322,163.950986882,244.899092701,316.315635999
1610679354416,162.852233264,243.695780585,301.847708392
1610679354510,160.643764825,238.266589629,274.416974302
1610679354604,158.872669582,244.737854498,305.634794686
1610679354698,161.437978500,238.842920561,246.352024503
1610679354792,163.058326853,245.120082243,328.954562568
1610679354886,162.878883469,246.750647532,308.482238830
1610679354980,165.270156182,243.556192535,360.843651673
1610679355074,162.660027372,243.300070659,277.634845492
1610679355168,161.177333546,245.365091014,347.184585928
1610679355262,159.959662067,241.916953012,316.498749770
1610679355356,162.791362493,243.570460971,292.546208644
1610679355444,161.903184778,244.800678617,307.796429018
1610679355538,161.231960380,244.477555728,352.634543386
1610679355632,160.876636460,244.746021432,307.175793809
1610679355726,159.794606577,240.577139831,292.988633833
1610679355820,160.972710966,248.943817843,321.278346613
1610679355914,162.721470383,241.426568390,284.014386848
1610679356008,161.969133386,244.936452388,320.790439570
1610679356102,164.060540473,244.124639602,330.256453986
1610679356196,161.114230133,245.235174879,337.578600496
1610679356290,160.738808744,245.462264288,286.378976658
1610679356384,161.859727189,240.711208938,302.869722950
1610679356478,158.683969753,244.349362790,280.900085499
1610679356572,161.023934644,246.049276202,325.264184785
1610679356665,158.058805669,244.121068021,332.019863138
1610679356759,160.279953098,245.576362246,360.179746174
1610679356853,161.274793119,245.565738976,360.476032907
1610679356947,164.013091744,243.026953039,326.785439997
1610679357041,158.245470834,243.505370799,355.477086627
1610679357135,158.076685277,245.157878226,331.458267594
1610679357229,163.997759400,244.995387093,321.694428973
1610679357323,160.030427906,250.062644408,327.149729796
1610679357417,159.966559059,243.931152410,317.439355143
1610679357511,158.990888945,243.981242328,320.757442655
1610679357605,162.268058659,245.551874195,361.557593484
1610679357699,161.967876316,243.933864356,317.619001561
1610679357793,165.383991239,243.790554040,381.368372150
1610679357884,159.887728977,240.768858501,307.688581161
1610679357978,161.199447831,243.410619494,350.200511796
1610679358072,162.012783791,242.026319031,323.743441604
1610679358166,161.871774623,244.736011972,306.512740945
1610679358260,161.806774694,244.602191325,294.648110436
1610679358354,161.044199909,242.090997952,329.027942888
1610679358448,162.946655075,244.890174458,314.724868207
1610679358542,157.942954101,243.882554960,316.220132684
1610679358636,159.721062298,244.425728234,282.958732695
1610679358730,163.424413111,243.873773840,377.881069903
1610679358824,161.233733514,248.481206224,352.876361813
1610679358918,161.015451672,242.031811615,327.107284763
1610679359012,160.221054120,244.455102123,352.147157713
1610679359103,160.920779810,241.836902942,309.196023269
1610679359197,163.088196180,240.181576659,336.028113901
1610679359291,160.998471937,243.996854052,321.791604133
1610679359385,161.172188525,245.354498541,347.482912696
1610679359479,163.161780033,241.333069731,345.063412151
1610679359573,161.245526194,244.505484773,353.484636556
1610679359667,160.044392780,241.091395032,335.054246546
