1618476517149,-0.085401
1618476517241,0.025426
1618476517333,-0.003310
1618476517425,-0.005642
1618476517517,0.072331
1618476517609,-0.081284
1618476517701,-0.058997
1618476517793,-0.047288
1618476517885,-0.005642
1618476517983,-0.031451
1618476518077,0.020714
1618476518171,-0.041422
1618476518265,-0.003310
1618476518359,-0.026144
1618476518453,-0.024407
1618476518547,-0.031451
1618476518641,-0.053737
1618476518735,0.025426
1618476518829,-0.027929
1618476518923,-0.039043
1618476519017,-0.107092
1618476519111,-0.027929
1618476519200,-0.008570
1618476519295,-0.078356
1618476519390,-0.159852
1618476519485,-0.081284
1618476519580,-0.036711
1618476519675,-0.001525
1618476519770,0.019572
1618476519865,-0.084211
1618476519960,-0.155782
1618476520055,-0.003310
1618476520150,4.188878
1618476520245,0.018977
1618476520340,0.016644
1618476520436,-0.053737
1618476520530,-0.051953
1618476520624,-0.084258
1618476520718,0.015455
1618476520812,-0.076619
1618476520906,-0.086543
1618476521000,0.022499
1618476521094,-0.078951
1618476521188,-0.029713
1618476521282,-0.037305
1618476521376,-4.122072
1618476521470,-0.058997
1618476521564,-0.081284
1618476521655,-0.038506
1618476521750,-0.058402
1618476521845,-0.039090
1618476521940,-0.077761
1618476522035,-0.036711
1618476522130,-0.030856
1618476522225,0.020714
1618476522320,-0.080141
1618476522415,-0.005642
1618476522510,-0.009164
1618476522605,-0.043755
1618476522700,-0.050810
1618476522795,-0.136423
1618476522891,-0.003310
1618476522985,-0.028524
1618476523079,-0.053142
1618476523173,-0.036711
1618476523267,-0.055522
1618476523361,0.019024
1618476523455,-0.094788
1618476523549,-0.032641
1618476523643,-0.049620
1618476523737,-0.033783
1618476523831,-0.027929
1618476523925,-0.054927
1618476524019,-0.028524
1618476524108,-0.061924
1618476524202,-0.000383
1618476524296,-0.080094
1618476524390,-0.009759
1618476524484,-0.042565
1618476524578,-0.080689
1618476524672,-0.080689
1618476524766,3.846230
1618476524860,-0.084806
1618476524954,-0.091266
1618476525048,-0.076619
1618476525142,-0.078951
1618476525236,-0.109425
1618476525325,-0.055475
1618476525419,-0.057854
1618476525513,-0.008570
1618476525607,-0.002120
1618476525701,-0.004500
1618476525795,-0.058997
1618476525889,-0.103570
1618476525983,-0.033783
1618476526077,-0.030856
1618476526171,-0.006237
1618476526265,0.016644
1618476526359,-0.053142
1618476526453,-0.117075
1618476526544,-0.053142
1618476526638,-0.077761
1618476526732,-0.027334
1618476526826,0.025426
1618476526920,0.014312
1618476527014,-0.019147
1618476527108,-0.058402
1618476527202,-0.053142
1618476527296,-0.051358
1618476527390,-0.147548
1618476527484,-0.009164
1618476527578,-0.051358
1618476527672,-0.005642
1618476527766,-0.003858
1618476527860,-0.101191
1618476527954,-0.145169
1618476528048,-0.005595
1618476528142,-0.021479
1618476528236,-0.012092
1618476528330,-0.025549
1618476528424,0.024878
1618476528518,0.024330
1618476528612,-0.027882
1618476528706,-0.008522
1618476528800,-0.098811
1618476528894,-0.031310
1618476528982,-0.018912
1618476529076,-0.044125
1618476529170,-0.051681
1618476529264,-0.030444
1618476529358,-0.064951
1618476529452,-0.123801
1618476529546,-0.025779
1618476529640,0.048031
1618476529734,-0.019235
1618476529828,-0.009441
1618476529922,-0.012055
1618476530016,-0.060375
1618476530110,-0.032876
1618476530201,-0.035709
1618476530295,-0.012055
1618476530389,-0.017268
1618476530483,-0.006013
1618476530577,-0.043447
1618476530671,0.038237
1618476530765,0.026193
1618476530859,0.105592
1618476530953,-0.087342
1618476531047,-0.080841
1618476531141,-0.147329
1618476531235,-0.089675
1618476531329,-0.108534
1618476531424,-0.129583
1618476531518,-0.027549
1618476531612,-0.351128
1618476531706,-0.778968
1618476531800,-0.576032
1618476531894,-1.501071
1618476531988,-0.826702
1618476532082,-0.939551
1618476532176,-3.463387
1618476532270,-8.893697
1618476532364,-3.406219
1618476532458,-0.761817
1618476532552,1.011312
1618476532642,2.058970
1618476532737,1.230848
1618476532832,1.370959
1618476532927,1.416584
1618476533022,-0.435972
1618476533117,-2.632029
1618476533212,-6.751544
1618476533307,-6.458629
1618476533402,-5.677666
1618476533497,-5.248115
1618476533592,-4.037248
1618476533687,-3.454347
1618476533782,-2.610515
1618476533876,-1.411379
1618476533970,-0.901902
1618476534064,-0.558354
1618476534158,-0.353180
1618476534252,-0.247671
1618476534346,-0.129252
1618476534440,-0.050684
1618476534534,-0.054811
1618476534628,-0.072433
1618476534722,-0.110556
1618476534816,0.017250
1618476534910,0.020772
1618476535004,0.004935
1618476535095,0.051246
1618476535190,-0.049015
1618476535285,-0.000920
1618476535380,-0.001514
1618476535475,0.016644
1618476535570,0.006125
1618476535665,0.007862
1618476535760,0.058290
1618476535855,-0.064852
1618476535950,0.038884
1618476536045,-0.015019
1618476536140,0.020761
1618476536235,0.021309
1618476536327,-0.012687
1618476536421,0.028353
1618476536515,-0.033783
1618476536609,-0.039638
1618476536703,-0.033188
1618476536797,0.086431
1618476536891,0.010195
1618476536985,-0.036116
1618476537079,-0.040828
1618476537173,0.004935
1618476537267,-0.029666
1618476537361,-0.030261
1618476537455,0.019525
1618476537546,-0.034926
1618476537640,-0.037900
1618476537734,-0.064852
1618476537828,-0.030261
1618476537922,-0.006237
1618476538016,-0.067231
1618476538110,-0.009164
1618476538204,-0.080094
1618476538298,-0.006237
1618476538392,-0.024407
1618476538486,0.018382
1618476538580,-0.088876
1618476538674,-0.101832
1618476538771,0.019525
1618476538864,-0.091302
1618476538957,-0.006237
1618476539050,-0.101785
1618476539143,-0.058997
1618476539236,-0.084211
1618476539329,3.698147
1618476539422,-0.005642
1618476539515,-0.060234
1618476539608,-0.056665
1618476539701,-0.002715
1618476539794,-0.102380
1618476539887,-0.000977
1618476539983,-0.042565
1618476540077,4.878533
1618476540171,0.022499
1618476540265,-0.040233
1618476540359,-0.029071
1618476540453,-0.011497
1618476540547,-0.009164
1618476540641,-0.037900
1618476540735,-0.090065
1618476540829,-0.002120
1618476540923,0.015455
1618476541017,-0.035615
1618476541111,0.021904
1618476541202,-0.092993
1618476541296,-0.000383
1618476541390,-0.025596
1618476541484,4.910580
1618476541578,0.022499
1618476541672,-0.068979
1618476541766,0.025426
1618476541860,-0.030856
1618476541954,0.011932
1618476542048,-5.249286
1618476542142,-0.067184
1618476542236,0.017239
1618476542330,-0.008570
1618476542419,-0.002715
1618476542513,-0.039685
1618476542607,-0.033783
1618476542701,-0.036711
