1610679794928,0.144316
1610679795022,-1.905114
1610679795116,0.839090
1610679795210,1.052535
1610679795304,-1.825637
1610679795398,0.328392
1610679795492,1.494650
1610679795586,-1.564508
1610679795676,-0.135521
1610679795770,1.641266
1610679795864,-0.941337
1610679795958,-0.986831
1610679796052,1.641823
1610679796146,-0.352103
1610679796240,-1.269337
1610679796334,1.700753
1610679796428,-0.418510
1610679796522,-1.701568
1610679796616,1.325555
1610679796710,0.450946
1610679796804,-1.621509
1610679796894,1.009280
1610679796989,0.927081
1610679797084,-1.758408
1610679797179,0.239025
1610679797274,1.666751
1610679797369,-1.553422
1610679797464,-0.385063
1610679797559,1.326275
1610679797654,-0.896391
1610679797749,-0.815951
1610679797844,1.879887
1610679797939,-0.329627
1610679798034,-1.463210
1610679798128,1.621021
1610679798222,-0.069511
1610679798316,-1.540908
1610679798410,0.860816
1610679798504,0.678901
1610679798598,-1.643972
1610679798692,1.505590
1610679798786,1.291183
1610679798880,-1.724980
1610679798974,0.011814
1610679799068,1.437206
1610679799162,-1.075638
1610679799256,-0.407287
1610679799348,1.891710
1610679799443,-0.885273
1610679799538,-1.020001
1610679799633,1.379416
1610679799728,-0.374436
1610679799823,0.133963
1610679799918,1.403880
1610679800013,0.202633
1610679800108,-1.564244
1610679800203,0.859466
1610679800298,0.837217
1610679800393,-1.507032
1610679800488,0.441771
1610679800586,1.312059
1610679800679,-1.622501
1610679800772,-0.000429
1610679800865,1.574497
1610679800958,-1.588185
1610679801051,-0.601936
1610679801144,1.630184
1610679801237,-0.806536
1610679801330,-1.100513
1610679801423,1.526755
1610679801516,-0.231638
1610679801609,-1.649698
1610679801702,1.514383
1610679801800,0.222944
1610679801895,-1.700576
1610679801990,0.895548
1610679802085,-1.327994
1610679802180,-1.802866
1610679802275,0.287246
1610679802370,1.121819
1610679802465,-1.631407
1610679802560,-0.203905
1610679802655,1.381406
1610679802750,-1.408770
1610679802845,-0.878330
1610679802940,1.315907
1610679803035,-1.700237
1610679803129,-2.659102
1610679803223,-2.530029
1610679803317,-3.534098
1610679803411,-2.096707
1610679803505,2.769573
1610679803599,5.101527
1610679803693,-0.185235
1610679803787,3.883359
1610679803881,7.338728
1610679803975,6.461354
1610679804069,-1.464637
1610679804163,0.373613
1610679804257,-1.915181
1610679804350,1.426735
1610679804443,1.073194
1610679804536,-1.329290
1610679804629,-0.966786
1610679804722,1.527129
1610679804815,-0.625675
1610679804908,-1.189351
1610679805001,1.505588
1610679805094,0.031934
1610679805187,-1.655615
1610679805280,1.188951
1610679805373,0.633007
1610679805472,1.462796
1610679805567,0.667747
1610679805662,0.711499
1610679805757,-1.849189
1610679805852,0.431353
1610679805947,1.369696
1610679806042,-1.360711
1610679806137,-0.111784
1610679806232,1.778078
1610679806327,-1.111771
1610679806422,-1.032520
1610679806517,1.699033
1610679806612,-0.681084
1610679806709,-1.428925
1610679806804,1.222227
1610679806899,0.077604
1610679806994,-1.552675
1610679807089,1.120733
1610679807184,0.553134
1610679807279,-1.712128
1610679807374,0.646153
1610679807469,1.598986
1610679807564,-1.438362
1610679807659,-0.295667
1610679807754,-1.551972
1610679807849,-1.132892
1610679807943,-0.520515
1610679808037,1.995291
1610679808131,-0.873606
1610679808225,-0.918105
1610679808319,1.632057
1610679808413,-0.125760
1610679808507,-1.427590
1610679808601,1.485349
1610679808695,0.337580
1610679808789,-1.506009
1610679808883,-0.815345
1610679808977,0.882220
1610679809071,-1.973508
1610679809159,0.340388
1610679809253,1.563572
1610679809347,-1.609813
1610679809441,-0.384772
1610679809535,1.289549
1610679809629,-0.782634
1610679809723,-0.780916
1610679809817,1.574837
1610679809911,-0.408537
1610679810005,0.873540
1610679810099,1.587104
1610679810193,0.077177
1610679810287,-1.472187
1610679810379,1.246841
1610679810474,0.917718
1610679810569,-1.917043
1610679810664,0.623442
1610679810759,1.098767
1610679810854,-1.530305
1610679810949,0.171366
1610679811044,1.471913
1610679811139,1.733231
1610679811234,-0.623533
1610679811329,1.825484
1610679811424,-0.840411
1610679811519,-0.927947
1610679811615,1.779131
1610679811710,-0.081148
1610679811805,-1.280224
1610679811900,1.359226
1610679811995,0.269967
1610679812090,-1.689480
1610679812185,0.781614
1610679812280,0.667531
1610679812375,-1.495252
1610679812470,0.226896
1610679812565,1.415516
1610679812660,-1.406329
1610679812755,-0.488208
1610679812849,1.551219
1610679812943,-1.088789
1610679813037,-0.667968
1610679813131,1.882060
1610679813225,-0.375426
1610679813319,-1.701482
