1610679808037,181.285587150,190.601520209,416.873637851
1610679808131,124.768040643,223.272398218,417.191190630
1610679808225,160.817330074,205.255903865,418.011844531
1610679808319,138.516776290,216.361403510,418.116581398
1610679808413,162.469459946,203.702087841,418.959466042
1610679808507,166.184971715,201.290383815,416.955583228
1610679808601,171.078671637,193.049956748,422.934453579
1610679808695,153.487262727,207.747415866,417.035342183
1610679808789,152.203135627,204.760106067,417.026030784
1610679808883,188.021889891,187.027057141,417.858788963
1610679808977,173.011617879,196.513141366,416.929390830
1610679809071,122.702393223,225.036365548,419.207826749
1610679809159,149.862728432,208.983761534,417.065864421
1610679809253,151.920423848,209.922777853,419.027564955
1610679809347,140.952599177,213.384437964,417.097936476
1610679809441,102.867724521,234.873795858,419.310035433
1610679809535,182.366572298,191.130319498,419.878625000
1610679809629,188.912682168,189.514497065,416.853954967
1610679809723,175.367762691,192.157420402,416.916604915
1610679809817,124.728524445,223.295135758,420.191405070
1610679809911,114.201961169,230.776701016,417.243102156
1610679810005,132.792096221,215.504576894,417.136793840
1610679810099,141.085675480,214.157070169,416.086361071
1610679810193,196.231954270,187.727604709,416.808809397
1610679810287,122.223847075,223.736322055,424.204997015
1610679810379,164.963552713,199.993185841,414.962211411
1610679810474,163.527454628,199.394911756,421.975431202
1610679810569,173.492170002,196.812030625,418.932209678
1610679810664,159.698277265,203.173610652,420.001637336
1610679810759,161.149623753,201.489304774,414.004614673
1610679810854,195.409995754,181.474364041,417.796989983
1610679810949,150.261097101,207.452949089,421.041996124
1610679811044,147.203100130,212.938708304,418.074870601
1610679811139,166.129598536,202.623837347,420.977590217
1610679811234,158.888638676,205.639475060,418.006030941
1610679811329,170.608168675,194.169887244,416.926153572
1610679811424,174.581030800,197.185502322,417.926300839
1610679811519,195.792264974,181.405203062,418.805768801
1610679811615,146.774901904,211.458898761,417.060914398
1610679811710,190.127041883,187.664960981,420.836511842
1610679811805,240.130623665,156.893001070,419.565161157
1610679811900,170.001779056,198.244996543,417.945724096
1610679811995,111.242078765,232.055209349,419.264590953
1610679812090,187.945113711,186.920438042,423.848352348
1610679812185,163.795984056,199.665002487,416.968547368
1610679812280,220.315852389,170.718982442,418.667261864
1610679812375,143.524100658,213.480199187,418.089408527
1610679812470,97.274668724,239.790436945,418.318680349
1610679812565,118.429244159,228.919728905,420.225588902
1610679812660,150.407679202,213.094799983,418.057480553
1610679812755,179.129704128,194.842010943,416.885337020
1610679812849,149.432283281,210.656040824,420.062773660
1610679812943,150.787041890,209.301117479,417.049995269
1610679813037,150.054965179,208.722352939,414.053967974
1610679813131,177.047202617,191.464880125,414.891211350
1610679813225,155.184315972,209.770934858,419.026132911
1610679813319,150.833019360,208.850060115,423.055172391
1610679813413,212.582382460,171.018009453,416.698375255
1610679813507,164.136233756,197.469223497,419.966700961
1610679813601,133.663780690,215.153807371,420.142916785
1610679813695,155.908282631,203.929763885,422.027630841
1610679813789,148.129034952,209.104335362,415.048139400
1610679813883,197.151319918,181.047807615,416.792967095
1610679813977,126.451918442,219.152702377,418.171199607
1610679814068,156.061997791,207.992112451,419.037649936
1610679814162,131.444269322,220.280113769,422.144107991
1610679814256,201.755139861,181.247982964,416.757130640
1610679814350,174.955019462,195.545707981,416.929697968
1610679814444,151.748128255,209.748110327,417.044779813
1610679814538,161.779206693,203.127044023,417.001198162
1610679814632,175.235416552,193.233572103,418.917323108
1610679814726,123.853725023,225.949289536,418.207005528
1610679814820,128.912404105,220.887739857,419.168700724
1610679814914,155.750692929,204.595838660,420.033912646
1610679815008,141.619940801,214.575848921,419.099741688
1610679815102,169.997294432,197.973770924,421.962028307
1610679815196,210.242379911,175.090636128,416.727353447
1610679815286,160.995062363,203.002841106,417.000026795
1610679815381,163.680744860,199.306708866,418.974599353
1610679815476,120.617521961,219.934404342,418.197434064
1610679815571,157.408045982,206.066803083,418.019492187
1610679815666,149.249497403,210.761215449,415.063765571
1610679815761,176.487372757,196.787005095,417.894249336
1610679815856,168.951327893,197.575617957,415.967704375
1610679815951,173.909776915,198.147138430,415.935370107
1610679816046,171.909343347,198.298183863,417.946225710
1610679816141,177.044945144,193.343168967,418.918356725
1610679816236,175.353954239,193.740763737,416.922106473
1610679816331,142.741026232,213.081574588,419.104511228
1610679816426,145.882181510,215.274160189,418.087465356
1610679816521,135.046743295,220.508849441,417.146265216
1610679816616,174.223050832,198.117677210,416.944523337
1610679816711,211.624789913,176.473782020,416.768691251
1610679816806,167.939552871,201.185577114,419.011181274
1610679816901,166.726777943,202.184997274,417.039469048
1610679816996,218.939848369,173.744885896,417.799541296
1610679817091,181.328043042,188.291418427,425.068765958
1610679817186,217.335435793,159.410174756,423.041592716
1610679817281,367.297283479,55.443994207,420.862721130
1610679817376,598.076021625,-213.127100253,417.885628335
1610679817471,-59.384319771,-138.957444993,420.953245935
1610679817566,-143.936757942,350.427865209,420.853137935
1610679817661,-96.247494114,-30.841673219,420.218408057
1610679817756,-35.985625870,374.785361487,421.913095997
1610679817850,273.294801796,366.020820141,424.868161222
1610679817944,185.389285634,251.887149251,426.149832992
1610679818038,140.182889844,239.513868555,418.259485524
1610679818132,142.884862952,226.478984959,390.174276805
1610679818226,166.309842949,206.274104869,300.030878348
1610679818320,162.762186694,209.438429212,392.022997024
1610679818414,118.083210657,229.995825779,270.254599821
1610679818508,159.987944367,205.034722641,841.038051796
1610679818602,185.296192053,187.595418169,394.873580302
1610679818696,190.880788345,187.382052748,593.843274793
1610679818790,154.560228938,206.280829235,506.040372847
1610679818884,153.396330402,210.101330059,455.057542138
1610679818972,168.221995094,200.570672555,434.977088816
1610679819066,185.466766251,189.497270120,425.872654660
1610679819160,145.601749214,211.435520365,425.088987157
1610679819254,171.317213152,196.488098422,422.938585729
1610679819348,178.467351904,193.949321012,420.905211232
1610679819442,166.062345643,201.237932505,424.983381799
1610679819536,178.719710279,192.954910471,417.914695028
1610679819630,183.900492500,189.398500872,417.881154241
1610679819724,139.882683469,215.726259238,421.120022382
1610679819818,155.092062523,205.974813265,419.037486786
1610679819912,238.721402377,157.854660110,417.583661722
1610679820006,198.723040197,179.869636880,421.800717833
1610679820100,136.737753158,218.535845783,416.137088740
1610679820193,147.494679135,213.469342418,418.051581812
1610679820287,162.061513189,203.813809477,419.988812941
1610679820381,153.316637664,207.270195203,422.030841476
1610679820475,148.791112344,210.024969286,421.066253055
1610679820569,143.419420673,215.266625776,420.106256461
1610679820663,133.987651815,217.967452580,419.141159258
1610679820757,130.836342938,219.356107319,417.163686855
1610679820851,141.679090778,216.117212123,421.104847328
1610679820945,134.840204782,215.901497347,420.131106148
1610679821039,228.980443580,169.034986096,425.641948877
1610679821133,148.391493271,209.679511314,419.062995012
1610679821227,158.443899254,205.196969142,419.030150875
1610679821321,172.387099795,196.447885789,418.938206480
1610679821410,155.650074599,204.653734244,417.034458664
1610679821504,139.580943369,214.050675840,419.132513062
1610679821598,139.731353965,217.237935949,420.115416966
1610679821692,169.329935011,200.480778290,419.938516692
1610679821786,150.061324525,209.718693784,420.053933465
1610679821880,192.735383334,184.314922539,418.833210601
1610679821974,208.518133087,178.233560225,421.747563537
1610679822068,136.679419088,217.418615131,419.126552047
1610679822162,174.047080008,195.492736529,418.929198390
1610679822256,161.263796262,202.423610143,418.003995102
1610679822350,167.846046064,199.060798929,420.962849075
1610679822444,177.793166618,195.912643843,417.914296408
1610679822538,150.433911774,207.504307834,424.051911573
1610679822629,143.233816145,212.373422247,419.107263667
1610679822723,166.620238991,199.341523821,420.974927696
1610679822817,157.020410606,207.289847695,418.021595739
1610679822911,198.365354639,181.075448427,419.802658858
1610679823005,122.311525602,226.261269987,417.209947841
1610679823099,133.715512047,219.124041253,418.142636059
1610679823193,192.770788874,189.869948242,418.838445094
1610679823287,149.434689152,212.805452449,421.073613855
1610679823381,137.485986535,216.680711789,422.138454983
1610679823475,147.563281858,213.033052383,419.094622530
1610679823569,197.837763455,182.379023329,420.805521898
1610679823663,138.635321406,213.868590869,420.121364723
1610679823757,178.474547634,194.068190708,418.878039059
1610679823849,171.581375606,198.911497859,418.942578843
1610679823943,162.415618893,203.760853729,417.997744592
1610679824037,176.042636814,198.646089092,419.940075751
1610679824131,154.237205611,204.466696205,420.042125774
1610679824225,160.340089325,202.804313290,416.998154463
1610679824319,189.748129709,189.033782238,419.849421306
1610679824413,161.654473798,205.623417099,420.996448416
1610679824507,151.534476342,209.021841164,420.056792472
1610679824601,130.308612827,217.659762159,419.166550648
1610679824695,172.307362446,195.767572560,420.922359310
1610679824789,157.664213618,206.070200702,419.028955312
1610679824883,168.856177727,198.904173232,418.951940845
1610679824977,139.332189603,216.892216337,417.112156456
1610679825066,176.600834778,192.447913216,416.909913495
1610679825160,171.426026836,197.576283207,419.948848487
1610679825254,167.610347252,199.593235716,417.920715125
1610679825348,132.996490552,218.113162748,420.151964544
1610679825442,172.757207219,196.810324704,416.941624671
1610679825536,138.437601212,212.982358669,421.122437677
1610679825630,172.330598695,195.055794387,417.943939715
1610679825724,145.057923312,215.597640732,417.081085046
1610679825818,144.893126089,212.843260679,418.092832589
1610679825912,173.717541605,196.682352260,417.930986671
1610679826006,188.702590171,187.210781555,420.860521682
1610679826100,199.644475895,181.764046662,420.790290922
1610679826194,138.389578872,217.434592647,421.117271651
1610679826286,193.490804293,185.455652825,418.834537840
1610679826380,145.171606523,210.532227641,418.080468130
1610679826474,166.746551039,197.268844124,419.974242248
1610679826568,134.335610415,218.918033863,419.150124267
1610679826662,144.047618741,214.480559857,420.108274090
1610679826756,152.723666514,209.762185563,420.044912558
1610679826850,165.387232613,201.050993199,422.981618759
nan,nan,nan,nan
