1610679838473	-124	-34	557
1610679838567	-127	-36	559
1610679838661	-121	-36	560
1610679838755	-124	-29	565
1610679838849	-116	-35	563
1610679838943	-123	-36	574
1610679839037	-120	-31	571
1610679839131	-116	-39	570
1610679839225	-113	-37	572
1610679839319	-107	-36	570
1610679839413	-114	-35	572
1610679839507	-109	-35	573
1610679839596	-105	-37	574
1610679839691	-105	-34	573
1610679839786	-110	-37	571
1610679839881	-103	-35	580
1610679839976	-106	-39	579
1610679840071	-102	-36	579
1610679840166	-104	-34	573
1610679840261	-108	-35	574
1610679840356	-104	-42	571
1610679840451	-105	-39	572
1610679840546	-104	-38	572
1610679840641	-102	-38	578
1610679840736	-103	-41	582
1610679840829	-105	-42	585
1610679840923	-103	-43	590
1610679841017	-101	-41	587
1610679841111	-100	-39	593
1610679841205	-104	-43	595
1610679841299	-101	-45	595
1610679841393	-106	-41	595
1610679841487	-101	-41	592
1610679841581	-102	-41	593
1610679841675	-109	-38	591
1610679841769	-109	-39	590
1610679841863	-109	-35	590
1610679841957	-112	-34	592
1610679842049	-116	-36	598
1610679842143	-117	-31	604
1610679842237	-114	-33	613
1610679842331	-117	-37	623
1610679842425	-116	-39	629
1610679842519	-121	-36	639
1610679842613	-119	-38	643
1610679842707	-119	-35	653
1610679842801	-115	-34	658
1610679842895	-102	-34	662
1610679842989	-97	-34	669
1610679843083	-95	-33	666
1610679843177	-96	-33	674
1610679843268	-90	-36	667
1610679843363	-94	-35	667
1610679843458	-93	-35	667
1610679843553	-93	-35	661
1610679843648	-91	-31	660
1610679843743	-87	-35	655
1610679843838	-90	-31	648
1610679843933	-93	-34	644
1610679844028	-88	-29	635
1610679844123	-88	-29	633
1610679844218	-88	-30	628
1610679844313	-88	-29	624
1610679844408	-88	-28	624
1610679844504	-89	-28	617
1610679844599	-86	-29	613
1610679844694	-84	-31	612
1610679844789	-80	-26	548
1610679844884	-83	-28	475
1610679844979	-79	-26	568
1610679845074	-76	-26	425
1610679845169	-76	-26	1003
1610679845264	-78	-18	676
1610679845359	-65	-23	762
1610679845454	-63	-28	671
1610679845549	-46	-42	634
1610679845644	-8	-84	615
1610679845737	141	-192	614
1610679845831	-3	-759	607
1610679845925	-346	74	600
1610679846019	49	388	599
1610679846113	-395	162	589
1610679846207	-166	375	586
1610679846301	-3	72	585
1610679846395	-49	1	584
1610679846489	-72	-12	584
1610679846583	-75	-16	580
1610679846677	-82	-18	584
1610679846771	-84	-20	588
1610679846865	-87	-17	581
1610679846957	-88	-17	580
1610679847051	-91	-12	586
1610679847145	-87	-19	583
1610679847239	-90	-15	586
1610679847333	-87	-18	587
1610679847427	-90	-17	583
1610679847521	-92	-15	578
1610679847615	-90	-19	572
1610679847709	-90	-18	576
1610679847803	-92	-14	567
1610679847897	-91	-14	568
1610679847991	-88	-12	558
1610679848085	-84	-11	553
1610679848175	-89	-10	551
1610679848270	-93	-14	554
1610679848365	-92	-13	565
1610679848460	-91	-7	564
1610679848555	-88	-4	568
1610679848650	-91	-14	565
1610679848745	-90	-8	570
1610679848840	-90	-8	575
1610679848935	-92	-12	584
1610679849030	-94	-8	581
1610679849125	-91	-10	588
1610679849220	-83	-12	590
1610679849315	-75	-15	596
1610679849412	-74	-14	596
1610679849507	-70	-15	598
1610679849602	-73	-16	600
1610679849697	-71	-21	607
1610679849792	-69	-20	604
1610679849887	-74	-22	607
1610679849982	-69	-21	608
1610679850077	-64	-20	603
1610679850172	-71	-27	606
1610679850267	-70	-20	604
1610679850362	-62	-28	607
1610679850457	-60	-34	613
1610679850552	-61	-28	609
1610679850643	-65	-34	615
1610679850737	-67	-36	617
1610679850831	-68	-32	618
1610679850925	-69	-41	622
1610679851019	-72	-39	620
1610679851113	-71	-38	618
1610679851207	-74	-42	615
