1618477379776,-1.186584
1618477379870,1.611673
1618477379964,-0.123670
1618477380058,-0.950364
1618477380152,1.196262
1618477380246,0.444459
1618477380336,-1.510880
1618477380431,0.471812
1618477380526,0.895836
1618477380621,-1.177389
1618477380716,0.067941
1618477380811,1.566125
1618477380906,-0.903702
1618477381001,-0.353121
1618477381096,1.976766
1618477381191,0.043408
1618477381286,-1.143884
1618477381381,1.424295
1618477381476,0.088091
1618477381568,-1.850791
1618477381662,1.135015
1618477381756,0.196955
1618477381850,-1.480273
1618477381944,0.233068
1618477382038,1.386447
1618477382132,-1.004353
1618477382226,-0.203480
1618477382320,0.800959
1618477382414,-0.812691
1618477382508,-0.874277
1618477382602,1.679749
1618477382696,-0.082154
1618477382786,-1.362490
1618477382881,1.594691
1618477382976,0.489009
1618477383071,-1.829877
1618477383166,0.892479
1618477383261,1.157626
1618477383356,-1.402059
1618477383451,1.708738
1618477383546,1.571759
1618477383641,-1.007565
1618477383736,-0.767296
1618477383831,1.609900
1618477383926,-0.147713
1618477384016,-1.333874
1618477384110,1.291514
1618477384204,0.289070
1618477384298,-1.236867
1618477384392,0.610447
1618477384486,1.406242
1618477384580,1.686003
1618477384674,-0.116692
1618477384768,1.591859
1618477384862,-1.263272
1618477384956,-0.989420
1618477385050,1.108088
1618477385144,-0.326379
1618477385235,-1.198211
1618477385329,1.358500
1618477385423,0.422898
1618477385517,-1.518640
1618477385611,0.753933
1618477385705,0.721969
1618477385799,-1.744579
1618477385893,0.112250
1618477385987,1.376254
1618477386081,-1.230605
1618477386175,-0.556000
1618477386269,1.726326
1618477386363,-0.470242
1618477386452,-1.042388
1618477386547,1.386394
1618477386642,-0.197599
1618477386737,-2.156702
1618477386832,-1.264212
1618477386927,-3.212300
1618477387022,-6.465318
1618477387117,-7.979331
1618477387212,-6.859760
1618477387307,-2.829379
1618477387402,0.662571
1618477387497,1.095994
1618477387592,-6.023171
1618477387690,-2.198957
1618477387785,-0.017172
1618477387880,0.021878
1618477387975,-0.985508
1618477388070,0.962618
1618477388165,0.723176
1618477388260,-1.952987
1618477388355,0.614077
1618477388450,1.370312
1618477388545,-1.572546
1618477388640,-0.436931
1618477388735,1.591633
1618477388830,-0.757047
1618477388920,-0.602157
1618477389014,1.760149
1618477389108,-1.747564
1618477389202,-1.281088
1618477389296,1.253304
1618477389390,0.678649
1618477389484,-1.761377
1618477389578,0.722631
1618477389672,1.251532
1618477389766,-1.333583
1618477389860,-0.076365
1618477389954,1.802623
1618477390048,-0.994393
1618477390140,-0.450393
1618477390234,-1.685950
1618477390328,-0.104993
1618477390422,-1.535024
1618477390516,1.188036
1618477390610,0.326474
1618477390704,-1.655764
1618477390798,0.700858
1618477390892,0.991027
1618477390986,-1.320570
1618477391080,0.009680
1618477391174,1.478398
1618477391268,-1.134527
1618477391359,-0.394714
1618477391454,1.441686
1618477391549,-0.377069
1618477391644,-1.149951
1618477391739,1.481850
1618477391834,0.227922
1618477391929,-1.602429
1618477392024,1.068472
1618477392119,0.854606
1618477392214,-1.196677
1618477392309,0.168191
1618477392404,1.303003
1618477392499,0.323319
1618477392593,-0.200092
1618477392687,1.365394
1618477392781,-0.311335
1618477392875,-1.051945
1618477392969,1.958275
1618477393063,-0.098843
1618477393157,-1.581657
1618477393251,1.232059
1618477393345,0.728045
1618477393439,-2.042887
1618477393533,0.261813
1618477393627,1.242919
1618477393721,-1.352206
1618477393812,-0.124640
1618477393906,2.015073
1618477394000,-0.450930
1618477394094,-1.047535
1618477394188,1.620286
1618477394282,-0.277794
1618477394376,-1.314406
1618477394470,1.373787
1618477394564,0.482765
1618477394658,-1.715479
1618477394752,1.601490
1618477394846,1.111811
1618477394940,-1.252701
1618477395030,0.044458
1618477395124,1.744236
1618477395218,-0.857369
1618477395312,-0.574350
1618477395406,1.702883
1618477395500,-0.213824
1618477395594,-1.547776
1618477395688,1.050503
1618477395782,0.118311
1618477395876,0.684745
1618477395970,0.918625
1618477396064,0.861868
1618477396158,-1.724493
1618477396249,0.424143
1618477396344,1.532225
1618477396439,-1.718081
1618477396534,-0.314926
1618477396629,1.587316
1618477396724,-0.415043
1618477396819,-0.944351
1618477396914,1.710576
1618477397009,-0.355907
1618477397104,-1.456730
1618477397199,0.875342
1618477397294,0.981804
1618477397389,-1.878832
1618477397483,0.433012
1618477397577,1.022897
1618477397671,-1.293703
1618477397765,-0.483577
1618477397859,1.184010
1618477397953,-0.662566
1618477398047,-1.246308
1618477398141,-1.242245
1618477398235,-0.263147
1618477398329,-1.678107
1618477398423,1.442375
1618477398517,0.401107
1618477398611,-1.786838
1618477398702,0.938788
1618477398796,1.405412
1618477398890,-1.723039
1618477398984,-0.034726
1618477399078,1.199374
1618477399172,-1.140359
1618477399266,-1.266804
1618477399360,1.271527
1618477399454,-0.443080
1618477399548,-1.442133
1618477399642,1.405913
