1618477325532,1.104219
1618477325627,-0.024178
1618477325722,-1.135620
1618477325817,1.909680
1618477325912,-0.321965
1618477326007,-2.062415
1618477326102,1.521468
1618477326197,0.757769
1618477326292,-1.272606
1618477326387,0.818928
1618477326482,1.161643
1618477326573,-1.341826
1618477326667,0.031395
1618477326761,2.005776
1618477326855,-0.935538
1618477326949,-0.346454
1618477327043,1.566377
1618477327137,-0.597173
1618477327231,-0.912933
1618477327325,1.474404
1618477327419,-0.068546
1618477327513,-1.294093
1618477327607,1.907362
1618477327701,0.398179
1618477327794,-1.277653
1618477327888,1.112403
1618477327982,0.902882
1618477328076,-1.707395
1618477328170,1.276249
1618477328264,1.334099
1618477328358,-1.900116
1618477328452,-0.190772
1618477328546,1.714161
1618477328640,-0.132172
1618477328734,-0.192600
1618477328828,2.293561
1618477328922,-0.862604
1618477329011,-0.936339
1618477329106,0.816869
1618477329201,-0.172282
1618477329296,0.344778
1618477329391,1.043329
1618477329486,0.356635
1618477329581,-1.478193
1618477329676,0.213508
1618477329771,0.854601
1618477329866,-0.988106
1618477329961,-0.031559
1618477330056,1.316726
1618477330151,-1.286665
1618477330247,-0.198400
1618477330339,1.938621
1618477330431,-1.126672
1618477330523,-0.585002
1618477330615,1.675768
1618477330707,-0.381915
1618477330799,-0.901082
1618477330891,1.858459
1618477330983,0.206757
1618477331075,-1.899883
1618477331167,1.912571
1618477331259,0.118899
1618477331351,-1.071655
1618477331446,0.943059
1618477331542,-1.436945
1618477331638,-1.273520
1618477331734,0.034631
1618477331830,0.889057
1618477331926,-1.379254
1618477332022,-0.562565
1618477332118,1.858955
1618477332214,-0.490999
1618477332310,-0.584608
1618477332406,2.281997
1618477332502,-0.361414
1618477332598,-0.951110
1618477332696,-0.039201
1618477332790,0.552122
1618477332884,-2.067783
1618477332978,1.717135
1618477333072,1.117896
1618477333166,-1.767048
1618477333260,0.534611
1618477333354,1.319508
1618477333448,-1.979368
1618477333542,0.385842
1618477333636,0.917498
1618477333730,-1.233423
1618477333824,1.461649
1618477333916,1.175825
1618477334009,-0.890014
1618477334102,-1.182371
1618477334195,1.540202
1618477334288,-0.583650
1618477334381,-1.023664
1618477334474,1.227170
1618477334567,-1.211091
1618477334660,-7.549105
1618477334753,-6.118039
1618477334846,-7.103124
1618477334939,-0.029922
1618477335032,1.686983
1618477335124,3.093018
1618477335230,-7.357654
1618477335336,-0.647655
1618477335442,-0.291763
1618477335548,-1.587635
1618477335654,-0.156738
1618477335760,1.985316
1618477335866,-0.722742
1618477335972,-1.449083
1618477336078,1.188751
1618477336184,-0.140012
1618477336290,-1.739508
1618477336396,0.981647
1618477336504,0.117491
1618477336590,-1.497903
1618477336676,0.732315
1618477336762,0.547234
1618477336848,-1.677375
1618477336934,0.391644
1618477337020,1.847680
1618477337106,-1.343638
1618477337192,-0.330792
1618477337278,-1.133497
1618477337364,-0.989499
1618477337450,-0.476711
1618477337536,1.771360
1618477337618,-0.545439
1618477337711,-0.931819
1618477337804,1.673944
1618477337897,-0.014017
1618477337990,-1.331388
1618477338083,1.171068
1618477338176,0.270957
1618477338269,-1.471164
1618477338362,-0.708147
1618477338455,0.939063
1618477338548,-1.627138
1618477338641,0.023953
1618477338734,1.865285
1618477338823,-1.383890
1618477338917,-0.372270
1618477339011,1.076777
1618477339105,-0.161993
1618477339199,-0.909127
1618477339293,1.689130
1618477339387,0.066240
1618477339481,0.520742
1618477339575,1.508031
1618477339669,0.368567
1618477339763,-1.212976
1618477339857,0.896875
1618477339951,1.094639
1618477340041,-2.197616
1618477340152,0.366763
1618477340263,1.566163
1618477340374,-1.552623
1618477340485,0.013195
1618477340596,1.745372
1618477340707,2.058223
1618477340818,-0.784288
1618477340929,2.107975
1618477341040,-0.550647
1618477341151,-0.950502
1618477341262,1.716051
1618477341373,0.004476
1618477341489,-1.538860
1618477341568,0.822662
1618477341647,0.115486
1618477341726,-2.054327
1618477341805,0.537911
1618477341884,0.909416
1618477341963,-0.813037
1618477342042,-0.008379
1618477342121,1.495490
1618477342200,-0.864439
1618477342279,-0.745887
1618477342358,1.620827
1618477342437,-0.783387
1618477342510,-1.032448
1618477342604,1.520903
1618477342698,0.199307
1618477342792,-1.977171
1618477342886,-0.761658
1618477342980,0.744078
1618477343074,-1.536448
1618477343168,0.506064
1618477343262,0.944795
1618477343356,-1.304562
1618477343450,0.529339
1618477343544,1.695725
1618477343638,-0.922008
1618477343732,-0.231068
1618477343826,2.292234
1618477343920,-0.743379
1618477344014,-2.342556
1618477344108,2.223539
1618477344202,-0.001378
1618477344296,-1.925222
1618477344390,nan
