1610679042088,164.008530138,203.991271545,426.501048193
1610679042182,165.008530041,205.991271644,427.501042489
1610679042274,161.008530030,206.991271656,425.501041838
1610679042368,162.008530371,202.991271307,427.501061869
1610679042462,163.008530298,204.991271381,427.501057584
1610679042556,166.008530028,206.991271658,423.501041705
1610679042650,165.008530078,206.991271606,427.501044664
1610679042744,163.008530396,206.991271281,426.501063352
1610679042838,162.008530360,203.991271318,429.501061206
1610679042932,164.008530210,203.991271471,423.501052451
1610679043026,165.008530076,204.991271608,424.501044572
1610679043120,162.008530308,199.991271371,425.501058183
1610679043214,163.008530346,204.991271332,425.501060422
1610679043308,166.008529955,206.991271732,426.501037448
1610679043402,164.008530212,205.991271469,426.501052543
1610679043492,164.008530014,199.991271672,425.501040914
1610679043586,162.008529859,206.991271831,426.501031784
1610679043680,165.008529881,202.991271807,429.501033127
1610679043774,162.008530382,201.991271295,425.501062533
1610679043868,163.008530383,205.991271294,425.501062597
1610679043962,167.008530332,201.991271347,425.501059562
1610679044056,163.008530383,205.991271294,425.501062597
1610679044150,164.008530162,203.991271520,425.501049613
1610679044244,162.008530397,204.991271280,429.501063381
1610679044338,163.008530174,200.991271508,426.501050304
1610679044432,160.008530029,202.991271657,425.501041774
1610679044526,164.896387537,199.036274399,597.129691376
1610679044620,162.008530456,203.991271219,425.501066882
1610679044712,165.008530163,207.991271519,425.501049677
1610679044806,163.008530211,201.991271470,426.501052479
1610679044900,162.008530260,199.991271420,427.501055345
1610679044994,163.008530161,199.991271521,425.501049548
1610679045088,161.008530492,200.991271183,425.501068993
1610679045182,160.008530406,195.991271271,427.501063916
1610679045276,156.008530135,189.991271548,425.501048042
1610679045370,-39.991469988,-0.008728326,425.501040773
1610679045464,-66.991469830,7.991271512,425.501050093
1610679045558,133.008530277,324.991271402,426.501056377
1610679045652,180.008530093,229.991271591,427.501045566
1610679045746,261.008529986,213.991271701,424.501039261
1610679045840,165.438285445,175.644520795,215.789944278
1610679045929,185.008530168,546.991271514,426.501049953
1610679046023,326.008530307,351.991271372,425.501058112
1610679046117,247.008530498,193.991271176,429.501069355
1610679046211,194.008529918,192.991271770,434.501035295
1610679046305,179.008530479,195.991271196,450.501068230
1610679046399,171.008529877,197.991271812,555.501032854
1610679046493,167.008530141,200.991271542,573.501048374
1610679046587,162.008530105,207.991271578,304.501046278
1610679046681,165.008530206,199.991271476,241.501052177
1610679046775,165.008530367,204.991271311,327.501061616
1610679046869,163.008530390,203.991271287,365.501062988
1610679046963,165.008529888,205.991271801,405.501033506
1610679047057,165.008530263,201.991271417,355.501055560
1610679047151,165.008530060,204.991271625,453.501043620
1610679047245,162.008530239,203.991271442,434.501054110
1610679047339,164.008530066,203.991271619,429.501043936
1610679047433,162.008529907,206.991271781,424.501034623
1610679047527,162.008530493,204.991271182,425.501069057
1610679047621,166.008529881,204.991271808,426.501033099
1610679047715,164.008530162,203.991271520,425.501049613
1610679047809,165.008530076,204.991271608,424.501044572
1610679047903,163.008530309,203.991271370,425.501058247
1610679047997,163.008530248,202.991271432,426.501054654
1610679048091,166.008529979,206.991271707,425.501038867
1610679048185,163.008530224,202.991271457,427.501053234
1610679048279,165.008529978,202.991271709,425.501038803
1610679048369,165.008530028,204.991271658,426.501041733
1610679048463,166.008529979,206.991271707,425.501038867
1610679048557,164.008530186,203.991271496,424.501051032
1610679048651,166.008529979,206.991271707,425.501038867
1610679048745,162.008529822,205.991271869,426.501029610
1610679048839,164.008530273,206.991271407,425.501056137
1610679048933,164.008530114,203.991271570,427.501046774
1610679049027,165.008530115,207.991271569,427.501046838
1610679049121,164.008530127,204.991271557,428.501047530
1610679049215,167.008530381,203.991271296,426.501062492
1610679049309,167.008530443,204.991271233,425.501066086
1610679049403,167.008530198,200.991271484,429.501051710
1610679049497,167.008530357,203.991271321,427.501061073
