1618477239910	-11.227126	276.286794	384.417248
1618477240005	-10.205466	293.766256	370.995864
1618477240100	-36.969533	252.702709	388.163507
1618477240195	-7.97394	282.159235	387.155403
1618477240290	-6.607117	290.923702	382.370711
1618477240385	-7.704472	255.963178	380.224159
1618477240480	-37.001233	260.369325	383.104892
1618477240575	6.357899	270.305672	388.653241
1618477240670	-12.532876	237.204343	403.919543
1618477240765	-11.783504	251.633422	364.684918
1618477240860	-8.25177	256.345581	370.334171
1618477240955	-15.9917	248.016203	369.127008
1618477241051	-1.761671	256.158413	387.565386
1618477241145	-16.418754	267.877168	375.469873
1618477241239	20.118833	273.082367	391.106777
1618477241333	-8.066808	256.313605	374.791134
1618477241427	-31.77659	259.348241	391.762632
1618477241521	-3.879838	287.615695	395.12173
1618477241615	-10.128131	293.419291	379.172459
1618477241709	-11.007387	232.889409	373.349868
1618477241803	-17.340228	282.697755	375.487197
1618477241897	-7.612544	246.254522	369.193881
1618477241991	-1.827169	266.230213	377.119109
1618477242085	-15.522014	266.794532	381.652825
1618477242179	-23.191359	273.706437	382.863427
1618477242268	-11.348551	295.618846	388.155301
1618477242362	-17.879639	265.521922	395.351274
1618477242456	-6.866153	273.40142	381.886316
1618477242550	5.889855	254.945319	372.537269
1618477242644	-14.364978	264.162696	366.881763
1618477242738	-8.913382	275.007823	380.526109
1618477242832	-19.485432	272.288021	375.336582
1618477242926	-1.624671	228.312193	381.000531
1618477243020	-19.555038	258.884736	360.914272
1618477243114	-5.256205	232.98071	385.701114
1618477243208	2.84722	250.937445	390.342814
1618477243302	-12.64586	253.216023	354.792975
1618477243396	-16.837365	253.893476	366.123753
1618477243488	-10.886899	265.62624	395.678084
1618477243582	-12.241873	246.057297	398.530056
1618477243676	-7.420701	267.6988	397.606819
1618477243770	-12.991175	252.239556	366.777203
1618477243864	15.750431	289.428029	373.925298
1618477243958	-10.821236	245.789513	392.588777
1618477244052	-8.667795	266.741823	389.310645
1618477244146	-14.681375	278.172582	392.496491
1618477244240	-7.933419	251.728777	379.040402
1618477244334	-12.622247	258.108119	360.833401
1618477244428	-4.372426	246.803212	392.653084
1618477244522	-25.143595	249.569848	369.262275
1618477244616	-4.02881	255.894095	391.634779
1618477244709	8.133191	248.352004	362.363029
1618477244803	5.862994	283.733115	372.18489
1618477244897	-13.073559	292.983001	380.344996
1618477244991	3.255946	228.277172	373.495732
1618477245085	-9.700339	261.52048	371.814404
1618477245179	12.534506	271.060179	389.223317
1618477245273	-11.212663	260.405923	360.251192
1618477245367	-10.953673	278.207373	374.25304
1618477245461	-17.930468	274.008086	374.945756
1618477245555	-17.273151	246.633139	395.684377
1618477245649	-0.96238	236.030825	363.225513
1618477245743	-10.518264	237.075155	375.337188
1618477245837	10.696744	257.801181	385.444168
1618477245925	-21.499787	218.961131	375.34369
1618477246019	13.232432	246.791128	385.538365
1618477246113	-32.753956	264.028609	371.508057
1618477246207	-17.006025	264.14499	351.100678
1618477246301	-16.741035	249.165842	339.717907
1618477246395	-5.945703	272.144543	339.657869
1618477246489	-11.000344	278.486707	318.14488
1618477246583	-41.957256	248.179987	306.911725
1618477246677	1.131302	286.568746	337.307504
1618477246771	9.644939	237.428948	341.576598
1618477246865	9.567924	237.323985	400.887046
1618477246959	-22.131836	225.886551	431.804726
1618477247053	-19.316461	279.95545	406.719097
1618477247145	-29.928143	238.05979	343.518263
1618477247239	-0.589235	268.167268	335.337011
1618477247333	-10.452998	249.387399	319.420096
1618477247427	-12.360434	211.211121	286.915541
1618477247521	0.649769	252.075345	274.682428
1618477247615	-21.083198	292.398952	275.852314
1618477247709	-29.698717	266.607257	382.05137
1618477247803	-28.805327	295.0254	431.234546
1618477247897	-34.795187	286.350756	466.825618
1618477247991	-28.402197	260.795392	485.360321
1618477248085	-20.281861	252.783367	459.167321
1618477248179	-34.22267	297.97532	471.608907
1618477248273	-48.885415	295.938177	428.725467
1618477248364	-66.650091	335.497311	422.85918
1618477248458	26.897951	319.490431	418.931098
1618477248552	-6.899461	292.092959	399.75326
1618477248646	-65.770156	349.858014	402.966325
1618477248740	21.840778	414.140418	400.051592
1618477248834	43.818402	312.236241	379.101239
1618477248928	65.739234	232.623619	376.807464
1618477249022	-12.788489	179.179034	390.00876
1618477249116	-31.43426	253.439015	380.408845
1618477249210	-90.482855	336.857841	380.351988
1618477249304	-142.881615	364.88852	369.849817
1618477249398	-149.251458	565.125939	398.701009
1618477249492	-65.443855	505.207837	376.519568
1618477249586	-30.750086	586.005288	393.565891
1618477249680	46.651522	466.752945	374.476367
1618477249774	36.53513	416.657194	386.048263
1618477249868	64.300864	317.639688	392.727342
1618477249962	68.480885	336.769843	376.78907
1618477250056	47.616718	287.84262	373.578979
1618477250150	31.926081	275.671921	385.789081
1618477250244	29.795684	285.635661	371.140034
1618477250338	14.791174	289.754295	367.324466
1618477250432	33.964904	254.333444	385.385959
1618477250526	0.939338	239.676653	364.206911
1618477250620	21.983899	237.668516	373.37743
1618477250714	10.981137	240.784518	379.716975
1618477250807	-13.279786	234.161772	387.131469
1618477250901	-0.207194	248.541992	391.238956
1618477250995	-3.459894	230.660408	366.781813
1618477251089	0.018729	244.51412	387.727756
1618477251183	-0.729696	282.746586	375.697171
1618477251277	-27.961843	233.002995	377.705646
1618477251371	-7.739702	219.69423	369.412923
1618477251465	-4.613272	271.201274	374.268093
1618477251559	2.402123	273.927086	367.522848
1618477251653	-7.237078	254.915838	387.118054
1618477251747	-5.688134	287.987599	390.41481
1618477251841	-13.131223	249.549837	384.574534
1618477251935	-20.364119	247.021017	383.663106
1618477252027	-8.947266	267.541086	386.394606
1618477252121	-18.099908	228.365404	381.635605
1618477252215	-4.883855	265.526845	394.194372
1618477252309	3.901358	257.405467	379.764114
1618477252403	-14.315151	255.856219	396.158599
1618477252497	-21.214855	255.088932	390.893236
1618477252591	5.189202	246.876877	384.186808
1618477252685	-16.753601	285.045641	384.591089
1618477252779	-10.658295	257.861181	353.865809
1618477252873	-0.754108	278.988879	387.991751
1618477252967	-29.693886	255.258447	391.802473
1618477253061	5.156984	257.843452	394.486051
1618477253155	-15.317905	266.093806	376.024997
1618477253243	9.020904	220.22038	384.176689
1618477253337	-26.277627	280.859389	379.211917
1618477253431	-26.970188	279.725302	397.635237
1618477253525	11.443705	209.06126	371.2397
1618477253619	-3.283266	251.865876	370.892062
1618477253713	4.433291	288.593565	376.210102
1618477253807	-4.415095	260.66999	384.005698
1618477253901	8.39828	245.371156	366.304568
1618477253995	-18.236506	252.332633	381.085924
1618477254089	-7.252644	267.849403	400.053614
1618477254183	-6.355694	278.778637	388.768563
1618477254277	-30.473764	268.743717	358.344545
1618477254371	-7.884579	272.577696	359.731125
1618477254461	-1.48226	235.408118	375.185477
1618477254556	-2.385187	228.808573	363.594095
1618477254651	6.999801	254.63754	362.202096
1618477254746	-12.599252	252.947853	377.78988
1618477254841	-10.44323	267.378554	377.367946
1618477254936	-26.916125	289.251927	374.182858
1618477255031	-10.16126	227.659885	394.573304
1618477255126	-12.206128	257.833924	381.478997
1618477255221	-1.948137	274.602021	381.978554
1618477255316	5.889524	264.403466	388.389528
1618477255411	-13.148367	276.234197	396.888665
1618477255506	-10.802486	242.144095	376.521847
1618477255601	-10.03556	253.709574	382.174382
1618477255695	-13.965539	280.112007	374.594856
1618477255788	-16.150222	243.019479	380.431697
1618477255881	-22.641083	291.556671	375.550864
1618477255974	-18.96555	257.409159	353.71112
1618477256067	-33.03123	226.195519	404.776383
1618477256160	6.058541	258.175242	365.869651
1618477256253	-1.083402	226.097965	383.382434
1618477256346	-19.662469	311.363488	376.565105
1618477256439	0.158115	247.405399	400.233021
1618477256532	-11.965942	280.330105	371.712192
1618477256625	-2.730843	289.508774	367.788708
1618477256718	-11.776013	263.587426	387.863638
1618477256811	-4.801103	248.855376	386.050551
1618477256910	1.432571	263.334735	376.981779
1618477257004	-7.160231	258.029065	374.359853
1618477257098	-1.954401	260.664932	379.786104
1618477257192	-5.403689	233.217934	374.755422
1618477257286	-19.862702	277.333903	385.738244
1618477257380	-0.835869	271.379683	399.742626
