1618477239898	-77.090571	222.733114	221.765433
1618477239992	-85.437899	234.529093	267.205051
1618477240086	-93.955511	255.316691	219.902084
1618477240180	-98.790091	207.79082	247.999851
1618477240274	-93.405651	194.988483	227.658766
1618477240368	-127.178532	218.169792	221.171328
1618477240462	-108.964517	217.791227	244.447277
1618477240556	-92.18666	226.84597	246.35325
1618477240650	-98.361082	223.415995	245.117148
1618477240744	-68.047435	226.106952	231.315797
1618477240838	-111.852286	253.257261	215.131139
1618477240927	-110.292388	210.804878	229.947373
1618477241021	-125.780778	202.035501	227.208495
1618477241115	-109.844078	240.24154	245.282457
1618477241209	-84.641204	223.59434	232.408936
1618477241303	-111.66201	222.510909	224.917724
1618477241397	-114.662507	232.62388	235.835097
1618477241491	-110.470367	256.995264	235.783705
1618477241585	-106.478716	193.10001	239.827505
1618477241679	-105.944462	228.813011	237.848222
1618477241773	-90.460445	234.172561	237.162364
1618477241867	-77.505462	221.712336	233.687519
1618477241961	-88.991637	227.370658	204.576698
1618477242055	-81.810039	258.778452	237.490526
1618477242144	-87.544422	222.436199	207.259361
1618477242239	-96.055841	213.378138	217.946705
1618477242334	-77.837855	222.227197	242.880327
1618477242429	-111.734336	247.145393	233.142461
1618477242524	-108.554262	258.676247	234.081499
1618477242619	-90.466858	245.902658	232.40485
1618477242714	-89.921787	248.813576	212.715032
1618477242809	-90.902528	223.740904	242.545577
1618477242904	-95.956296	224.86536	239.804166
1618477242999	-75.649604	231.746678	247.608767
1618477243094	-88.719597	169.585894	241.18915
1618477243189	-73.759166	181.227905	236.997938
1618477243284	-113.937737	246.34016	241.827485
1618477243381	-100.513234	211.394429	214.998059
1618477243476	-88.842684	227.015937	237.652641
1618477243571	-92.601804	241.213709	232.204627
1618477243666	-94.518431	169.298961	259.362766
1618477243761	-78.201474	227.399754	234.880472
1618477243856	-110.451513	206.561697	228.739954
1618477243951	-88.040698	223.284348	225.860262
1618477244046	-72.218697	212.314486	243.014813
1618477244141	-86.189919	196.982391	227.869494
1618477244236	-83.949689	217.215758	218.790608
1618477244331	-94.386573	223.879769	220.816941
1618477244426	-85.525209	240.942262	240.251147
1618477244521	-104.028444	202.065542	224.090798
1618477244613	-90.098584	214.082019	242.016032
1618477244707	-81.360041	245.027214	233.537136
1618477244801	-79.869846	186.800634	245.833378
1618477244895	-96.58982	239.61879	247.757777
1618477244989	-91.528573	254.602996	240.790964
1618477245083	-119.470149	236.167006	237.398322
1618477245177	-100.880804	191.074047	231.106484
1618477245271	-120.081323	185.303422	233.312999
1618477245365	-100.67383	229.515233	233.054984
1618477245459	-95.628331	208.609471	230.773319
1618477245553	-104.784426	229.1693	251.875033
1618477245647	-91.525211	216.960274	207.365776
1618477245741	-97.292459	206.210884	234.39074
1618477245834	-102.286907	202.608692	247.407194
1618477245928	-123.371496	208.172177	244.883922
1618477246022	-93.680305	212.252246	239.248167
1618477246116	-113.800434	244.067598	249.978353
1618477246210	-121.920252	213.230442	241.184717
1618477246304	-122.88713	240.550738	227.189953
1618477246398	-134.296087	240.536169	239.297911
1618477246492	-100.491959	252.287951	228.669146
1618477246586	-120.608189	322.15492	215.51424
1618477246680	-85.407042	275.329504	241.473663
1618477246774	-163.746107	338.68006	238.816255
1618477246868	-150.496881	402.455053	236.649469
1618477246962	-38.57472	380.880039	250.046762
1618477247051	11.799974	266.351368	234.075182
1618477247146	-0.088669	197.715936	250.059383
1618477247241	-80.449795	148.816613	216.085422
1618477247336	-119.584072	153.068452	237.461118
1618477247431	-160.351255	192.125139	234.028594
1618477247526	-170.15731	262.598716	222.64722
1618477247621	-239.471171	429.0638	224.453871
1618477247716	-126.618812	546.085347	242.277123
1618477247811	-124.459582	479.666235	224.845734
1618477247906	-64.967997	474.703702	243.094792
1618477248001	-37.836584	371.742755	211.188058
1618477248096	-20.188671	343.408843	220.973703
1618477248191	-23.863581	310.393764	228.415833
1618477248285	-0.345563	267.785985	217.277255
1618477248380	-51.605493	282.420608	185.012383
1618477248475	-44.024065	201.647473	233.744746
1618477248570	-51.507458	256.875893	200.358165
1618477248665	-70.69473	259.641129	234.908747
1618477248760	-69.04207	261.456388	291.912088
1618477248855	-84.706979	212.183129	282.412823
1618477248950	-86.678999	220.634199	220.46752
1618477249045	-93.345688	245.519534	190.778401
1618477249140	-86.942083	211.119432	170.664483
1618477249235	-82.319346	254.884648	138.069522
1618477249330	-88.317726	237.531908	163.419981
1618477249425	-77.947341	198.889154	269.444157
1618477249521	-87.27432	226.975988	345.684196
1618477249615	-100.459962	253.491333	304.222785
1618477249709	-106.740565	239.933056	342.801371
1618477249803	-105.985408	218.179481	321.767611
1618477249897	-96.884074	256.3322	313.186517
1618477249991	-85.297579	190.5058	292.429942
1618477250085	-80.43422	228.847625	276.429203
1618477250179	-119.821866	202.851764	265.820697
1618477250273	-84.692087	233.127541	258.032196
1618477250367	-77.053353	222.074153	247.9628
1618477250461	-102.601869	211.601099	251.697828
1618477250555	-94.2274	193.46827	236.234721
1618477250649	-97.456693	238.410165	247.115039
1618477250739	-99.336328	218.264986	255.981104
1618477250833	-109.285533	232.771885	221.713936
1618477250927	-84.083602	221.759144	226.820506
1618477251021	-86.188511	193.309879	236.775202
1618477251115	-92.023434	278.424613	242.600478
1618477251209	-123.625607	253.584015	226.658804
1618477251303	-68.714639	263.804701	231.047047
1618477251397	-100.225396	206.342598	237.270803
1618477251491	-88.698578	177.984903	234.089628
1618477251585	-87.146229	228.110939	227.249907
1618477251679	-114.002742	215.143963	240.406303
1618477251773	-94.003998	231.512376	219.210912
1618477251867	-96.576317	199.176627	227.837397
1618477251958	-94.285437	255.889627	223.721074
1618477252052	-89.81918	229.039225	239.178798
1618477252146	-69.486629	194.24807	232.59812
1618477252240	-95.633734	265.893342	249.273074
1618477252334	-90.168264	226.815245	252.586976
1618477252428	-101.387509	236.958406	221.979807
1618477252522	-86.686228	231.806213	229.432789
1618477252616	-86.048944	196.483658	224.895652
1618477252710	-94.848255	209.811452	247.612924
1618477252804	-88.1421	232.618273	252.867883
1618477252898	-85.797987	232.965358	232.118773
1618477252992	-85.298109	238.139891	244.776375
1618477253086	-92.716457	186.695395	230.801342
1618477253178	-89.76007	220.115404	240.940691
1618477253272	-105.07588	223.356335	209.614933
1618477253366	-93.318609	222.377849	243.061215
1618477253460	-79.599275	252.158109	244.273744
1618477253554	-95.901844	197.499409	238.071944
1618477253648	-115.196474	261.696919	252.391494
1618477253742	-78.729567	228.46393	237.81336
1618477253836	-79.551396	251.036444	233.732588
1618477253930	-94.555236	260.121512	230.546141
1618477254024	-103.303924	215.605494	251.188518
1618477254118	-100.000297	201.288584	221.671714
1618477254212	-68.927205	287.43781	230.437914
1618477254306	-76.775749	221.884458	236.40518
1618477254395	-118.463195	276.90324	242.84717
1618477254489	-94.355857	255.958868	241.532823
1618477254583	-105.829753	262.733358	258.374622
1618477254677	-95.268248	196.250179	226.880215
1618477254771	-73.222041	259.789109	238.738211
1618477254865	-98.72143	198.068885	257.696891
1618477254959	-86.494086	199.497783	252.222312
1618477255053	-73.884526	239.738581	233.318136
1618477255147	-85.477241	195.426328	248.024714
1618477255241	-81.407856	251.359299	247.995185
1618477255335	-104.719958	277.339941	212.129555
1618477255429	-90.373815	232.921478	237.155368
1618477255523	-102.632255	216.082024	229.438254
1618477255614	-117.800969	211.404465	243.48209
1618477255708	-78.035272	241.401435	230.885218
1618477255802	-116.678466	247.118026	239.29658
1618477255896	-99.931196	201.144196	228.600343
1618477255990	-91.697072	236.328247	230.970748
1618477256084	-103.080004	230.249182	236.215945
1618477256178	-88.961015	220.898292	229.3103
1618477256272	-81.390133	220.785441	239.162096
1618477256366	-69.142943	219.889312	238.801214
1618477256460	-93.784836	237.130604	244.216094
1618477256554	-81.867028	224.267212	236.971657
1618477256648	-89.123159	239.916052	225.678417
1618477256742	-93.446943	218.585153	223.368485
1618477256835	-85.241398	184.336404	237.444866
1618477256929	-81.972029	221.570717	230.508524
1618477257023	-96.938396	216.729043	223.801586
1618477257117	-100.259207	201.954145	231.324211
1618477257211	-111.79921	233.559601	227.00383
1618477257305	-98.791473	255.55922	233.441946
1618477257399	-87.520844	244.583185	241.619679
