1610679209598,-0.024433
1610679209692,0.037756
1610679209786,0.037799
1610679209880,0.038161
1610679209974,0.038118
1610679210068,-0.003537
1610679210162,0.037927
1610679210256,4.469199
1610679210350,-0.066418
1610679210444,0.017478
1610679210538,0.017403
1610679210632,0.058824
1610679210726,0.037927
1610679210816,0.079944
1610679210910,-0.004047
1610679211004,0.037937
1610679211098,0.038437
1610679211192,0.017551
1610679211286,0.058919
1610679211380,0.016945
1610679211474,0.037884
1610679211568,0.038065
1610679211662,-0.003771
1610679211756,0.058919
1610679211850,0.038299
1610679211944,0.038151
1610679212037,0.038161
1610679212131,0.163817
1610679212225,0.038118
1610679212319,0.038161
1610679212413,0.017403
1610679212507,0.037831
1610679212601,0.037618
1610679212695,0.017169
1610679212789,0.121204
1610679212883,-0.024805
1610679212977,0.038161
1610679213071,0.038033
1610679213165,0.079539
1610679213254,0.038299
1610679213348,0.038437
1610679213442,0.037970
1610679213536,0.037927
1610679213630,0.184437
1610679213724,0.038204
1610679213818,0.037927
1610679213912,-0.004228
1610679214006,0.038204
1610679214100,0.058909
1610679214194,0.017403
1610679214288,0.038448
1610679214382,0.017126
1610679214473,0.016807
1610679214567,-0.066737
1610679214661,0.058643
1610679214755,0.016892
1610679214849,0.037618
1610679214943,0.038299
1610679215037,0.017541
1610679215131,0.142463
1610679215225,0.037789
1610679215319,-0.024614
1610679215413,0.038023
1610679215507,0.100851
1610679215601,0.017041
1610679215693,0.038118
1610679215787,-0.024624
1610679215881,0.038299
1610679215975,-0.003771
1610679216069,-0.003771
1610679216163,-0.024858
1610679216257,-0.003909
1610679216351,-0.045425
1610679216445,-3.818499
1610679216539,0.038118
1610679216633,0.142782
1610679216727,0.058781
1610679216821,-0.066108
1610679216911,0.038289
1610679217005,0.038513
1610679217099,0.038322
1610679217193,0.038163
1610679217287,-0.003927
1610679217381,0.014223
1610679217475,-0.043711
1610679217569,-0.039333
1610679217663,-0.022107
1610679217757,-0.126528
1610679217851,-0.079518
1610679217945,-0.109400
1610679218039,-0.265166
1610679218130,-0.542683
1610679218224,-1.485659
1610679218318,2.755290
1610679218412,-1.048109
1610679218506,7.143260
1610679218600,7.101690
1610679218694,8.188055
1610679218788,3.423724
1610679218882,-1.132409
1610679218976,-0.777082
1610679219070,-0.567882
1610679219164,-4.384508
1610679219258,-0.191626
1610679219350,-0.108339
1610679219444,-0.128458
1610679219538,-0.066322
1610679219632,0.038236
1610679219726,-0.045425
1610679219820,0.017169
1610679219914,0.017350
1610679220008,-0.045564
1610679220102,-0.003771
1610679220196,-0.003451
1610679220290,0.038204
1610679220384,-0.003771
1610679220478,-0.024572
1610679220568,-0.024986
1610679220662,0.017179
1610679220756,-0.045850
1610679220850,0.038470
1610679220944,-0.066322
1610679221038,-0.003718
1610679221132,0.038204
1610679221226,-0.003813
1610679221320,-0.003632
1610679221414,0.038023
1610679221508,0.017136
1610679221602,0.037746
1610679221696,-0.024529
1610679221787,-0.024572
1610679221881,-0.045883
1610679221975,0.017222
1610679222069,0.079858
1610679222163,0.017254
1610679222257,-0.087090
1610679222351,0.037874
1610679222445,0.017041
1610679222539,-0.024529
1610679222633,-0.003590
1610679222727,0.016807
1610679222821,-0.024805
1610679222915,-0.003313
1610679223006,-0.045383
1610679223100,-0.024753
1610679223194,-0.025082
1610679223288,-0.003685
1610679223382,0.037884
1610679223476,-0.045425
1610679223570,0.037311
1610679223664,-0.003494
1610679223758,0.017083
1610679223852,-0.045564
1610679223946,-0.024805
1610679224040,0.016849
1610679224134,0.037746
1610679224224,0.016935
1610679224318,0.037937
1610679224412,-0.024624
1610679224506,0.017360
1610679224600,0.017264
1610679224694,-0.045883
1610679224788,0.058876
1610679224882,0.038161
1610679224976,-0.024572
1610679225070,0.038480
1610679225164,-0.004133
1610679225258,-0.045840
1610679225352,-0.024667
1610679225441,0.058738
1610679225535,0.017041
1610679225629,-0.024071
1610679225723,0.037746
1610679225817,0.017169
1610679225911,0.037746
1610679226005,0.038161
1610679226099,0.016892
1610679226193,-0.003675
1610679226287,0.038108
1610679226381,-0.003632
1610679226475,0.038161
1610679226569,-0.066184
1610679226662,0.016945
1610679226756,0.037746
1610679226850,-0.024667
1610679226944,-0.003632
1610679227038,-0.004505
1610679227132,-0.003504
1610679227226,-0.087442
1610679227320,-0.003537
1610679227414,0.017445
1610679227508,0.037427
1610679227602,0.017455
1610679227696,0.017498
1610679227790,0.038118
1610679227880,-0.087762
1610679227974,0.037884
1610679228068,0.038161
1610679228162,-0.066737
1610679228256,0.016849
1610679228350,0.038023
1610679228444,-0.024114
1610679228538,-0.004462
1610679228632,-0.003632
1610679228726,nan
