1618476501318,-35.424639623,266.956764702,178.183910596
1618476501412,-146.805441979,205.001430145,273.728875047
1618476501506,-108.062841846,214.072334780,267.269914457
1618476501600,-23.894763195,266.956766588,177.030922773
1618476501694,-131.510647736,213.072328970,258.740041768
1618476501788,-130.969606679,202.236482699,286.564726184
1618476501882,-27.506699628,263.956776784,186.407807078
1618476501975,-161.488303960,195.624543095,290.329660937
1618476502069,-149.264401454,190.318570862,291.635635160
1618476502163,-34.577621824,255.732869534,197.784695480
1618476502257,-83.850113212,241.591039734,208.773533065
1618476502351,-155.335324216,193.165574969,299.247586664
1618476502445,-52.719445991,247.355982494,213.079506570
1618476502539,-66.790340828,253.120932624,194.325730434
1618476502633,-156.335314090,188.706620613,292.635635306
1618476502727,-70.167249416,235.979091999,230.527305834
1618476502821,-42.648532089,264.650795115,180.948846423
1618476502915,-154.029345035,198.777527960,283.564724510
1618476503009,-96.379979381,218.990260006,254.587052878
1618476503103,-124.204673260,206.848429526,276.340827612
1618476503192,-140.193499857,210.613373953,266.810951951
1618476503286,-119.745695367,209.460391279,269.728875286
1618476503380,-29.506702332,266.956774689,179.336895753
1618476503474,-121.439738878,219.143238490,247.363155685
1618476503568,-135.734528189,195.930519895,291.023685690
1618476503662,-32.659692289,262.650797909,189.407807993
1618476503756,-96.379973215,231.367151376,228.456392025
1618476503850,-148.723370945,191.165577813,298.094598626
1618476503944,-38.036592198,254.273901004,197.396646499
1618476504038,-81.932184270,244.202992853,207.008595278
1618476504132,-155.794299909,192.012577117,295.941614212
1618476504226,-47.648535770,253.120918271,207.314569847
1618476504320,-52.719438183,256.885862533,185.407807629
1618476504410,-157.182333790,194.318564712,295.788623940
1618476504504,-84.544133392,232.061169631,242.751204574
1618476504598,-37.577620857,266.497807279,179.336896924
1618476504692,-149.264406127,202.389479037,278.340824983
1618476504786,-104.991916253,219.531307664,263.504975061
1618476504880,-25.047751924,270.415727756,175.183910404
1618476504974,-136.581539506,209.766369680,262.351987883
1618476505068,-128.357657402,209.001419447,281.952776643
1618476505162,-24.047749070,265.650792970,181.642872106
1618476505256,-112.368817829,225.602207855,240.904191878
1618476505350,-30.353712240,267.109764174,172.877933087
1618476505444,-29.965683632,257.885848100,189.713785668
1618476505538,-94.768019662,234.979104037,216.538466941
1618476505631,-157.182341920,195.318558415,301.553562350
1618476505725,-51.107485050,249.508978678,208.008592803
1618476505819,-64.096333369,252.120918882,201.243657915
1618476505913,-160.794293457,190.706607315,292.329663493
1618476506007,-67.555295408,241.591045013,225.456393272
1618476506101,-46.648529665,260.038847395,182.948846001
1618476506195,-153.182338996,199.930510277,287.717713050
1618476506289,-88.309074278,227.755191819,249.669129646
1618476506383,-40.730608974,266.956768921,176.183909649
1618476506477,-84.391134941,242.897026982,209.314568072
1618476506571,-112.062832686,211.766367075,264.116925465
1618476506665,-26.047736700,264.956777349,177.030920358
1618476506759,-128.663629180,213.919346183,254.740040733
1618476506850,-130.969607675,203.542456726,285.717713757
1618476506944,-26.047742276,264.650798232,177.030921327
1618476507038,-102.603886608,232.061165580,234.680293688
1618476507132,-146.958444202,197.471544671,294.635638211
1618476507226,-37.577621581,258.732869722,197.784695438
1618476507320,-83.544132637,243.897019007,214.773532061
1618476507414,-158.335312663,192.165583916,298.094597256
1618476507508,-52.260475634,250.814951010,216.079505151
1618476507602,-145.652460438,206.001425608,271.575888666
1618476507696,-154.488313951,193.165573159,296.941612272
1618476507790,-73.167237755,236.979101030,236.833278606
1618476507884,-44.342553765,264.650797845,179.489883612
1618476507978,-154.182343250,200.083494382,286.717713790
1618476508070,-92.921013278,225.296237829,256.587052199
1618476508163,-30.118653368,272.956773575,175.877933806
1618476508256,-138.193508152,206.001417931,263.810953393
1618476508349,-115.674784345,208.307403281,269.881862820
1618476508442,-28.200719447,265.109768352,176.030919549
1618476508535,-122.745701658,220.837273000,246.210166196
1618476508628,-134.275576195,195.930511992,298.176674863
1618476508721,-156.182328609,195.624543523,298.247585237
1618476508814,-100.991931456,233.520132080,223.456393528
1618476508907,-152.570386708,192.318562764,295.941611777
1618476509000,-42.036588485,257.732866077,196.784696256
1618476509093,-75.779199630,243.897015917,209.467557956
1618476509186,-155.335321911,195.471551552,299.247586263
1618476509285,-61.484383185,241.897020143,220.844443601
1618476509379,-55.872427366,254.273911555,194.172744936
1618476509473,-161.947273683,194.318562468,288.023687447
1618476509567,-76.932179015,231.520135531,240.445228944
1618476509661,-37.730609271,266.956768691,176.030922301
1618476509755,-146.264428434,207.695436559,278.799791060
1618476509849,-77.391144579,230.061170725,242.751204328
1618476509943,-33.506700814,264.650801066,175.877933291
1618476510037,-133.275567113,212.766367818,260.199000902
1618476510131,-127.051662227,206.001435229,277.493810902
1618476510225,-25.047739618,265.109762488,174.877933466
1618476510319,-115.980768673,226.296232091,238.139255098
1618476510413,-145.346481416,197.930517084,289.329661119
1618476510513,-34.271643703,265.650796502,185.713783108
1618476510607,-90.615037360,237.826112689,220.844442626
1618476510701,-147.417398252,193.165576183,297.094598992
1618476510795,-44.648536749,252.426892311,203.855607820
1618476510889,-67.861267017,246.508971879,200.243657333
1618476510983,-29.506708965,260.191832556,187.254821302
1618476511077,-66.249305815,237.285081672,226.609378099
1618476511171,-45.954501957,255.579887138,186.948845565
1618476511265,-157.335329899,197.777520164,292.023688458
1618476511359,-80.391130951,223.602219083,248.363151555
1618476511453,-38.424627962,267.956773733,184.489883367
1618476511547,-148.264401412,201.848444887,281.187836764
1618476511641,-104.756864568,214.225324099,276.963939227
1618476511733,-30.506714790,274.109752440,191.724948322
1618476511828,-129.663612254,214.072346691,274.128088192
1618476511923,-129.122587180,206.001425038,319.564724985
1618476512018,-23.894749207,264.956777422,238.948844737
1618476512113,-37.189566872,261.650797452,252.795858499
1618476512208,-142.805449317,194.318563069,364.482649510
1618476512303,-29.271654339,259.038838668,202.325734554
1618476512398,-83.850113487,236.132077324,104.773533113
1618476512493,-150.182344732,189.165568838,257.094600641
1618476512588,-45.413483738,247.661947575,195.773533953
1618476512683,-49.790359073,249.120918493,213.784695804
1618476512778,-144.794283007,193.471552405,331.941611273
1618476512873,-50.167248234,232.673118116,190.374318230
1618476512962,-9.648539352,265.497802090,131.489885488
1618476513057,-91.335307531,217.930524887,218.258747572
1618476513152,-27.073999709,416.296238579,235.434064631
1618476513247,-40.603870794,425.061177828,226.527303539
1618476513342,-164.193503885,458.001421235,262.116927450
1618476513437,-208.827784144,331.307393677,266.728877576
1618476513532,-148.506704606,239.956772928,177.030921350
1618476513627,-153.898678944,187.837280832,244.210164438
1618476513722,-44.887522051,306.236489688,287.870699414
1618476513817,-107.506705307,391.956772385,182.948845868
1618476513912,-135.685958663,274.673117926,226.762368675
1618476514007,-155.264406813,208.165579312,294.941610891
1618476514102,-52.730598087,254.120928561,196.784693544
1618476514191,-87.626210318,250.508966996,205.314570224
1618476514285,-168.488306991,189.706616352,296.094598461
1618476514379,-164.488315982,196.624533784,286.717713431
1618476514473,-62.178400042,258.732875397,188.560794970
1618476514567,-161.488300742,196.624545587,290.176672979
1618476514661,-85.238167173,231.367137784,238.292243868
1618476514755,-39.730613171,263.650790872,179.795859976
1618476514849,-151.417395566,202.389477458,276.187837939
1618476514943,-99.991925672,216.225325570,261.504976699
1618476515037,-32.659685084,268.415740486,176.418970550
1618476515131,-135.275567943,212.766367175,267.351988446
1618476515225,-126.204668108,205.848433516,277.340826716
1618476515319,-27.200732684,266.956770700,181.489884048
1618476515411,-114.521794430,226.602216218,237.292240403
1618476515505,-135.122579124,203.542469080,283.105761386
1618476515599,-35.118650166,260.191839059,190.172744238
1618476515693,-89.156079777,237.285071313,220.844443429
1618476515787,-153.029357330,189.706606642,297.094600641
1618476515881,-50.954507678,250.661958311,205.855607147
1618476515975,-69.555295349,247.508969453,196.937683078
1618476516069,-159.641293352,194.318566753,293.941610881
1618476516163,-67.249302885,236.285083942,221.609377590
1618476516257,-47.954507601,261.038844965,179.948846547
1618476516351,-160.335322744,194.318563508,286.564725016
1618476516445,-92.768031693,227.908182923,244.669128814
1618476516539,-32.965679449,266.803775735,175.183910948
1618476516632,-62.943359557,245.438046967,229.303408263
1618476516726,-112.674783531,211.766366109,261.963938282
1618476516820,-28.047741162,264.956773893,173.724946335
1618476516914,-130.510628296,218.378318825,251.975101391
1618476517008,-138.581549386,202.542462834,287.717712386
1618476517102,-31.659701156,261.344816244,183.948847337
1618476517196,-103.450891495,232.214158954,230.068342750
1618476517290,-152.723372143,191.165576886,292.788624036
1618476517384,-43.036577529,255.579887163,197.784694351
1618476517478,-74.626202232,243.897023661,202.855606620
1618476517572,-159.794281842,191.165578509,298.553560668
1618476517666,-54.178400824,244.203000798,217.385480088
1618476517760,-27.200727795,268.109761886,180.642870597
1618476517850,-156.335321837,190.318564210,293.635636653
1618476517946,-83.544128842,234.061173154,240.445228984
1618476518042,-39.730614106,261.191827950,183.948847538
1618476518138,-154.029360359,200.930503491,275.646802779
1618476518234,-104.144923144,213.531292568,262.504978450
1618476518330,-31.812686497,269.415729633,170.418972986
1618476518426,-134.581543336,211.766366714,263.810950747
1618476518522,-124.204662095,204.848438173,279.646800469
1618476518618,-32.659693241,268.956771971,178.183908964
1618476518714,-117.980752403,224.449232091,240.751201867
1618476518810,-144.805445910,196.777527906,291.176674119
1618476518906,-58.025417216,258.885859254,190.172745362
1618476519002,-93.462037559,234.826122294,218.538465671
1618476519092,-155.182344091,193.165569334,298.247587929
1618476519186,-53.413467324,250.661960288,203.008594102
1618476519280,-68.708279859,248.661959091,197.784695177
1618476519374,-159.641293853,191.012591567,295.941610968
1618476519468,-71.708270952,234.826117198,228.221328208
1618476519562,-50.954500191,261.191838103,186.254820057
1618476519656,-158.335312410,196.777533709,286.564723219
1618476519750,-94.921016104,224.296235640,253.281077892
1618476519844,-37.118661178,268.109754925,177.030922563
1618476519938,-144.652461870,209.001424498,275.422901516
1618476520032,-124.898682244,225.296240475,249.669127209
1618476520126,-31.812687480,268.109754073,172.877935355
1618476520220,-125.357645207,218.531302885,251.975102141
1618476520313,-136.734524625,197.083510054,286.717710271
1618476520408,-29.506715621,261.191827401,185.407809859
1618476520503,-101.144920394,233.826105687,226.915355993
1618476520598,-150.264403358,193.165581988,294.788622891
1618476520693,-38.730605475,256.579885037,198.243657027
1618476520788,-74.473214119,248.508973811,209.314568694
1618476520883,-156.335327954,194.012584674,299.553562113
1618476520978,-60.178399084,247.050014747,219.691454584
1618476521073,-57.025420688,258.732869165,189.866771167
1618476521168,-159.641303009,193.165571874,295.941612560
1618476521263,-85.391135618,230.061177666,243.904190169
1618476521358,-41.730610825,266.803780088,179.489884769
1618476521453,-148.264412187,196.930512146,274.187838638
1618476521545,-106.144908078,216.225329438,261.351988431
1618476521639,-31.812685121,267.415730698,173.030922344
1618476521733,-130.122591968,212.766358326,261.199003033
1618476521827,-133.663608805,208.154424967,279.799785176
1618476521921,-29.506704806,264.650797975,177.336896183
1618476522015,-114.674783795,228.755202095,237.292240745
1618476522109,-149.417403246,196.624534513,291.635637663
1618476522203,-37.730605553,263.803784171,192.478720044
1618476522297,-125.204655405,206.001430753,279.799786706
1618476522391,-154.335316486,192.165580955,301.553560119
1618476522485,-51.413477584,247.355977543,212.773532883
1618476522579,-68.249326038,254.967927402,198.784696633
1618476522673,-159.794292755,193.165570057,298.247587767
1618476522763,-66.402312736,236.979091754,231.833280688
1618476522858,-46.342552813,261.344823784,183.101833043
1618476522953,-153.029341296,197.930518255,283.258749061
1618476523048,-94.768025501,223.143250722,254.740039533
1618476523143,-30.812683300,272.568719508,176.030922027
1618476523238,-145.193497174,207.695451634,266.116926283
1618476523333,-121.745711646,209.154403872,275.187840314
1618476523428,-61.790363062,241.591041411,229.303406682
1618476523523,-121.439726064,223.296235814,250.669128256
1618476523618,-134.040525784,195.777514840,290.176677053
1618476523713,-31.812686971,258.038842672,183.101834461
1618476523808,-95.073999502,235.826112732,224.303404814
1618476523903,-157.335313057,193.165583611,300.553559523
1618476523999,-43.495553094,251.967927213,203.702621071
1618476524093,-75.473218806,244.355982781,199.243657714
1618476524187,-160.947263538,192.165582926,287.482647881
1618476524281,-63.790354111,238.438060944,224.456392525
1618476524375,-51.719445320,259.191831804,184.101834072
1618476524469,-159.794281939,196.624540632,290.176674091
1618476524563,-28.200737793,267.956766743,177.642872336
1618476524657,-37.118653005,264.650799058,179.489883340
1618476524751,-148.264420173,205.695442957,272.187840026
1618476524845,-113.215827815,212.919348488,271.422901607
1618476524939,-31.506715903,267.956764179,177.724948516
