1618476705218,-419.293108959,-23.722947523,1045.146363121
1618476705312,-466.662526320,-5.933128121,1074.725970353
1618476705406,196.509204479,403.601763856,47.388762075
1618476705500,163.929599751,447.971169941,-64.139860579
1618476705594,213.299013832,323.652734934,206.286793539
1618476705688,164.929606372,306.862927172,332.605218997
1618476705782,-436.082923553,8.856682744,968.197348261
1618476705876,-408.503311196,11.856670312,903.038134795
1618476705970,404.776649261,512.130379962,-269.407302461
1618476706064,401.776656523,528.920167958,-296.986909644
1618476706154,-57.127635965,118.385283165,632.611479729
1618476706248,-183.446072856,118.385306638,747.140103380
1618476706342,-304.764493987,117.385297095,631.611480427
1618476706436,-199.235860259,181.544486366,553.662463192
1618476706530,450.146069815,527.920160292,-251.617500396
1618476706624,402.776657783,543.709968530,-188.458287301
1618476706718,-355.133896964,7.856660676,950.407543945
1618476706812,-357.133895618,-53.302554988,1028.356559857
1618476706906,-55.127647316,325.652748686,206.286794228
1618476707000,150.139796124,435.181367602,-31.560254113
1618476707094,336.617440851,433.181354619,48.388761291
1618476707188,242.878621270,403.601748860,94.758170956
1618476707282,-465.662521290,-72.092351502,1044.146363404
1618476707370,-495.242125453,-21.722946601,979.987150323
1618476707464,244.878623299,496.340563874,-125.299074208
1618476707558,292.248028333,531.920179929,-207.248089780
1618476707652,85.980591922,227.913907759,443.133841305
1618476707746,22.821374407,197.334311124,569.452267482
1618476707840,-386.713509403,70.015886125,806.299315679
1618476707934,-340.344104424,73.015895874,743.140103324
1618476708028,398.776645430,549.709994407,-266.407302059
1618476708122,451.146064769,544.709974075,-267.407303077
1618476708216,-181.446062112,74.015874499,774.719708675
1618476708310,-293.974688167,41.436275574,902.038134737
1618476708404,-138.076658119,213.124115210,439.133841839
1618476708498,-103.497045344,245.703708321,301.025612275
1618476708592,432.356258864,465.760963664,-188.458286740
1618476708686,402.776651970,464.760964654,-93.719467426
1618476708780,-417.293108485,-21.722948516,1043.146363071
1618476708874,-433.082913503,43.436268113,995.776953628
1618476708968,164.929607814,420.391546629,-44.350058214
1618476709062,195.509212183,415.391550927,-92.719467631
1618476709156,245.878621247,324.652732854,238.866399856
1618476709250,101.770386152,279.283336205,379.974629404
1618476709344,-467.662520099,-39.512747577,965.197347225
1618476709438,-372.923705358,24.646474746,932.617741278
1618476709532,401.776651491,576.289588132,-263.407302695
1618476709626,419.566462231,579.289572361,-235.827697063
1618476709720,-70.917451243,120.385308445,664.191087417
1618476709809,-226.815477812,40.436280786,837.878922155
1618476709903,-307.764493049,118.385295130,606.031873906
1618476709997,-230.815476143,148.964899767,521.082857763
1618476710091,434.356262815,543.709971441,-267.407303209
1618476710185,420.566458085,544.709974624,-188.458286996
1618476710279,-338.344090589,-8.933149164,965.197346823
1618476710373,-356.133911541,37.436297635,994.776955107
1618476710467,-7.758231434,291.073129172,237.866399993
1618476710561,6.031576818,323.652725034,110.547973778
1618476710655,307.037839798,433.181343372,-14.770452116
1618476710749,275.458221563,370.022155277,130.337778021
1618476710843,-463.662526164,-37.512734870,1026.356560704
1618476710937,-462.662517246,7.856656080,977.987150136
1618476711026,241.878626553,451.971147424,-109.509271339
1618476711120,322.827633351,497.340576448,-205.248089633
1618476711214,40.611179789,264.493519419,445.133841567
1618476711308,5.031572031,198.334309374,522.082857762
1618476711402,-384.713508831,87.805688137,838.878922040
1618476711496,-339.344095338,54.226073629,728.350299159
1618476711590,451.146067513,559.499771537,-265.407303365
1618476711684,451.146066093,558.499774512,-268.407303216
1618476711778,-228.815478750,87.805692385,806.299315831
1618476711872,-290.974689212,38.436277763,932.617741268
1618476711966,-182.446070220,210.124120380,442.133842098
1618476712060,-85.707248800,214.124115867,285.235809764
1618476712154,418.566453182,493.340575262,-156.878680059
1618476712247,344.617433796,448.971172610,-60.139860445
1618476712341,-399.503313338,22.646478010,995.776954285
1618476712435,-430.082914052,-58.302550002,1027.356560107
1618476712529,121.560195031,398.601750016,-14.770451462
1618476712623,333.827641963,495.340558407,-171.668484115
1618476712717,257.878623197,385.811941613,143.127580387
1618476712811,152.349990414,306.862947150,271.446007155
1618476712905,-435.662518961,9.856659672,965.197347105
1618476712999,-348.503311222,22.856670365,948.407544430
1618476713093,451.197047357,590.709976919,-251.617499724
1618476713187,495.566446058,605.550786976,-264.407301788
1618476713281,-20.917439126,348.964889483,652.401282934
1618476713375,-240.076655834,269.385291157,727.350299394
1618476713475,-420.764491517,247.385291920,620.821676956
1618476713569,-334.605282493,126.754709553,592.242070936
1618476713663,419.146068665,524.499769124,-290.986909908
1618476713757,515.935866258,477.920174470,-256.407302897
1618476713851,-236.554288846,189.436263544,999.987150188
1618476713945,-397.713506497,85.436273616,1022.987150693
1618476714039,-31.758233458,360.442543044,335.656203417
1618476714133,49.190788537,312.862924177,195.547973896
1618476714227,356.197048016,513.130369117,-96.560254842
1618476714321,266.458221849,402.601761099,3.968368359
1618476714415,-505.242134598,-6.933124233,999.356560916
1618476714509,-471.662521356,-39.512744942,983.987150567
1618476714603,255.668418301,462.760974649,-87.509270136
1618476714700,256.668414808,511.130391600,-257.827695456
1618476714795,83.980583676,275.283334665,327.764432538
1618476714890,37.611185208,201.334295223,495.082857053
1618476714985,-420.293111813,39.436271300,841.668724890
1618476715080,-341.344091012,88.805670987,769.719708338
1618476715175,400.776653034,577.289584899,-319.776712489
1618476715270,416.566458447,512.130367443,-304.986909509
1618476715365,-231.815476078,107.595489997,771.719709129
1618476715460,-340.344102079,-37.512731516,964.197348029
1618476715555,-184.446073766,227.913931019,474.713448892
1618476715650,-118.286850541,212.124106061,345.395022116
1618476715745,402.776648417,498.340578518,-188.458286318
1618476715840,371.197046846,516.130371567,-93.719467562
1618476715929,-420.293109577,-22.722946228,995.776953553
1618476716023,-435.082919215,-7.933129554,1043.146363860
1618476716117,85.980589045,401.601749105,79.968367758
1618476716211,148.139797139,466.760971898,-63.139860641
1618476716305,261.668428986,358.232329789,172.707186538
1618476716399,164.929600974,324.652741692,227.076597088
1618476716493,-466.662522610,9.856667317,964.197347488
1618476716587,-387.713507085,-38.512741208,947.407544333
1618476716681,322.827636983,527.920175260,-233.827696435
1618476716775,404.776654875,543.709974623,-221.037893417
1618476716869,-27.548031646,183.544500415,601.031873528
1618476716963,-134.076656670,121.385292910,712.560496271
1618476717057,-309.764493072,119.385295177,662.191086752
1618476717146,-246.605279192,121.385293005,601.031873800
1618476717240,435.356261458,529.920171074,-297.986909488
1618476717334,463.935868433,547.709973125,-234.827696703
1618476717428,-322.554293786,44.436273892,948.407544285
1618476717522,-388.713508392,-23.722935258,961.197347681
1618476717616,-24.548033046,262.493519401,266.446006247
1618476717710,8.031574981,310.862925670,172.707186814
1618476717804,402.776654622,482.550762308,-62.139861283
1618476717898,308.037827321,449.971172721,54.388762037
1618476717992,-467.662523768,-8.933133468,1029.356560453
1618476718086,-465.662524549,42.436277800,1058.936166957
1618476718180,261.668426315,437.181351439,-125.299074188
1618476718274,371.197055551,515.130353332,-269.407303795
1618476718366,83.980581541,291.073142348,348.395023129
1618476718459,6.031573301,214.124109926,476.713447996
1618476718552,-433.082918017,7.856671149,867.458528415
1618476718645,-341.344100304,71.015887243,757.929906102
1618476718738,400.776649077,545.709986767,-300.986908863
1618476718831,463.935861045,561.499791812,-299.986908771
1618476718924,-185.446063064,105.595482913,821.089118407
1618476719017,-241.605283245,38.436285443,885.248332020
1618476719110,-184.446062491,182.544497767,490.503250919
1618476719203,-71.917452181,243.703736096,381.974629720
1618476719296,418.566453543,514.130377717,-187.458286519
1618476719389,400.776658489,497.340557419,-102.509271321
1618476719482,-420.293109141,-24.722947142,1025.356559929
1618476719581,-420.293122284,-72.092329241,1027.356561308
1618476719675,119.560191473,435.181363893,32.598958544
1618476719769,148.139798460,451.971165919,-94.719467202
1618476719863,227.088818433,356.232338444,125.337777339
1618476719957,197.509215800,307.862920875,301.025612260
1618476720051,-416.293119398,23.646483978,963.197348162
1618476720145,-388.713502778,56.226069035,901.038134248
1618476720239,401.776660190,564.499766698,-251.617500397
1618476720333,420.566450874,559.499792940,-300.986908715
1618476720427,-25.548033884,151.964898682,631.611480184
1618476720521,-136.076660695,133.175104551,758.929906326
1618476720615,-308.764491446,117.385291771,661.191086581
1618476720709,-278.184892882,148.964914654,554.662464930
1618476720801,479.725672275,517.130365382,-237.827696769
1618476720895,448.146063051,515.130371252,-173.668483632
1618476720989,-389.713509265,39.436279415,932.617741351
1618476721083,-448.872721597,-22.722934501,1089.515773405
1618476721177,-25.548028097,308.862918667,206.286792885
1618476721271,84.980591205,309.862925314,142.127580374
1618476721365,323.827636771,432.181356441,35.598958171
1618476721459,258.668421598,406.601754900,95.758171259
1618476721553,-467.662522902,-70.092348125,1027.356560362
1618476721647,-498.242132330,-36.512735406,995.776954256
1618476721741,260.668425548,502.340565889,-158.878680529
1618476721835,320.827645012,513.130355231,-222.037894067
1618476721929,34.611177753,293.073130105,474.713448203
1618476722020,-25.548030566,196.334301362,584.242070204
1618476722114,-419.293106785,54.226063976,806.299314730
1618476722208,-340.344105765,87.805701893,725.350300254
1618476722302,434.356264019,543.709968919,-315.776712968
1618476722396,400.776652779,526.920175801,-263.407302830
1618476722490,nan,nan,nan
