1610678650119,165.017273022,205.008953717,432.602757998
1610678650214,162.310463385,207.160933129,459.807795290
1610678650311,165.174151526,208.090273930,445.159462792
1610678650405,162.918011258,206.957499965,425.392291584
1610678650499,162.040793806,207.021146052,435.785243791
1610678650593,166.095262707,208.049380785,440.839395258
1610678650687,163.946187016,206.972105272,424.006710971
1610678650781,163.966057398,206.982405368,428.850477155
1610678650875,160.974741443,207.986906866,425.656266798
1610678650969,162.921962216,205.959548000,427.758899720
1610678651063,163.153947250,206.079800755,446.284714672
1610678651157,168.058451773,206.030299311,437.423720754
1610678651251,164.884112607,207.939928115,418.246846911
1610678651345,162.938715346,204.968232225,425.313417150
1610678651439,158.870109798,208.932669559,419.947530873
1610678651528,167.904763471,206.950632785,423.163033820
1610678651622,158.921208763,207.959157437,422.688987015
1610678651716,164.030640277,207.015882825,434.843101213
1610678651810,167.028614660,207.014832818,432.655144916
1610678651904,166.084827561,206.043971577,438.871121413
1610678651998,163.960946948,207.979756293,426.376280168
1610678652092,164.160929560,207.083420135,441.932600889
1610678652186,165.063058984,207.032687525,435.851222410
1610678652280,163.994781278,206.997294801,430.515756536
1610678652374,164.035398177,208.018349150,435.284585189
1610678652468,166.004976346,207.002579560,430.461753511
1610678652562,165.931904321,208.964701633,422.681424385
1610678652656,162.058670915,208.030412906,437.444054877
1610678652748,162.041215412,208.021364597,433.824364539
1610678652842,165.094330360,205.048897489,442.752883067
1610678652936,163.034312163,209.017786200,431.183814294
1610678653030,165.039098385,206.020267206,435.627926269
1610678653124,163.772966206,202.882313791,406.933608977
1610678653218,163.055767567,208.028907915,437.174654159
1610678653312,165.882245087,204.938960059,418.073560367
1610678653406,161.911101451,208.953918168,422.751132926
1610678653500,164.027157204,207.014077324,432.519908024
1610678653594,163.062767728,209.032536548,436.824196792
1610678653688,166.133959349,204.069439741,440.430043917
1610678653782,164.110059192,208.057050753,440.212356150
1610678653876,162.317155563,206.164402115,459.428760281
1610678653967,165.083904159,207.043492919,439.785439247
1610678654061,162.002642594,207.001369826,432.245205428
1610678654155,164.063163479,207.032741691,434.860918422
1610678654249,162.909626875,203.953153800,425.614307507
1610678654343,160.736923812,206.863630702,407.589247160
1610678654437,165.764291790,208.877817284,411.128712825
1610678654531,163.002361445,207.001224089,431.219117678
1610678654625,159.965689377,206.982214599,428.816328570
1610678654719,161.632659393,205.809583751,395.914586036
1610678654813,164.131662908,209.068249349,438.216957932
1610678654907,166.177820938,207.092176022,432.499946273
1610678655001,161.863488919,206.929237532,382.333181746
1610678655095,166.089932756,208.046617928,290.344830869
1610678655184,164.038282210,207.019844130,232.552193685
1610678655278,166.987481028,205.993510612,123.838368700
1610678655372,165.195621054,207.101402966,291.151613172
1610678655466,163.812366334,205.902737410,377.589533857
1610678655560,164.105749923,205.054816982,413.812500523
1610678655654,165.017914045,207.009286001,504.662238354
1610678655748,166.868960801,205.932073960,510.840915866
1610678655842,168.133532322,206.069218386,486.390420216
1610678655936,164.915542750,205.956220378,419.163239571
1610678656030,169.037729269,207.019557505,390.500886463
1610678656124,162.037526792,211.019452548,405.482098663
1610678656218,165.260946426,210.135265306,394.213132960
1610678656312,170.079460728,207.041189603,427.373134836
1610678656406,170.124749659,205.064665767,496.575479829
1610678656500,170.935999933,204.966824652,417.061454877
1610678656594,173.941042698,204.969438641,359.529371401
1610678656688,178.846208198,203.920279824,380.729709350
1610678656782,185.154133371,206.079897234,433.301984742
1610678656876,192.373486471,203.193602045,466.655686678
1610678656970,209.070302533,202.036442322,441.523348886
1610678657064,230.014006739,200.007260593,433.299680690
1610678657158,267.004322115,185.002240430,435.401047659
1610678657252,353.875749659,130.935593062,421.470851769
1610678657346,450.946249579,176.972137702,427.012516091
1610678657440,269.977741527,347.988462003,429.934643593
1610678657534,87.811584703,277.902332240,413.517006578
1610678657626,162.054505266,211.028253583,437.057525717
1610678657721,111.874708432,327.935053327,419.374236640
1610678657816,69.828162750,276.910925708,415.055278138
1610678657911,100.052250234,217.027084655,436.848282035
1610678658006,189.830748763,211.912266205,415.295233442
1610678658101,206.884275141,284.940012367,418.261928431
1610678658196,210.262840565,310.136247160,453.388889488
1610678658291,105.922490397,461.959821791,423.807909472
1610678658386,65.123618772,345.064079556,443.470545146
1610678658481,44.927513522,188.962425599,424.274003530
1610678658576,115.017626319,148.009136854,435.635540309
1610678658671,146.702932199,164.846010663,404.435176504
1610678658766,161.925116956,181.961183305,427.051627011
1610678658859,165.917740461,189.957359593,418.367164444
1610678658953,162.970948669,196.984940828,426.304336516
1610678659047,166.985766087,195.992621648,427.679239928
1610678659141,163.884566409,200.940163350,420.288955136
1610678659235,161.875082779,200.935247375,420.408972208
1610678659329,167.005595240,204.002900373,427.519180492
1610678659423,162.931090271,208.964279658,425.605888954
1610678659517,163.007464072,204.003869108,431.692588742
1610678659611,163.992007120,206.995856777,428.258343301
1610678659705,164.189386973,205.098171442,448.573154923
1610678659799,165.146996267,205.076197614,442.639735255
1610678659893,161.869100683,206.932146470,417.853895425
1610678659987,163.073028290,207.037855257,434.776270972
1610678660077,162.844570476,204.919430887,416.577745590
1610678660171,162.014471726,206.007501626,431.342826654
1610678660265,165.767360893,206.879408197,412.413493857
1610678660359,165.160987915,208.083450385,443.938015656
1610678660453,166.085321530,206.044227633,438.916956698
1610678660547,166.044671290,208.023156001,431.145034269
1610678660641,165.961775918,206.980186002,425.453200055
1610678660735,164.923064592,207.960119433,422.861188826
1610678660829,162.973379924,204.986201104,425.529931957
1610678660923,160.076352311,212.039578311,434.084705816
1610678661017,166.923512139,206.960351425,422.902716584
1610678661111,164.045012237,207.023332736,433.176670683
