1618476822779,-0.028204
1618476822873,0.021741
1618476822967,0.049908
1618476823061,0.051619
1618476823155,0.049769
1618476823249,-0.105307
1618476823341,0.033540
1618476823436,0.000695
1618476823531,0.051619
1618476823626,0.127742
1618476823721,-0.317448
1618476823816,-0.034593
1618476823911,-0.024505
1618476824006,0.055318
1618476824101,-0.017246
1618476824196,0.081497
1618476824291,-0.009986
1618476824386,0.014482
1618476824481,-0.077140
1618476824580,0.062438
1618476824674,-0.045413
1618476824768,-0.002866
1618476824862,0.079647
1618476824956,-0.020945
1618476825050,0.067117
1618476825144,0.106103
1618476825238,-0.013685
1618476825332,0.096015
1618476825426,-0.009986
1618476825520,0.046209
1618476825614,-0.356435
1618476825708,-0.114416
1618476825796,-0.020945
1618476825890,0.016193
1618476825984,0.070816
1618476826078,0.042649
1618476826172,-0.084399
1618476826266,-0.022794
1618476826360,0.016193
1618476826454,-0.116126
1618476826548,-0.054521
1618476826642,0.049769
1618476826736,0.065267
1618476826830,0.044359
1618476826924,0.062438
1618476827016,-0.078989
1618476827110,-0.304779
1618476827204,-0.116126
1618476827298,-0.015535
1618476827392,0.046209
1618476827486,-0.047262
1618476827580,-0.013685
1618476827674,-0.000037
1618476827768,-0.013685
1618476827862,0.086906
1618476827956,-0.052672
1618476828050,0.077936
1618476828144,-0.080700
1618476828236,0.046209
1618476828330,-0.010125
1618476828424,0.046209
1618476828518,0.187637
1618476828612,-0.112566
1618476828706,-0.052672
1618476828800,0.111513
1618476828894,-0.110717
1618476828988,0.049769
1618476829082,0.016331
1618476829176,0.044498
1618476829270,0.038950
1618476829364,0.016193
1618476829456,0.145090
1618476829550,-0.041852
1618476829644,-0.013685
1618476829738,0.047920
1618476829832,0.100693
1618476829926,0.030711
1618476830020,0.057029
1618476830114,-0.205898
1618476830208,0.116923
1618476830302,-0.045413
1618476830396,0.021602
1618476830490,0.049769
1618476830584,0.167847
1618476830675,0.266728
1618476830770,0.251230
1618476830865,0.252941
1618476830960,0.292066
1618476831055,0.351960
1618476831150,0.357370
1618476831245,0.694848
1618476831340,0.980948
1618476831435,1.174309
1618476831530,1.498971
1618476831625,0.119895
1618476831720,-2.013368
1618476831815,-6.326131
1618476831909,-6.764180
1618476832003,-5.495229
1618476832097,-0.319142
1618476832191,2.147329
1618476832285,1.168635
1618476832379,-6.847382
1618476832473,-1.258962
1618476832567,-0.750219
1618476832661,-0.244788
1618476832755,0.130311
1618476832849,-0.159584
1618476832943,-0.708904
1618476833037,-0.337336
1618476833129,0.038039
1618476833223,-0.123870
1618476833317,-0.134551
1618476833411,-0.408989
1618476833505,-0.139961
1618476833599,-0.064223
1618476833693,-0.049705
1618476833787,0.019160
1618476833881,-0.037174
1618476833975,-0.155113
1618476834069,-0.014417
1618476834163,-0.047262
1618476834257,0.009072
1618476834349,-0.082550
1618476834443,-0.105307
1618476834537,0.088756
1618476834631,0.010783
1618476834725,0.016193
1618476834819,-0.112566
1618476834913,-0.015535
1618476835007,0.057029
1618476835101,-0.017384
1618476835195,-0.073579
1618476835289,-0.020945
1618476835383,-0.011974
1618476835477,-0.078989
1618476835571,-0.095219
1618476835665,-0.158673
1618476835759,-0.080839
1618476835853,-0.156824
1618476835947,0.035389
1618476836041,-0.045413
1618476836135,0.150500
1618476836229,-0.078989
1618476836323,-0.010125
1618476836417,-0.102478
1618476836511,-0.015535
1618476836605,0.007222
1618476836699,-0.077140
1618476836788,0.019891
1618476836882,0.016193
1618476836976,-0.094487
1618476837070,0.083346
1618476837164,0.061707
1618476837258,-0.043702
1618476837352,0.083346
1618476837446,-0.308478
1618476837540,-0.077140
1618476837634,0.062438
1618476837728,0.021602
1618476837822,-0.063353
1618476837916,-0.054521
1618476838009,0.182227
1618476838103,0.176817
1618476838197,-0.135323
1618476838291,-0.073579
1618476838385,-3.432375
1618476838479,-0.015535
1618476838573,0.049769
1618476838667,-0.006426
1618476838761,0.032422
1618476838855,-0.004715
1618476838949,-0.078989
1618476839043,-0.011836
1618476839137,0.046209
1618476839228,-0.080839
1618476839322,0.155909
1618476839416,-0.059793
1618476839510,-0.239475
1618476839604,0.012632
1618476839698,0.014482
1618476839792,0.019891
1618476839886,-0.078989
1618476839980,0.046209
1618476840074,0.005373
1618476840168,-0.047262
1618476840262,0.020623
1618476840356,-0.107156
1618476840445,-0.087959
1618476840539,0.016193
1618476840633,0.085196
1618476840727,0.057029
1618476840821,0.096015
nan,nan
