1616035308479,-169.760402990,-270.442002892,-166.485191663
1616035308572,380.946375586,-92.904758567,-584.638212036
1616035308666,353.756283413,-69.413016129,-645.716795624
1616035308760,-80.491780610,-94.603107045,-208.770316660
1616035308854,142.330599861,126.917622467,-253.753838753
1616035308948,437.326558296,379.930095001,-613.828287368
1616035309042,34.268583504,167.504410734,-294.340629943
1616035309136,36.966931953,112.124228293,-159.786875656
1616035309230,438.326557782,372.231746339,-578.638224273
1616035309324,145.028948874,236.979638889,-406.100965720
1616035309418,-48.603341085,94.330834299,-129.898403594
1616035309512,387.644724134,330.946609583,-524.559680390
1616035309606,273.884359480,318.549912559,-529.258018786
1616035309700,-87.888478344,88.632485655,-124.200079355
1616035309790,284.979404610,260.471381487,-413.799331384
1616035309886,365.851329950,361.835049317,-598.733259364
1616035309982,-54.000038137,105.425879909,-187.976933543
1616035310078,167.520690922,200.392850455,-294.340635142
1616035310174,436.326558675,363.835049489,-603.431569575
1616035310270,1.380143442,152.409365051,-254.753858995
1616035310366,52.061978276,143.012668215,-184.278579097
1616035310462,453.421604317,385.326792173,-611.828264636
1616035310558,121.537206505,226.884593360,-374.212509264
1616035310654,-47.603342010,103.727531141,-124.200105614
1616035310750,389.343072727,356.438352272,-522.559677207
1616035310846,221.202524855,294.359821166,-475.576225393
1616035310942,25.570234844,133.615970959,-176.881923352
1616035311037,429.628208339,362.835049045,-565.844879729
1616035311131,127.235554909,234.979638932,-389.307562034
1616035311225,-46.603341758,85.632485598,-118.501743291
1616035311319,385.946375593,330.946609581,-505.464635093
1616035311413,253.090964784,311.153215351,-490.671260907
1616035311507,-90.888478046,86.632485728,-118.803365952
1616035311601,286.979404663,287.661472710,-405.100979938
1616035311695,343.359587201,373.231746368,-569.543172179
1616035311789,-84.190128917,91.330834409,-164.786818895
1616035311883,170.520692311,224.884593472,-299.038907784
1616035311977,44.363629340,204.091199071,-303.737314383
1616035312071,-12.714901656,146.012668106,-237.960437142
1616035312165,61.458674677,143.012668050,-190.675312721
1616035312256,435.326557705,384.326791925,-596.733274046
1616035312350,95.347114463,204.091199015,-347.022463571
1616035312444,-31.508295541,103.727531354,-128.898406886
1616035312538,398.739769723,355.438352254,-536.654726858
1616035312632,222.202524655,275.566426977,-460.481190703
1616035312726,-79.491780864,81.934137221,-115.803359855
1616035312820,338.661237883,293.359821081,-432.989455981
1616035312914,321.566193187,345.041655190,-544.051422634
1616035313008,-89.888478238,96.029182751,-134.596770601
1616035313102,-64.396735173,112.124228452,-180.580234616
1616035313196,416.533163119,381.628443280,-594.034949905
1616035313290,-50.301689410,133.615971166,-208.770317210
1616035313384,94.347115379,180.599456566,-237.960397181
1616035313477,436.326558114,392.025140561,-589.336554621
1616035313571,46.363629258,190.996153446,-298.038970280
1616035313665,0.380143508,119.219273858,-163.786884647
1616035313759,427.929861259,362.835049404,-577.241497305
1616035313853,165.822343689,253.074684661,-414.497625900
1616035313947,-76.793431708,85.632485909,-101.708280288
1616035314041,363.152981338,319.549912483,-500.067944293
1616035314135,278.582707688,330.946609548,-536.654733748
1616035314229,-80.491780982,73.537440122,-114.803366327
1616035314323,256.789313550,251.074684454,-368.212534880
1616035314417,386.343072189,364.835049209,-585.638237553
1616035314511,-59.698386744,112.822576961,-193.675286055
1616035314605,140.330600191,180.599456433,-273.547214870
1616035314698,441.024906925,401.421837699,-617.526630743
1616035314793,11.475189561,157.107713713,-267.848876464
1616035314888,34.268584778,133.615971303,-175.881846931
1616035314983,437.326558455,382.628443575,-587.638187453
1616035315078,116.838857510,222.884593246,-384.609231521
1616035315173,-55.000038146,83.632485767,-125.200054554
1616035315268,398.739769646,340.343306630,-529.258033981
1616035315363,15.475189648,120.520925454,-174.881901049
1616035315458,-80.491781174,82.934137144,-115.803376818
1616035315553,316.169496292,274.566427208,-425.894351152
1616035315648,358.454632522,363.835049228,-564.844839144
1616035315743,-70.095084106,96.029182749,-158.088513688
1616035315838,194.012433713,219.186244624,-312.832371492
1616035315928,422.231513005,386.326792148,-609.129921677
1616035316022,-30.508295050,147.711016825,-242.658744909
1616035316116,69.855371711,161.806062181,-219.167057349
1616035316210,459.818300230,388.326791888,-613.828327844
1616035316304,90.648767009,218.186244886,-355.720753043
1616035316398,-28.809947157,110.124228387,-148.691809298
1616035316492,175.219040126,228.582941830,-302.737295680
1616035316586,206.107480522,283.963124410,-465.481110258
1616035316680,-69.396735215,90.632485767,-109.406660381
1616035316774,330.962890555,307.454866983,-455.782784176
1616035316868,309.471147227,329.946609497,-558.749790590
1616035316962,-89.888477930,91.330834292,-143.295102320
1616035317056,224.900874787,236.979639091,-364.117435651
1616035317146,397.739769284,376.930094820,-596.336584717
1616035317240,-47.603341691,119.520925360,-206.675316208
1616035317334,112.140509052,175.901107916,-268.055468304
1616035317428,440.024906133,401.421837503,-640.526674069
1616035317522,36.966932224,185.297804920,-344.832362470
1616035317616,343.359587054,301.756518308,-508.481163942
1616035317710,437.326557560,388.326791889,-642.543190751
1616035317804,158.123994611,260.471381597,-497.100958513
1616035317898,-72.095083003,89.632485951,-24.803316631
1616035317992,374.248025917,330.946609300,-426.972954783
1616035318086,278.281055825,315.851563845,-464.861361325
1616035318180,-105.285174923,86.632485776,182.101598941
1616035318274,268.884358675,265.169729941,-22.609258176
1616035318363,371.248026584,363.835049209,-213.638237555
1616035318457,-70.396735426,110.124228390,319.419751556
1616035318551,139.028948095,194.694501883,121.056053623
1616035318645,420.929861871,386.326792230,-277.733206533
1616035318739,420.628210402,374.231746624,-375.241464089
1616035318833,6.173538563,133.615971153,-174.278577337
1616035318927,424.024906363,380.930094886,-582.336570251
1616035319021,93.838856673,243.979638645,-397.307625762
1616035319115,-71.508295353,109.029182866,-135.200048101
1616035319209,331.343073195,365.644958248,-532.559651597
1616035319303,118.297570682,601.359821221,-497.671258839
1616035319397,-162.983523601,271.934137206,-124.501711789
1616035319491,102.677753436,448.963124233,-421.196012556
1616035319585,254.756283751,589.835049170,-587.638246194
1616035319679,-266.491780509,293.124228518,-163.786825802
1616035319773,-66.384263553,368.487896040,-296.340639507
1616035319867,320.533162882,404.533397617,-612.828356999
1616035319961,-43.619855639,89.806062347,-262.452157318
1616035320055,134.157023715,-75.193937686,-212.770330814
1616035320149,381.024906719,208.421837648,-604.431596399
1616035320243,11.553721013,122.487896255,-346.022425878
1616035320337,-63.413250297,65.124228335,-145.993472248
1616035320431,368.739768996,337.136700609,-548.051463657
1616035320525,185.107479918,272.963124261,-469.179491804
1616035320619,-88.095084480,68.537439982,-129.898442963
1616035320713,326.661239158,296.756518465,-445.687734873
1616035320801,307.867844412,350.438352200,-539.654738693
1616035320895,298.772798820,326.946609529,-538.654737971
1616035320989,179.615735978,216.186244460,-294.340665127
1616035321083,395.739769464,401.421837539,-604.431620492
1616035321177,-44.206643056,117.520925745,-209.770276251
1616035321271,99.743812193,155.107713828,-224.563714098
1616035321365,438.024905887,400.421837443,-603.431641900
1616035321459,48.363629965,199.392850690,-317.832325829
1616035321553,1.380144334,133.615971131,-156.088490996
1616035321647,418.231513024,382.628443618,-568.844783845
1616035321741,175.219040379,255.773033102,-420.195995207
1616035321835,-78.491781978,96.029182551,-129.200117772
1616035321929,362.851330437,330.946609692,-479.576170812
1616035322021,129.933903133,241.677987391,-392.307579038
1616035322115,-102.285175677,89.632485590,-130.898442250
1616035322209,252.090965080,259.471381540,-375.212531361
1616035322303,387.343072732,377.930094948,-590.336556393
1616035322397,-65.396734781,124.219274153,-186.278561757
1616035322491,130.933902716,189.996153403,-262.150539941
1616035322585,425.929861803,400.421837818,-615.828255854
1616035322679,20.173538358,175.901107917,-279.245559229
1616035322773,15.173537706,133.615970942,-167.183578541
1616035322867,435.326557996,386.326791997,-579.939864034
1616035322961,142.330600338,234.979638889,-391.005920209
1616035323055,-47.603341751,81.934137065,-115.803394356
1616035323149,-10.016552792,148.711016722,-231.262070615
1616035323241,260.789314146,297.359821415,-503.067912806
1616035323335,-79.491781415,72.537440015,-113.803389950
1616035323429,300.074451395,289.661472988,-419.195963967
1616035323523,351.756284777,344.740003818,-576.241493085
1616035323617,-82.491781029,104.727531320,-172.183551315
1616035323711,161.123994062,207.789547577,-294.340623658
1616035323805,428.929860306,403.421837449,-617.526686198
1616035323899,-8.318204729,156.107713676,-262.452187607
1616035323993,48.363629245,144.012668093,-190.976954696
1616035324087,438.326557808,390.326791950,-609.129965515
1616035324181,94.347115284,218.186244822,-359.117464273
1616035324275,-90.586826599,87.632485724,-122.200064019
1616035324369,405.136466368,363.835049219,-543.353098576
1616035324459,211.805827651,275.566426993,-461.481187081
1616035324553,-94.586826162,86.632485832,-115.803343061
1616035324647,313.169495890,293.359821249,-442.687767285
1616035324741,332.962890738,348.041655308,-573.543139023
1616035324835,-80.491780800,96.029182841,-143.993447571
1616035324929,219.202525783,237.979638975,-330.927370083
1616035325023,418.533163399,383.628443349,-609.129980229
1616035325117,-37.508294757,145.012668362,-209.770289187
1616035325211,91.347114336,176.901107774,-237.960454206
1616035325305,435.326557515,387.326791878,-614.828330030
1616035325399,-61.698387373,92.330834131,-120.501743857
1616035325493,-0.619856068,119.520925427,-160.088512948
1616035325587,432.628210117,365.835049484,-562.146434042
1616035325676,177.917388042,258.471381422,-424.894391402
1616035325770,-69.095084508,89.632485580,-121.501747381
1616035325864,363.152981162,326.248260974,-483.274559819
1616035325958,315.169496110,330.248261048,-529.258028902
1616035326052,-103.983524070,87.632485625,-129.898434469
1616035326146,244.694267561,246.376335824,-360.117510288
1616035326240,398.739769581,377.930094893,-598.034917025
1616035326334,-66.396734945,124.219274113,-204.071964860
1616035326428,123.537205840,192.996153451,-271.848877872
1616035326522,86.648765431,153.409365008,-219.167080258
1616035326616,25.570236050,179.901108070,-279.245525260
1616035326710,26.570234611,119.520925296,-177.881936110
1616035326804,437.326557259,382.628443280,-593.336601366
1616035326896,128.933903008,236.979638825,-388.307585884
1616035326990,-68.396735775,85.632485629,-126.200085106
1616035327084,381.946375517,340.343306633,-517.162987767
1616035327178,231.297571676,307.454867071,-493.671204503
1616035327272,-97.586826785,87.632485678,-125.200074206
1616035327366,297.376101507,284.963124119,-421.196037877
1616035327460,349.057935955,364.835049352,-572.543160211
1616035327554,-80.491780504,92.330834379,-163.786825533
1616035327648,245.694267986,251.074684464,-369.514184161
1616035327742,411.834815544,388.326792052,-607.129943035
1616035327836,-17.413249738,138.314319683,-237.960412370
1616035327930,62.458674857,161.107713699,-223.865394075
1616035328024,446.723254301,373.231746203,-597.733299982
1616035328113,92.347115154,213.487896255,-346.022425771
1616035328207,-35.508294665,105.425880105,-133.596707566
1616035328301,399.739768532,357.136700495,-543.353140436
1616035328395,196.710781837,263.169729872,-468.179547063
1616035328489,-77.491781360,96.029182704,-113.803386939
1616035328583,328.264541708,301.058169836,-454.084452710
1616035328677,320.566193403,330.946609638,-532.654713752
1616035328771,390.343073292,330.946609736,-528.257994854
1616035328865,232.297571197,237.979638928,-338.324077564
1616035328959,405.438118151,382.628443437,-596.733263653
1616035329053,-52.301689783,112.124228399,-210.770337582
1616035329147,100.045463756,160.806062387,-228.563708779
1616035329241,433.628209815,394.025140619,-613.828284437
1616035329332,46.363629265,187.297804912,-301.038969905
1616035329426,13.475189183,124.219273875,-163.786880841
1616035329520,438.326558330,382.628443544,-562.146451609
1616035329614,151.727296542,241.677987211,-412.497710193
1616035329708,-65.396734407,83.934137431,-110.803313276
1616035329802,370.549677647,337.644957900,-488.671288825
1616035329896,440.024906100,387.326791890,-599.733281728
1616035329990,-105.983523032,87.632485881,-121.501680693
1616035330084,273.884358920,260.471381466,-393.005941857
1616035330178,376.946374739,368.533397651,-578.939909767
1616035330272,-60.698386426,108.124228504,-185.278571596
1616035330366,161.123995094,213.487896366,-269.848824625
1616035330460,434.326557936,392.025140517,-618.526655591
1616035330560,5.078492239,166.504410721,-261.452193171
1616035330653,36.966932524,147.711016714,-190.976935629
1616035330746,439.024907172,381.628443620,-590.336526037
