1618478173297,-92.514446029,219.658479227,233.068548231
1618478173391,-91.624291658,219.201329899,233.063479601
1618478173485,-90.363584830,221.912932013,237.075509451
1618478173579,-88.565008511,216.966414590,234.112358327
1618478173673,-94.096358780,218.592316514,234.087840119
1618478173767,-95.883008212,233.363774901,231.959255165
1618478173861,-88.784267758,212.108039487,233.148384213
1618478173955,-87.651025868,200.565682927,233.246818844
1618478174049,-95.295509777,236.402333488,233.940221018
1618478174143,-90.520441390,228.571990886,231.975985163
1618478174237,-96.103938764,230.513659289,230.995203932
1618478174329,-95.348728963,225.781456653,235.030051737
1618478174423,-90.758923427,227.808613687,236.011124047
1618478174517,-89.849994049,220.374796437,233.099208179
1618478174611,-92.547862092,232.707502389,232.974719884
1618478174705,-89.414346579,216.221852137,234.119310353
1618478174799,-101.739403428,246.479912866,234.827451917
1618478174893,-91.139058212,225.745276079,237.039726619
1618478174987,-94.067220791,232.274142681,230.950755005
1618478175081,-90.534241307,212.872423397,237.159921236
1618478175175,-85.918799032,199.947060765,233.280606142
1618478175269,-89.114442725,221.681686311,230.087005668
1618478175363,-94.787440620,227.949543984,234.009808172
1618478175457,-94.305777153,231.511132792,235.985890460
1618478175547,-89.432491422,222.253464358,234.072329880
1618478175641,-93.635497885,244.966417754,231.832246452
1618478175735,-100.997019315,268.520801369,233.630991847
1618478175829,-93.676386883,225.400722919,235.014932548
1618478175923,-91.481574811,216.554090126,233.116208226
1618478176017,-87.660607369,220.438858548,236.107947089
1618478176111,-94.555405998,251.512549800,228.789798938
1618478176205,-94.980020431,229.901262139,235.000921921
1618478176299,-93.062622329,215.425592951,234.089396828
1618478176393,-92.304187020,234.445215916,231.939820623
1618478176487,-91.281665183,226.450031379,234.033146275
1618478176581,-89.865998241,211.511946746,233.144612906
1618478176675,-99.927429467,259.293009477,230.726489369
1618478176766,-92.341036790,215.859559452,233.122693102
1618478176860,-92.926027007,234.576371266,230.957270140
1618478176954,-92.974733982,227.875136819,234.001165855
1618478177048,-92.369344839,225.883339109,233.029100454
1618478177142,-93.996946699,237.868793698,234.907854466
1618478177236,-93.741564641,230.664769048,234.965781826
1618478177330,-93.126189732,235.565563738,232.948033989
1618478177424,-91.881467472,223.472277718,233.051612683
1618478177518,-95.052148863,245.083541031,231.859164050
1618478177612,-100.168648952,273.310926454,234.576929093
1618478177706,-92.532054047,246.455204360,231.837019683
1618478177800,-101.477274573,248.126428872,236.793404173
1618478177894,-92.029840285,237.031351877,232.906336651
1618478177983,-94.975785975,232.822277174,233.954974101
1618478178077,-94.195727022,236.909212955,230.944825315
1618478178171,-89.789927542,234.903775675,230.963550206
1618478178265,-91.973161257,227.925423037,233.047381637
1618478178359,-88.428573280,189.582452323,235.349369944
1618478178453,-94.311379435,232.538818942,233.985631953
1618478178547,-88.564963783,203.140369142,233.250790025
1618478178641,-91.299610814,241.364542039,231.893888572
1618478178735,-92.584091974,235.828489812,229.926904909
1618478178829,-95.167196099,230.826273335,233.992285035
1618478178923,-98.257202889,235.213023091,236.941988621
1618478179017,-88.604115320,208.275795216,232.202840236
1618478179111,-96.231025797,245.967540369,231.850910093
1618478179203,-90.157375023,215.951913751,234.131167845
1618478179297,-99.970896243,243.681995337,234.862913306
1618478179391,-92.295618203,226.518986387,236.032502438
1618478179485,-96.202064769,245.824416665,232.852246448
1618478179579,-94.189115513,230.934597794,233.991273603
1618478179673,-94.095121935,244.295911436,233.857181134
1618478179767,-89.118549862,219.701983543,236.086816152
1618478179861,-91.053083586,215.436511575,232.135980187
1618478179955,-98.703432387,258.186029022,234.736825313
1618478180049,-94.133599364,237.544123172,233.901548873
1618478180143,-93.456740480,235.199126185,231.932781316
1618478180237,-94.885715188,231.377152618,234.959130257
1618478180331,-92.557816511,232.756696547,232.974260555
1618478180423,-95.774443005,228.885310533,240.010407924
1618478180517,-92.163656449,209.041014724,234.177021212
1618478180611,-99.524430739,258.359471888,231.791228236
1618478180705,-91.843604552,231.169044318,234.961073377
1618478180799,-96.645046062,237.129721351,231.924092292
1618478180893,-92.106007146,230.523881110,234.995108490
1618478180987,-87.296614597,205.756144638,233.217029307
1618478181081,-93.222991868,226.160071290,235.035853651
1618478181175,-92.394209382,220.064276756,237.074096336
1618478181269,-90.084028271,216.531379864,237.088409089
1618478181363,-90.875141702,223.441016131,241.051904574
1618478181457,-93.374195051,235.791191506,237.936590227
1618478181551,-90.963567383,227.819952137,242.001681118
1618478181643,-96.077794585,243.210280690,253.857980674
1618478181737,-92.626539370,227.154379428,259.017232673
1618478181831,-93.487408539,236.350685936,279.931366193
1618478181925,-96.827009495,269.622564255,301.592693434
1618478182019,-87.517340355,209.788899885,316.160701100
1618478182113,-84.296410749,203.755137235,265.217038713
1618478182207,-83.140493561,192.100720682,142.316519656
1618478182301,-90.514597118,228.543108836,155.976254836
1618478182395,-87.382074311,227.888188879,187.982369864
1618478182489,-86.400528942,247.747156457,216.796945463
1618478182583,-78.625116661,233.031231414,251.925011898
1618478182677,-69.532039882,228.629309954,207.975449971
1618478182771,-49.880869768,205.701558029,186.236213109
1618478182859,-15.852643254,277.213713055,159.960656302
1618478182953,-6.678497812,275.701447666,213.245551201
1618478183047,-19.567723736,369.921774540,225.066089826
1618478183141,-60.889858359,510.165393797,228.774366232
1618478183235,-114.084615221,489.766514666,229.272954851
1618478183329,-225.325430184,307.492139857,230.892697183
1618478183423,-137.021606451,196.990660749,233.906716586
1618478183517,-73.187027546,167.808162120,231.899083526
1618478183611,9.004488611,277.210051680,232.184779965
1618478183705,-131.632423587,374.357634479,232.155390791
1618478183799,-94.983063228,199.380767726,232.369927209
1618478183893,-102.854503348,208.513198192,233.191286529
1618478183987,-108.317075783,221.741145557,233.123798739
1618478184078,-111.091532538,230.452348447,233.995776395
1618478184173,-109.009422045,235.930446128,230.907278814
1618478184268,-101.340645987,231.683452529,232.984281500
1618478184363,-96.963073212,209.049744105,238.186276766
1618478184458,-98.118775515,231.586981643,229.994519316
1618478184553,-101.138775526,234.627761995,235.947453240
1618478184648,-98.867000415,239.168548239,231.867707394
1618478184743,-92.394809165,231.951123785,234.981782237
1618478184838,-92.389675779,205.216047552,235.212735165
1618478184933,-95.719961769,219.674125987,234.059065075
1618478185028,-92.681205429,217.540652954,232.106996628
1618478185123,-91.429454488,211.354573072,233.164756437
1618478185218,-100.662567482,257.984077049,232.738710951
1618478185307,-102.381915511,258.539052906,233.705517923
1618478185401,-91.796072411,229.934143259,231.963266662
1618478185495,-87.107404152,211.704960632,234.133473662
1618478185589,-90.819536375,217.224276391,235.100613594
1618478185683,-89.705241275,228.543319635,230.013601114
1618478185777,-94.948421985,233.687045934,231.956236764
1618478185871,-86.432191488,209.426157700,234.210773354
1618478185965,-90.719632366,215.730556628,230.105223486
1618478186059,-93.586123207,241.780469514,233.880667970
1618478186153,-92.032932214,220.278866139,232.090766825
1618478186247,-98.824993607,258.786777454,230.731216088
1618478186341,-95.501936878,222.596659735,235.069125443
1618478186435,-94.464631031,246.122003761,234.840130798
1618478186523,-98.987707663,246.707017859,233.815994362
1618478186617,-101.777722295,277.320931268,233.548824493
1618478186711,-93.086155521,230.425775543,232.996024508
1618478186805,-92.594145044,228.994288564,230.018727451
1618478186899,-100.752688990,248.545569337,232.826838878
1618478186993,-98.542604954,244.507346327,232.836532831
1618478187087,-94.076660033,228.378849398,230.996462660
1618478187181,-92.077690244,223.441999173,237.042558334
1618478187275,-93.918368250,217.712697736,230.096053174
1618478187369,-93.841434460,235.158319851,232.961173512
1618478187463,-93.319305398,224.636047120,232.031409435
1618478187557,-87.278151677,205.664901970,235.217881246
1618478187651,-96.971930456,244.687106358,232.862865585
1618478187743,-93.262937467,224.357480104,235.034010432
1618478187837,-98.875082170,238.266546331,229.913477687
1618478187931,-100.721181154,242.505976516,233.920579174
1618478188025,-95.108821801,234.479732437,234.948835401
1618478188119,-91.062466068,216.424820717,234.089404038
1618478188213,-86.551192149,190.188427599,232.343711916
1618478188307,-98.027340081,243.960937480,233.860308807
1618478188401,-91.405684125,220.120984263,234.073566855
1618478188495,-94.593728830,235.934173127,230.972603445
1618478188589,-87.391749334,213.168236407,233.166496273
1618478188683,-91.630657864,215.290849848,232.109329055
1618478188777,-95.213128741,240.937152700,232.897879133
1618478188871,-97.287567100,245.246964180,231.848301096
1618478188960,-86.135723214,195.077145905,234.316739775
1618478189055,-99.642626169,239.059703850,232.878060742
1618478189150,-90.940672758,221.764866776,233.048880761
1618478189245,-92.352779074,236.685355004,235.937578429
1618478189340,-86.995226010,201.266699883,230.230936344
1618478189435,-94.944870912,240.553379678,232.864114199
1618478189530,-91.810483012,220.121476673,237.054888134
1618478189625,-97.480442794,235.316261633,230.931687615
1618478189720,-88.490291958,202.771345352,234.254235623
1618478189815,-88.120746869,219.712841026,235.086714775
1618478189910,-95.260869525,235.231143392,234.941819431
1618478190005,-96.016076292,233.079448095,231.999258188
1618478190100,-92.366332909,221.926512859,233.075382646
1618478190197,-99.563264992,252.493329959,231.743293087
1618478190291,-93.157620111,223.837007896,236.038870113
1618478190385,-92.600894779,216.143762422,231.110702420
1618478190479,-86.545002900,192.157840690,230.343997508
1618478190573,-94.333755307,241.533282127,231.892313035
1618478190667,-99.541709101,257.386802009,232.744287745
1618478190761,-89.783477700,222.988017998,237.056134246
1618478190855,-94.225606333,237.998816225,230.897303376
1618478190949,-94.077427802,224.440702199,233.042570444
1618478191043,-95.748959478,242.585196838,230.873154182
1618478191137,-94.943207154,229.661274546,233.956477393
1618478191231,-95.030285645,232.091611351,229.952459312
1618478191325,-92.700379082,222.577349493,237.059968683
1618478191414,-102.631614102,262.773048729,233.693996028
1618478191508,-96.602769604,247.804676502,234.833756640
1618478191602,-89.801711084,211.194243383,234.147579322
1618478191696,-90.686070386,227.448578220,237.014485721
1618478191790,-97.211866749,248.814798941,230.805650942
1618478191884,-97.764475603,229.777993685,230.964724641
1618478191978,-100.390040759,261.579207405,233.705142998
1618478192072,-94.356669032,220.878754543,232.075828568
1618478192166,-98.074114730,238.250153594,232.904293685
1618478192260,-97.431193224,239.072873139,231.933960148
1618478192354,-93.226629328,208.352223006,233.174115441
1618478192448,-92.955807787,195.129955864,233.278898439
