1618477105701,-13.867683175,291.898597213,122.427782809
1618477105795,-102.301733001,208.299005861,287.709747299
1618477105889,-133.474020896,192.712824355,317.799257156
1618477105983,-146.060156327,205.298967941,275.040844112
1618477106077,-133.474019327,214.133421821,259.454706981
1618477106168,-10.950468602,285.064099351,113.593335429
1618477106262,-11.867693084,283.064109281,127.179470998
1618477106356,-153.894609691,184.961153443,341.137074842
1618477106450,-158.811837172,190.712835771,349.971529778
1618477106544,-92.632831003,240.388481794,211.944610400
1618477106638,-87.715609496,245.222916881,184.606794184
1618477106732,-30.288283761,266.643522247,160.268972174
1618477106826,-39.122733265,249.974630454,186.524016166
1618477106920,-176.232426133,181.126709378,355.805982785
1618477107014,-178.232429320,187.878381149,342.054302262
1618477107108,-42.957198597,267.560733107,145.765610315
1618477107202,-32.371062526,279.312411354,126.262246266
1618477107296,-82.881151293,232.554017945,245.868568985
1618477107389,-90.715609470,220.885097262,261.454708202
1618477107483,-160.646293594,201.464513172,318.799256027
1618477107577,-149.894616283,194.630041335,299.378666759
1618477107671,-4.033238865,289.981334389,115.593334098
1618477107765,-6.033237361,282.981339401,115.593333217
1618477107859,-131.474011374,200.464538460,311.964796657
1618477107953,-147.142928362,191.712832301,336.302620537
1618477108047,-125.722341797,225.802315489,251.868572511
1618477108141,-108.218971884,225.802332597,218.696294876
1618477108235,-11.867696918,275.312414121,135.013928168
1618477108329,-26.453825671,268.560760250,151.517287933
1618477108423,-164.563516895,189.795617185,345.971528218
1618477108517,-168.397982513,175.209444256,349.805989403
1618477108610,-69.295021114,257.809041342,162.268976740
1618477108704,-28.371061790,276.312413805,134.096700761
1618477108798,-46.957187329,254.891860787,192.441243124
1618477108892,-65.377786469,242.305700491,210.779066866
1618477108986,-178.232424767,187.878396317,341.137072134
1618477109080,-161.563518973,181.878382801,339.219847046
1618477109174,-20.619368306,285.064133152,118.510556951
1618477109268,-10.867688270,274.395215466,113.593330866
1618477109362,-100.301739004,213.133440789,285.792523350
1618477109456,-113.970653081,206.298971788,299.378663138
1618477109550,-149.060163032,207.298945607,287.958075500
1618477109644,-135.391246774,216.050649338,275.123616823
1618477109738,-9.033234746,286.981348111,110.758876760
1618477109833,-2.116003454,284.146905941,115.593329444
1618477109927,-149.977388274,193.712815692,344.054305844
1618477110021,-160.646295214,186.712825388,344.054304140
1618477110115,-91.632831081,251.140163920,212.861837909
1618477110209,-77.046690688,241.305719250,182.606788941
1618477110303,-21.619371274,278.229668342,158.351743168
1618477110397,-38.122737366,256.809071720,180.772336178
1618477110491,-185.066880825,183.961165079,354.805982648
1618477110585,-177.232428623,176.126701083,348.054301854
1618477110679,-43.039961864,272.477991447,145.765604889
1618477110773,-43.039961958,282.229673524,116.427785241
1618477110867,-74.129463465,237.471263526,237.116883412
1618477110961,-82.881153364,220.885101196,262.454707511
1618477111051,-166.480744316,191.712844786,328.716481029
1618477111145,-151.894606796,203.464527863,307.130343594
1618477111239,-12.784919453,292.898567851,104.841650655
1618477111333,-14.867691151,278.229660794,107.758877626
1618477111427,-132.474016180,202.381749916,308.130344544
1618477111521,-152.894613147,178.126687005,343.137076865
1618477111615,-122.722331398,228.719577590,251.703021350
1618477111709,-114.053420528,222.802353523,229.365201050
1618477111803,-16.784916014,275.312441993,129.179468344
1618477111897,-19.619374778,277.229656669,147.682835368
1618477111991,-169.480741864,178.043943105,347.971526758
1618477112085,-170.397978561,178.961139806,358.723214553
1618477112179,-71.129465963,257.809074908,180.772335618
1618477112272,-60.460562296,272.477964160,154.517292073
1618477112366,-41.039970155,251.057371592,196.275704073
1618477112460,-59.543329094,242.222936111,205.027383044
1618477112554,-176.232424978,186.878395613,348.137072257
1618477112648,-162.646292583,183.126696839,338.219847674
1618477112742,-33.371063276,281.146863782,122.427791779
1618477112836,-14.784917259,283.064120234,125.345014147
1618477112930,-94.550055658,217.967898906,278.040840401
1618477113024,-114.970655735,208.298962947,298.461437229
1618477113118,-145.060149672,206.298990111,287.709750067
1618477113212,-134.391238844,206.298993364,280.040839644
1618477113306,-8.950465793,280.146881246,112.758878859
1618477113400,-2.116003646,283.064132764,126.427784482
1618477113489,-150.977388923,190.712813528,342.219851299
1618477113583,-162.646288230,182.043938801,354.137072589
1618477113677,-92.550055537,232.554036624,226.779063611
1618477113771,-88.715610800,239.305685072,216.275704799
1618477113865,-13.784917783,271.395208636,187.517289083
1618477113959,-30.288287757,265.560736399,227.937884365
1618477114053,-173.232429580,183.961152821,422.805984803
1618477114147,-173.232428366,190.712839254,447.640439018
1618477114241,-39.039958676,263.643547143,176.848375559
1618477114335,-19.619378929,276.229642842,75.593335707
1618477114429,-70.129468045,234.388475734,134.365203705
1618477114523,-82.715601667,219.802350719,170.703021246
1618477114617,-164.397970312,181.878394747,288.633707633
1618477114709,-140.894611366,195.547285177,303.213118806
1618477114803,0.215072819,283.064087185,135.758882641
1618477114897,17.883989992,283.981339034,78.758878356
1618477114991,-77.722330002,209.381762537,247.882024715
1618477115085,-79.391242209,209.712844841,254.550935945
1618477115179,-38.722328336,273.967905403,233.620247020
1618477115273,-30.301743620,341.636790192,229.199659184
1618477115367,62.132305962,528.229651177,124.179471557
1618477115461,-7.784916495,638.312440388,141.765605940
1618477115555,-286.480743395,223.043938004,351.805982580
1618477115649,-205.480747280,125.292242676,352.805984854
1618477115743,-40.295012648,186.643524469,172.020654172
1618477115837,34.539440739,329.560746807,143.682835370
1618477115925,-134.874420213,431.057387805,189.524018835
1618477116019,-55.708881805,268.305683212,219.613524828
1618477116113,-184.480738502,215.795636691,338.137069865
1618477116207,-189.646283534,202.630091758,331.468159988
1618477116301,-34.784924107,291.981324886,113.510563231
1618477116395,-26.867690862,289.981344146,106.758877457
1618477116489,-104.550061843,211.133423379,279.875298947
1618477116583,-118.970653667,211.216197300,303.213118407
1618477116677,-151.060145215,206.299004955,287.709747458
1618477116771,-142.225695993,214.133440882,265.289158557
1618477116865,-5.198791178,281.229627890,121.427793260
1618477116959,-11.033243675,281.229635979,133.096701690
1618477117053,-165.646293224,191.712832018,336.302620587
1618477117152,-173.315201125,182.043928663,364.474894073
1618477117247,-94.550063903,241.305691143,204.110158657
1618477117342,-74.129470886,243.305693733,191.441248351
1618477117437,-33.371055844,263.643523759,172.020654297
1618477117532,-43.039957325,260.809096715,181.689559248
1618477117627,-176.232428576,171.292246314,353.805984215
1618477117722,-184.066890293,179.126678616,349.971533265
1618477117817,-46.039957342,276.312461436,136.013919853
1618477117912,-31.371063357,276.229636047,120.345019290
1618477118007,-85.881149840,243.388477710,251.703023060
1618477118102,-93.550058301,221.885117564,271.123614486
1618477118197,-168.480751252,196.630049147,313.964802700
1618477118292,-150.894614869,197.464500970,299.378665931
1618477118390,-7.950467417,286.064103301,105.841652346
1618477118484,-14.784918409,283.146888939,116.593332432
1618477118578,-132.474016395,193.630066812,329.550936910
1618477118672,-152.894606944,189.795617517,338.137073234
1618477118766,-118.805107483,231.636793236,245.868568501
1618477118860,-103.301743776,230.636789672,216.696294499
1618477118954,-11.784915898,274.395214916,154.517287979
1618477119048,-14.784917584,273.312436762,165.186198817
1618477119142,-161.646283077,180.961183428,357.723206887
1618477119236,-177.232433918,177.126683444,361.557669731
1618477119330,-55.543331389,263.726293245,161.186199907
1618477119424,-51.791640588,266.643548728,145.765602743
1618477119518,-53.708873247,253.057394105,215.779064893
1618477119608,-68.295022544,238.388444342,222.447981759
1618477119702,-180.232423550,190.878400369,344.137071422
1618477119796,-167.480744677,191.712843586,331.468163628
1618477119890,-14.784919109,280.146886609,116.510560305
1618477119984,-10.950457527,284.064136242,119.510556408
1618477120078,-114.970641939,205.299008904,291.544201690
1618477120172,-121.722324516,199.464553351,315.882021503
1618477120266,-142.225706013,208.216180042,274.040846811
1618477120360,-134.474007469,217.967916245,259.537472577
1618477120454,-3.116009416,281.229658617,130.345015323
1618477120548,-15.784921052,281.146880136,139.931153682
1618477120642,-166.480749170,188.712828618,347.971531035
1618477120736,-173.315199553,181.043933898,351.805983302
1618477120833,-78.963922698,242.305704106,196.275701454
1618477120927,-68.295022232,259.809037620,180.689569634
1618477121021,-31.288278839,259.809083717,171.937879144
1618477121115,-47.957194881,262.809063095,202.110157396
1618477121209,-174.232430575,179.126694582,361.640440311
1618477121303,-172.397969670,184.878396888,343.054299496
1618477121397,-44.039959305,279.229682359,126.262238614
1618477121491,-20.619373562,282.064115644,121.345014954
1618477121585,-86.715602640,220.885120014,260.371931667
1618477121679,-96.550061153,219.967880602,274.123616155
1618477121773,-161.729071471,198.547267924,303.295894375
1618477121867,-150.060153335,203.381750447,285.709752211
1618477121961,-9.950465762,285.064108814,116.593333766
1618477122057,-6.116013489,286.064099977,120.427790245
1618477122151,-150.977377054,198.630080528,333.385389425
1618477122245,-155.894606258,186.795619801,347.137072833
1618477122339,-114.053424790,232.554021714,229.365203545
1618477122433,-105.301739638,247.140168234,206.861837150
1618477122527,-15.784922088,272.395194296,155.434519066
1618477122621,-31.453830784,263.643515756,168.020655703
1618477122715,-177.232429060,175.209472165,361.640439424
1618477122809,-176.232427948,186.795613183,337.302619070
1618477122903,nan,nan,nan
