1618477337935	-82.861557	311.155577	229.270994
1618477338030	-96.329204	295.865856	227.304938
1618477338125	-93.6745	313.998463	228.849934
1618477338220	-100.586101	290.235819	222.28975
1618477338315	-105.108552	309.990562	230.383528
1618477338410	-99.452647	300.145495	232.302429
1618477338505	-86.994346	314.578229	231.201367
1618477338600	-93.307889	309.004196	232.660875
1618477338695	-102.433774	314.169119	229.81929
1618477338792	-87.92545	306.012202	226.355711
1618477338886	-96.515826	337.822696	238.800323
1618477338980	-86.313038	305.682187	236.146937
1618477339074	-94.154864	297.725476	231.668814
1618477339168	-82.427393	311.600238	228.965003
1618477339262	-95.753254	301.676664	233.918223
1618477339356	-95.150683	295.553469	226.568093
1618477339450	-92.994363	297.4472	241.134135
1618477339544	-91.183838	303.200142	235.940088
1618477339638	-88.650976	307.958452	220.506423
1618477339732	-111.816637	292.580532	228.94386
1618477339826	-93.105181	306.978773	238.614055
1618477339920	-95.791076	291.524913	219.313842
1618477340010	-80.420377	301.574887	238.755614
1618477340104	-101.950297	302.205096	236.530357
1618477340198	-88.186527	300.476228	229.133558
1618477340292	-97.757655	274.988849	232.597826
1618477340386	-92.48407	304.478404	232.991172
1618477340480	-94.784075	314.996401	238.463148
1618477340574	-92.939041	296.062544	228.56684
1618477340668	-93.439671	302.499166	240.936013
1618477340762	-93.737524	319.970094	229.169019
1618477340856	-101.059285	308.17567	234.239134
1618477340950	-76.208885	305.302283	236.244657
1618477341044	-88.227287	309.86101	238.162825
1618477341138	-90.973118	296.129485	222.67226
1618477341230	-93.675787	289.093982	236.717749
1618477341324	-97.505011	299.4373	234.265353
1618477341418	-98.252983	321.381487	225.642539
1618477341512	-98.110759	305.91482	231.182241
1618477341606	-97.766888	298.227952	232.648681
1618477341700	-89.673188	299.147267	223.894139
1618477341794	-106.434816	296.94696	225.258197
1618477341888	-91.435936	299.297065	225.709299
1618477341982	-94.835523	304.261792	232.870185
1618477342076	-87.52874	298.984557	239.3109
1618477342170	-102.228268	302.720311	229.259193
1618477342264	-93.18292	312.634781	234.144982
1618477342358	-101.50197	294.498382	229.356893
1618477342446	-86.81246	316.866121	221.779856
1618477342540	-101.267026	283.906763	224.452888
1618477342634	-86.508414	303.348712	225.62015
1618477342728	-90.42438	289.266914	224.329577
1618477342822	-89.297851	330.375004	239.970866
1618477342916	-105.956661	309.094825	231.643072
1618477343010	-93.799025	300.95596	236.826425
1618477343104	-97.299343	313.518029	231.886024
1618477343198	-101.218564	306.132272	231.984694
1618477343292	-93.187973	307.123712	240.543173
1618477343386	-92.454693	296.456613	229.281018
1618477343480	-96.744372	299.091685	229.385035
1618477343574	-84.734028	304.200658	230.839213
1618477343663	-85.383231	301.535933	239.531995
1618477343757	-91.845416	292.812778	229.02661
1618477343851	-92.795242	302.721712	226.15097
1618477343945	-101.430476	298.641061	228.029935
1618477344039	-99.926642	305.783449	235.188719
1618477344133	-94.002233	320.64293	230.768825
1618477344227	-99.008215	316.402633	230.990805
1618477344321	-76.89287	307.843269	232.688175
1618477344415	-101.620495	298.528446	237.652232
1618477344509	-97.402794	320.265217	235.932699
1618477344603	-86.479738	302.40122	234.253795
1618477344697	-95.661233	311.410348	235.047286
1618477344791	-96.035834	311.111648	232.258017
1618477344883	-98.283991	302.505844	224.775874
1618477344977	-98.246113	305.534869	225.963637
1618477345071	-112.979417	300.194388	238.27752
1618477345165	-103.503659	310.061525	215.986956
1618477345259	-100.09465	304.632128	226.693971
1618477345353	-88.780481	324.477977	231.531346
1618477345447	-94.819179	290.104105	217.575443
1618477345541	-107.189627	311.079346	229.389182
1618477345635	-101.458101	292.133185	226.309262
1618477345729	-113.675516	309.849009	231.259311
1618477345823	-93.674001	315.743372	240.034233
1618477345917	-100.129099	291.910369	232.057312
1618477346011	-103.201795	284.179875	235.766748
1618477346103	-121.034694	284.821238	243.284929
1618477346197	-120.022852	307.618819	235.856177
1618477346291	-116.585384	291.761968	248.601884
1618477346385	-128.618225	283.984875	245.440723
1618477346479	-96.223979	290.505581	248.436723
1618477346573	-154.279229	282.749129	240.933886
1618477346667	-179.937191	375.753645	319.803494
1618477346761	-36.921712	411.109085	328.895436
1618477346855	7.498951	338.943142	267.5676
1618477346949	-18.446534	280.009749	215.719664
1618477347043	-91.898967	237.70398	191.47174
1618477347137	-121.761788	275.933189	206.93456
1618477347231	-155.363326	250.081101	212.495996
1618477347321	-200.250611	290.436216	233.550477
1618477347415	-234.260745	344.644909	320.442814
1618477347509	-136.064152	458.55885	411.424545
1618477347603	-65.297365	464.806892	365.961208
1618477347697	-1.498964	481.895299	343.494931
1618477347791	-10.954438	402.70747	289.117333
1618477347885	-15.239886	395.906392	286.477553
1618477347979	-5.802963	381.498303	256.124312
1618477348073	-20.602298	329.103998	223.300117
1618477348167	-37.321336	331.373619	193.625668
1618477348261	-44.950691	328.7853	217.158715
1618477348355	-58.034911	315.824882	225.880295
1618477348449	-70.037124	312.097438	250.411834
1618477348540	-76.799549	312.886961	245.098964
1618477348634	-76.857894	303.684954	229.689366
1618477348728	-84.783512	332.457787	211.305324
1618477348822	-83.891615	302.468963	201.143987
1618477348916	-87.423215	321.042803	187.266109
1618477349010	-80.115186	297.247013	177.753541
1618477349104	-77.288274	337.445968	205.841778
1618477349198	-91.095919	286.37952	231.141408
1618477349292	-85.906627	271.768103	289.275207
1618477349386	-90.40888	282.351292	284.563349
1618477349480	-100.169556	319.841198	278.820663
1618477349574	-89.435729	304.207641	271.437217
1618477349668	-99.249765	319.066476	265.221384
1618477349761	-71.027682	291.524383	268.467839
1618477349855	-82.508446	303.841901	253.342233
1618477349949	-97.518865	302.90782	237.756203
1618477350043	-91.759633	307.218391	240.802118
1618477350137	-87.390478	294.510251	229.983942
1618477350231	-95.081771	310.525222	230.270492
1618477350325	-93.359764	294.531224	234.511525
1618477350419	-92.515732	298.979349	225.418699
1618477350513	-91.18681	297.488879	224.64532
1618477350607	-91.577146	333.623721	227.815314
1618477350701	-85.842994	284.796665	234.329222
1618477350795	-97.416131	301.821414	233.284365
1618477350889	-84.476565	308.912229	230.908966
1618477350978	-95.822668	305.721243	224.544027
1618477351072	-96.469702	295.504356	229.232847
1618477351166	-95.669345	332.374655	238.099291
1618477351260	-91.375282	304.135952	220.519948
1618477351354	-88.888364	292.270197	225.553044
1618477351448	-101.13919	301.786806	230.751665
1618477351542	-90.081144	308.17512	223.950642
1618477351636	-95.245183	325.48108	223.550329
1618477351730	-100.857133	313.972339	234.434118
1618477351824	-93.645854	312.245286	242.579569
1618477351918	-96.114579	315.929272	235.484708
1618477352012	-100.573635	306.481812	226.720519
1618477352106	-95.036179	296.794414	239.512365
1618477352200	-82.936839	296.615403	239.582082
1618477352293	-83.928684	294.569879	233.271015
1618477352386	-97.498838	317.123831	237.754567
1618477352479	-94.397294	321.942359	237.320017
1618477352572	-98.20578	295.930387	226.690348
1618477352665	-87.428585	311.823248	232.066097
1618477352758	-93.232493	317.921823	229.322315
1618477352851	-96.913723	301.11619	227.292977
1618477352944	-91.156591	307.768915	232.699141
1618477353037	-92.283786	284.07945	238.771158
1618477353130	-90.208691	295.89157	231.348934
1618477353223	-83.568511	316.594392	234.398918
1618477353316	-103.575327	310.707402	240.561703
1618477353415	-92.549065	300.149327	238.658535
1618477353509	-101.57588	303.135131	232.86147
1618477353603	-92.3771	317.726495	237.358709
1618477353697	-90.339618	306.761372	224.243223
1618477353791	-94.039715	295.368242	236.75685
1618477353885	-89.650938	320.500596	230.730451
1618477353979	-83.759495	315.117326	237.635204
1618477354073	-84.672705	310.995185	224.841719
1618477354167	-90.65321	321.494008	236.78486
1618477354261	-91.036721	298.723461	234.132962
1618477354355	-92.675965	306.455736	235.408022
1618477354449	-94.643189	292.0784	228.7945
1618477354543	-87.964688	310.794303	230.993809
1618477354634	-92.447203	291.476286	240.402223
1618477354728	-95.650701	306.955385	228.102283
1618477354822	-85.112302	289.796103	233.179906
1618477354916	-99.319582	302.196882	226.821875
1618477355010	-97.378101	304.279912	229.586285
1618477355104	-87.476765	291.674377	228.315439
1618477355198	-96.138778	319.356662	241.035343
1618477355292	-87.545029	310.368403	232.052753
1618477355386	-96.485662	320.233455	230.974778
1618477355480	-91.07474	295.256204	242.573401
1618477355574	-101.814074	292.384153	230.400809
1618477355668	-85.424716	301.038514	225.329915
1618477355762	-92.557913	302.067373	234.426258
1618477355853	-88.648886	317.806616	214.18921
1618477355947	-83.760547	300.282217	230.739214
1618477356041	-90.761237	317.660789	227.825165
1618477356135	-101.112054	304.718572	237.580763
1618477356229	-96.716938	301.99749	238.613529
1618477356323	-84.79868	296.220394	236.316938
1618477356417	-88.04396	306.685737	227.335803
1618477356511	-91.492885	301.589406	231.073532
1618477356605	-86.335067	307.848997	234.364678
1618477356699	-91.577682	305.922232	233.80544
1618477356793	-92.888081	310.967141	234.907546
1618477356887	-95.323765	317.622411	229.946184
1618477356981	-101.74844	292.314035	225.876137
1618477357070	-99.958024	318.114181	229.55362
1618477357164	-103.621872	309.131278	229.623523
1618477357258	-104.664432	316.546766	232.888204
1618477357352	-99.624817	310.42117	234.067822
1618477357446	-94.434927	310.67362	236.81978
1618477357540	-88.59062	307.369847	231.678706
1618477357634	-84.00879	313.724953	225.193328
1618477357728	-96.820457	296.141691	230.906802
1618477357822	-93.299852	293.753487	243.994793
1618477357916	-92.167966	286.466912	230.64891
1618477358010	-96.26449	306.415706	225.483542
1618477358104	-81.978677	297.716153	220.262628
1618477358198	-91.386175	313.244904	229.830932
1618477358291	-88.175444	305.350711	218.341095
1618477358385	-99.790536	302.279825	230.103259
1618477358479	-90.033084	311.268355	223.577183
1618477358573	-93.391442	302.884616	234.414739
1618477358667	-98.977939	311.724018	218.925162
1618477358761	-87.218634	300.862222	229.710773
1618477358855	-101.759754	286.519859	228.98778
1618477358949	-87.827997	295.21636	228.177215
1618477359043	-98.454296	301.156607	232.143805
1618477359137	-80.240282	300.963896	230.376816
1618477359231	-94.672637	310.155232	236.981016
1618477359325	-96.752668	305.565159	232.22172
1618477359419	-83.928522	307.313687	227.67956
1618477359508	-87.275748	299.893745	233.06973
