1616035323725,-0.013452
1616035323819,-0.004026
1616035323913,-0.026699
1616035324007,0.019551
1616035324101,0.021709
1616035324195,0.024219
1616035324289,0.015289
1616035324381,0.019405
1616035324475,0.006158
1616035324569,-0.016866
1616035324663,0.031893
1616035324757,0.008870
1616035324851,-0.007032
1616035324945,-0.017769
1616035325039,-0.006535
1616035325133,0.005807
1616035325227,0.019054
1616035325321,0.000993
1616035325415,-0.012197
1616035325509,-0.009744
1616035325600,-0.008840
1616035325694,0.003152
1616035325788,0.042279
1616035325882,0.028536
1616035325976,-0.009191
1616035326070,0.004056
1616035326164,0.014386
1616035326258,0.022964
1616035326352,-0.023838
1616035326446,-0.010998
1616035326540,-0.001867
1616035326634,-0.006681
1616035326728,-0.009191
1616035326817,-0.014005
1616035326911,0.004904
1616035327005,0.017799
1616035327099,-0.000060
1616035327193,0.009221
1616035327287,-0.011294
1616035327381,0.000291
1616035327475,-0.051123
1616035327569,-0.004523
1616035327663,-0.005427
1616035327757,-0.015260
1616035327851,0.025474
1616035327945,0.020806
1616035328037,0.015640
1616035328131,0.010475
1616035328225,0.005807
1616035328319,-0.004523
1616035328413,0.005807
1616035328507,0.006711
1616035328601,0.015640
1616035328695,0.003649
1616035328789,0.008317
1616035328883,-0.011700
1616035328977,-0.004026
1616035329071,0.004553
1616035329165,-0.030258
1616035329255,0.000642
1616035329349,-0.014005
1616035329443,0.022964
1616035329537,0.000993
1616035329631,0.007062
1616035329725,0.037059
1616035329819,-0.013452
1616035329913,0.030639
1616035330007,0.016544
1616035330101,-0.013452
1616035330195,-0.002420
1616035330289,-0.004874
1616035330383,-0.017769
1616035330476,0.015289
1616035330570,0.003705
1616035330664,0.004407
1616035330758,-0.017418
1616035330852,-0.014356
1616035330946,0.019054
1616035331040,-0.007936
1616035331134,0.013889
1616035331228,0.000642
1616035331322,-0.013949
1616035331416,-0.010095
1616035331510,-0.007032
1616035331604,-0.003675
1616035331693,0.003649
1616035331787,-0.034926
1616035331881,0.020806
1616035331975,-0.004172
1616035332069,0.034403
1616035332163,0.004407
1616035332257,0.017246
1616035332351,0.013336
1616035332445,0.033148
1616035332539,0.034403
1616035332633,0.027983
1616035332727,0.006012
1616035332821,0.000496
1616035332913,0.013336
1616035333007,-0.012896
1616035333101,0.000496
1616035333195,0.016252
1616035333289,0.041932
1616035333383,0.020514
1616035333477,0.006770
1616035333571,-0.024130
1616035333665,0.046103
1616035333759,0.024629
1616035333853,0.035863
1616035333947,-0.023226
1616035334041,0.022818
1616035334129,0.017945
1616035334223,0.022700
1616035334317,-0.003327
1616035334411,-0.044151
1616035334505,-0.161780
1616035334599,-0.290178
1616035334693,-0.446615
1616035334787,-0.440196
1616035334881,-0.432959
1616035334975,-0.478103
1616035335069,-0.543644
1616035335163,-0.675687
1616035335257,-0.588816
1616035335348,-0.483560
1616035335442,-0.414808
1616035335536,-0.414547
1616035335630,-0.409118
1616035335724,-0.370835
1616035335818,-0.356390
1616035335912,-0.344895
1616035336006,-0.409820
1616035336100,-0.325927
1616035336194,-0.273254
1616035336288,-0.058339
1616035336382,0.135130
1616035336476,0.116044
1616035336568,0.031887
1616035336662,0.072067
1616035336756,0.037604
1616035336850,-0.009931
1616035336944,0.084146
1616035337038,0.182745
1616035337132,0.297629
1616035337226,0.255724
1616035337320,0.228467
1616035337414,0.192836
1616035337508,0.195895
1616035337602,0.190726
1616035337696,0.170268
1616035337794,0.186924
1616035337888,0.184526
1616035337982,0.069376
1616035338076,0.063012
1616035338170,0.019123
1616035338264,-0.018142
1616035338358,-0.010818
1616035338452,-0.082747
1616035338546,-0.077380
1616035338640,-0.083042
1616035338734,-0.105771
1616035338828,-0.083449
1616035338922,-0.065885
1616035339013,-0.082194
1616035339107,-0.132354
1616035339201,-0.066789
1616035339295,-0.059817
1616035339389,-0.053949
1616035339483,-0.072361
1616035339577,-0.096289
1616035339671,-0.072712
1616035339765,-0.080036
1616035339859,-0.039358
1616035339953,-0.059872
1616035340047,-0.069500
1616035340141,-3.203235
1616035340233,-0.071457
1616035340327,-0.085201
1616035340421,-0.058065
1616035340515,-0.062528
1616035340609,-0.083946
1616035340703,-0.061273
1616035340797,-0.072361
1616035340891,-0.064134
1616035340985,-0.058618
1616035341079,-0.066494
1616035341173,-0.131450
1616035341267,-0.102006
1616035341361,-0.100550
1616035341454,-0.101047
1616035341549,-0.053598
1616035341644,-0.054446
1616035341739,-0.058618
1616035341834,-0.096289
1616035341929,-0.096841
1616035342024,-3.938426
1616035342119,-0.062528
1616035342214,-0.084353
1616035342309,-0.076271
1616035342404,-0.084297
1616035342499,-0.100199
1616035342594,-0.048433
1616035342686,-0.099997
1616035342780,-0.069705
1616035342874,-0.048784
1616035342968,-0.106122
1616035343062,-0.100199
1616035343156,-0.070202
1616035343250,-0.117853
1616035343344,-0.103556
1616035343438,-0.092323
1616035343532,-0.103004
1616035343626,-0.103907
1616035343720,-0.082986
1616035343814,-0.109017
1616035343904,-0.090956
1616035343999,-0.053931
1616035344094,-0.058634
1616035344189,-0.093833
1616035344284,-0.103092
1616035344379,-0.276077
1616035344474,-0.522947
1616035344569,-0.894875
1616035344664,-1.328071
1616035344759,-1.710868
1616035344854,-1.890663
1616035344949,-2.027124
1616035345044,-2.189265
1616035345139,-2.325264
1616035345233,-2.421400
1616035345327,-2.480823
1616035345421,-2.380192
1616035345515,-2.074605
1616035345609,-1.600625
1616035345703,-0.972730
1616035345797,-0.240384
1616035345891,0.383400
1616035345985,0.592510
1616035346079,0.419526
1616035346173,0.227739
1616035346267,0.277046
1616035346360,0.658494
1616035346455,0.891638
1616035346550,1.074640
1616035346645,1.432155
1616035346740,2.374509
1616035346835,3.410640
1616035346930,3.988839
1616035347025,4.191936
1616035347120,4.207030
1616035347215,4.007257
1616035347310,3.646250
1616035347405,3.337836
1616035347500,3.128871
1616035347594,3.130751
1616035347688,3.107598
1616035347782,3.116857
1616035347876,3.528391
1616035347970,4.284888
1616035348064,4.577863
1616035348158,4.878620
1616035348252,5.163797
1616035348346,3.866711
1616035348440,2.321840
1616035348534,1.931954
1616035348628,1.955028
1616035348722,1.864906
1616035348813,2.307227
1616035348908,3.800779
1616035349003,3.466757
1616035349098,2.171216
1616035349193,1.312961
1616035349288,0.865006
1616035349383,0.633501
1616035349478,0.527961
1616035349573,0.464555
1616035349668,0.379675
1616035349763,0.325751
1616035349858,0.273784
1616035349953,0.213791
1616035350047,0.210027
1616035350141,0.174312
1616035350235,0.177319
1616035350329,0.171452
1616035350423,0.120333
1616035350517,0.104431
1616035350611,0.103729
1616035350705,0.095501
1616035350799,0.068014
1616035350893,0.026026
1616035350987,0.058181
1616035351081,0.063697
1616035351175,0.029937
1616035351266,0.026026
1616035351361,0.020454
1616035351456,0.034956
1616035351551,0.019607
1616035351646,0.017945
1616035351741,0.048643
1616035351836,0.016544
1616035351931,0.025620
1616035352026,0.037611
1616035352121,-0.006334
1616035352216,0.015289
1616035352311,0.001195
1616035352406,0.044031
1616035352499,0.028129
1616035352593,0.020454
1616035352687,-0.003619
1616035352781,-0.006535
1616035352875,0.011876
1616035352969,0.014386
1616035353063,-0.006681
1616035353157,-0.003619
1616035353251,-0.006129
1616035353345,0.078289
1616035353439,0.011876
1616035353533,0.022964
1616035353627,0.010972
1616035353720,-0.012197
1616035353815,-0.022642
1616035353910,-0.001867
1616035354005,0.019902
1616035354100,-0.046862
1616035354195,0.014035
1616035354290,0.000642
1616035354385,0.004553
1616035354480,-0.030960
1616035354575,-0.007032
1616035354670,-0.024540
1616035354765,-0.016369
1616035354860,0.056871
1616035354956,-0.005778
1616035355049,-0.025795
1616035355142,-0.016223
1616035355235,-0.014763
1616035355328,0.038866
1616035355421,0.013131
1616035355514,0.006711
1616035355607,-0.003473
1616035355700,-0.029354
1616035355793,-0.003122
1616035355886,0.000291
1616035355979,-0.001516
1616035356072,-0.016866
1616035356171,0.008870
1616035356266,-0.001867
1616035356361,-0.008287
1616035356456,0.003649
1616035356551,0.004553
1616035356646,0.002394
1616035356741,0.009718
1616035356836,0.000291
1616035356931,-0.015611
1616035357026,-0.023285
1616035357121,0.010767
1616035357216,-0.036532
1616035357311,0.020806
1616035357405,-0.023285
1616035357499,0.025971
1616035357593,-0.006681
1616035357687,-0.044703
1616035357781,0.003649
1616035357875,0.006711
1616035357969,-0.000116
1616035358063,0.004904
1616035358157,-0.027953
1616035358251,-0.019024
1616035358345,0.051706
1616035358439,-0.019782
1616035358533,-0.006184
1616035358625,-0.016720
1616035358719,0.003649
1616035358813,-0.016866
1616035358907,-0.010095
1616035359001,0.002394
1616035359095,0.010972
1616035359189,0.010972
1616035359283,0.018296
1616035359377,-0.007439
1616035359471,0.004553
1616035359565,-0.037029
1616035359659,0.009718
1616035359753,-0.001516
1616035359843,0.035804
1616035359937,0.017392
1616035360031,0.028129
1616035360125,-0.003327
1616035360219,0.005953
1616035360313,0.020806
1616035360407,-0.007439
1616035360501,-0.022437
