1610678683152,179.428095526,246.928653890,325.073743019
1610678683246,209.165256209,252.998144917,324.191106501
1610678683340,167.245353982,251.691132673,326.026425794
1610678683434,179.842892194,248.421239283,326.054341775
1610678683528,232.283453840,252.667148860,325.293157164
1610678683622,188.098898375,249.666868220,326.101969003
1610678683716,215.384578980,251.354406413,327.204728332
1610678683810,209.245989333,251.896415636,323.187216832
1610678683904,253.292063483,254.881371450,325.377819041
1610678683998,106.034215191,239.474640413,326.750499704
1610678684092,132.538039797,240.739636637,323.875338422
1610678684184,167.837985941,244.314061431,325.012008291
1610678684278,151.601821445,244.959964753,324.960233747
1610678684372,244.265135319,253.993083558,328.343854922
1610678684466,259.191344743,255.976860471,328.419705596
1610678684560,292.641247227,258.899870430,326.569703789
1610678684654,24.720288514,230.029474886,331.427594695
1610678684748,260.845156897,255.381204079,325.435165871
1610678684842,156.286367898,241.478373017,327.980055339
1610678684936,172.036095277,244.885273774,325.072084359
1610678685030,80.247168743,231.059581215,324.696394228
1610678685124,121.141934905,229.027792759,326.886356211
1610678685218,129.859624222,224.324513164,326.935936946
1610678685312,192.922409472,253.524588104,325.211235312
1610678685402,-50.123795163,298.006443307,327.809068932
1610678685497,69.711738672,170.128998241,326.578464602
1610678685592,-183.191189762,-540.099592558,324.690308141
1610678685687,357.988393172,-154.297017683,324.644524009
1610678685782,406.673593385,308.414589833,324.939381072
1610678685877,699.229692538,981.186316824,324.580656206
1610678685972,480.276774442,-28.226955397,325.335441625
1610678686067,576.383696619,420.428715017,323.551688933
1610678686162,231.231971920,486.315483705,321.362059409
1610678686257,195.536068898,498.485862889,320.171519148
1610678686352,16.440183729,309.757007619,320.608354207
1610678686447,158.306929806,270.021880177,320.115543058
1610678686542,61.786601205,243.233968768,322.664826534
1610678686637,87.020130597,241.809100817,360.725052474
1610678686731,162.482769765,248.828069423,375.031661637
1610678686825,109.484675247,241.520461312,368.790487175
1610678686919,74.758854920,235.898907794,332.652015315
1610678687013,182.296062142,247.356696578,458.090109439
1610678687107,97.962446842,239.356034786,-27.254035240
1610678687201,213.989831733,252.642712777,89.215751866
1610678687295,152.296084133,247.036794286,294.963171361
1610678687389,118.197606756,240.042010765,212.810428871
1610678687483,143.506695977,244.953466420,151.921749794
1610678687577,83.837125999,236.128896527,230.660809046
1610678687671,80.370678938,235.855950885,280.650372837
1610678687765,203.446827259,252.586650589,300.175372815
1610678687857,145.841128719,245.658485442,310.910471053
1610678687952,165.208823526,247.244436122,315.009346134
1610678688047,120.645135794,241.091535891,317.812322489
1610678688142,198.661894800,251.946469769,322.150895190
1610678688237,151.674790158,246.525385763,321.943617408
1610678688332,228.117860713,252.095506292,325.271300132
1610678688427,187.937391846,254.980985816,325.113979442
1610678688522,206.457972089,249.366556933,324.166957427
1610678688617,105.168539586,239.378841728,323.746836795
1610678688712,132.317348807,240.161896747,324.853248256
1610678688807,168.426465578,247.379184642,325.014498309
1610678688902,164.654424062,243.961757360,327.998537774
1610678688997,84.816580298,236.347949849,326.669184657
1610678689093,172.512461039,248.942018654,323.036018541
1610678689187,67.822964331,235.578040475,324.601511311
1610678689281,147.321272326,245.043610282,324.925196488
1610678689375,122.706630993,241.319668146,326.821045236
1610678689469,160.158542975,244.685554447,324.987977021
1610678689563,51.039819191,233.499432065,331.522034708
1610678689657,221.717220952,255.276525662,325.239986010
1610678689751,163.613282194,247.957204458,325.998363692
1610678689845,164.741305748,244.971371991,324.998905394
1610678689939,161.835827449,244.649841620,326.986611524
1610678690033,167.571454848,246.063239188,326.002417981
1610678690127,293.515064210,262.221925632,325.543782240
1610678690221,254.427303293,261.007001050,327.382622550
1610678690311,230.530412729,252.030497248,325.268814480
1610678690406,40.228694790,232.192371808,319.472058624
1610678690501,362.258420492,266.939968901,324.838885376
1610678690596,118.472103563,239.851060559,326.803127797
1610678690691,64.352238623,234.861967380,326.574131908
1610678690786,232.285008353,252.445993906,325.284701197
1610678690881,170.592519984,244.618887784,326.023663475
1610678690976,197.098059423,248.330756323,325.127353087
1610678691071,109.043404937,242.586320873,332.754769861
1610678691166,144.481455640,242.508019272,323.904717905
1610678691261,73.993127787,237.928861830,327.614925136
1610678691356,85.132706137,237.604260420,323.678984816
1610678691451,94.859760952,237.238036298,325.703217545
1610678691546,167.879491898,245.097327644,325.003721370
1610678691639,98.828769624,240.677260653,327.720011501
1610678691732,77.949185856,242.587980007,324.640126840
1610678691825,295.948573076,259.491226218,329.554079079
1610678691918,290.487606378,261.108223561,325.539434786
1610678692011,81.488052328,236.758276343,324.646638203
1610678692104,280.963037590,258.832874549,325.490671197
1610678692197,206.629112289,250.828149868,327.184606657
1610678692290,167.611649546,249.399677746,328.015281873
1610678692383,193.970702627,252.205999085,328.122582934
1610678692476,106.948886802,238.575861166,327.754369929
