1610679807754,220.920308708,167.076385320,418.684472465
1610679807849,132.849850007,218.056058457,417.140038173
1610679807943,138.258802913,215.790322769,421.100362063
1610679808037,180.699790005,190.930500767,416.878439049
1610679808131,119.791849491,226.150011173,417.215320980
1610679808225,128.718499422,223.737717635,418.183582836
1610679808319,129.156532136,221.758255891,418.165171629
1610679808413,210.638454955,175.965926373,418.702047309
1610679808507,189.323034787,187.965631443,416.832260214
1610679808601,208.417637116,171.547588316,422.735360768
1610679808695,121.587539596,226.116135069,417.205704777
1610679808789,126.242909656,219.708523672,417.164709064
1610679808883,130.991981115,219.852996831,418.166052826
1610679808977,219.561690855,169.707106861,416.681037763
1610679809071,190.429350635,186.055928030,418.842401191
1610679809159,190.942961096,185.335968846,416.845005884
1610679809253,135.118273213,219.598495906,419.117180094
1610679809347,77.554685790,249.892481003,417.436152488
1610679809441,179.687015840,190.665118119,418.894572929
1610679809535,134.866293551,218.470836826,420.134594957
1610679809629,184.473596070,192.060732874,416.879650353
1610679809723,166.746004684,197.115959530,416.963874082
1610679809817,182.702051621,189.929198632,419.878426937
1610679809911,129.506795536,221.980836080,417.157940756
1610679810005,141.800913812,210.326691765,417.086748658
1610679810099,171.121766245,196.869333899,415.924375717
1610679810193,147.357880492,215.854507482,417.073055699
1610679810287,172.923966354,194.558972206,423.930790124
1610679810379,148.644906290,209.386234412,415.050098001
1610679810474,109.747564582,230.357296114,422.263754550
1610679810569,137.315155375,217.636648559,419.126836074
1610679810664,159.320624036,203.391153559,420.003638165
1610679810759,148.566531226,208.734375948,414.071938341
1610679810854,128.684139240,219.878729698,418.156991053
1610679810949,176.149326824,192.550449015,420.902807496
1610679811044,137.918734362,218.289135427,418.123603813
1610679811139,173.894125232,198.151907548,420.936305086
1610679811234,224.854539247,167.659727216,417.652693726
1610679811329,183.355578620,186.825665150,416.858861725
1610679811424,117.605262586,229.984701938,418.232385655
1610679811519,155.307897270,204.701497812,419.025126949
1610679811615,147.795438787,210.875318887,417.054647033
1610679811710,152.377129429,209.388899679,421.040821673
1610679811805,115.904988507,228.387887674,420.236135733
1610679811900,151.283172566,209.018749928,418.046679984
1610679811995,212.491039512,173.778064005,418.718902214
1610679812090,158.368398626,203.939401329,424.008737482
1610679812185,133.454739651,217.132036518,417.131443736
1610679812280,178.656174768,194.682874996,418.894738088
1610679812375,129.938928832,221.307787714,418.160981772
1610679812470,149.170515544,209.932104299,418.036572965
1610679812565,158.100841899,206.093448236,420.010170291
1610679812660,204.068330800,182.203228038,417.769362304
1610679812755,118.421312027,229.787595479,417.211950109
1610679812849,157.487462972,206.022357915,420.018810189
1610679812943,149.763613401,209.893642486,417.054817463
1610679813037,175.522247795,194.063000777,413.916875918
1610679813131,133.658121794,216.439184205,415.124999435
1610679813225,123.711193751,227.893432288,419.194332274
1610679813319,167.437547680,199.293554943,422.965525918
1610679813413,149.801739242,207.144428800,417.038547820
1610679813507,164.362705421,197.336645687,419.965926710
1610679813601,226.239305397,161.862442301,419.645278085
1610679813695,188.515972323,185.157563613,421.852647634
1610679813789,105.400843498,233.708430614,415.276321611
1610679813883,106.931564836,232.978619770,417.278834673
1610679813977,172.392363960,192.713536130,417.922926624
1610679814068,99.274705688,240.690105280,419.341258990
1610679814162,104.086349615,236.041010167,422.288716091
1610679814256,126.927536210,224.314347064,417.161042781
1610679814350,165.412354043,201.035322858,416.981726307
1610679814444,196.767742673,183.830818058,416.803102946
1610679814538,141.480973541,214.813915482,417.109882619
1610679814632,123.819779764,222.830913436,419.193750779
1610679814726,113.743419738,231.783928334,418.258421589
1610679814820,290.339912909,127.956248873,418.302009234
1610679814914,213.070887897,171.595722250,419.726507350
1610679815008,161.280376784,203.262817700,418.993143381
1610679815102,195.528507822,183.271575291,421.825804716
1610679815196,146.663989502,211.678263937,417.071416437
1610679815286,120.531781816,226.299746226,417.216713683
1610679815381,221.933884390,165.765552300,418.662979135
1610679815476,181.505178624,184.891040703,417.868770908
1610679815571,153.011880092,208.599193516,418.042777640
1610679815666,146.947019529,212.091062404,415.075255924
1610679815761,109.957181625,235.085099841,418.251921703
1610679815856,213.756585021,171.776683448,415.728190492
1610679815951,192.205552628,187.609026480,415.838244507
1610679816046,194.142122257,185.494038399,417.827873872
1610679816141,177.258015099,193.215133859,418.918290926
1610679816236,143.293136225,212.194801030,417.094823045
1610679816331,101.269654352,236.965751035,419.325220568
1610679816426,239.063380169,161.630435887,417.587313459
1610679816521,153.509609808,209.888377737,417.045467377
1610679816616,162.190006554,205.042111313,417.009692800
1610679816711,62.085531829,262.556453140,417.572543819
1610679816806,127.980651482,224.192816017,419.225020231
1610679816901,199.078631773,183.560872649,416.865699976
1610679816996,201.569498946,183.732778964,417.895202250
1610679817091,213.825596816,169.585329542,424.893830806
1610679817186,263.210714618,133.000020913,422.795375604
1610679817281,304.072588825,91.836865942,421.203107262
1610679817376,598.204646709,-213.208664214,417.886445776
1610679817471,-137.402359905,-94.041300412,421.371660570
1610679817566,-127.753944433,341.100902258,420.768410560
1610679817661,-31.360594946,-68.186240726,419.868052104
1610679817756,-104.788156993,414.393002630,422.282688896
1610679817850,255.973828782,375.984788851,424.962654048
1610679817944,204.430245226,240.934072228,426.045892387
1610679818038,198.955838561,205.692130031,417.941329759
1610679818132,172.649663029,209.353216361,390.012586425
1610679818226,222.473267850,173.939804496,299.729707700
1610679818320,141.174877152,221.868922716,392.138297601
1610679818414,116.992448994,230.640548697,270.257087998
1610679818508,200.357632780,181.794203121,840.821364622
1610679818602,134.548751470,216.805171392,395.147005760
1610679818696,248.661941941,154.104023718,593.535911649
1610679818790,191.245509447,185.161775365,505.843385690
1610679818884,186.645123125,190.961975453,454.878731798
1610679818972,181.963934413,192.657189473,434.903800301
1610679819066,133.231823371,219.563398265,426.154058118
1610679819160,162.431419795,201.751608245,424.997689679
1610679819254,216.182562075,170.652654418,422.699133530
1610679819348,125.379116171,224.508873156,421.190755444
1610679819442,118.609051402,228.558274703,425.237720523
1610679819536,162.369523497,202.362999489,418.003376301
1610679819630,150.082967187,208.861281588,418.063817588
1610679819724,195.734413453,183.577270070,420.819346902
1610679819818,212.810366516,172.745718526,418.727902483
1610679819912,137.576556485,216.061899965,418.130791387
1610679820006,174.182137553,193.986083247,421.934762734
1610679820100,116.577221721,230.152354966,416.243246133
1610679820193,167.860334828,201.747116706,417.941841196
1610679820287,147.440437225,212.231220906,420.067258437
1610679820381,210.946818054,174.091401791,421.721816606
1610679820475,180.329622152,191.870889033,420.896486828
1610679820569,178.902292645,194.844188361,419.914840718
1610679820663,78.939726306,249.670792312,419.434090535
1610679820757,118.554706637,226.438055547,417.227301232
1610679820851,164.969745645,202.714402307,420.978741387
1610679820945,191.730300104,183.155392539,419.824724087
1610679821039,158.083351185,209.830781161,426.026329429
1610679821133,122.460743493,224.613384265,419.201028632
1610679821227,224.128142471,167.380969969,418.678004325
1610679821321,172.684599415,196.272542915,418.937427129
1610679821410,202.320709103,177.785182745,416.784076251
1610679821504,200.742793317,178.845182755,418.803236554
1610679821598,163.624214812,203.489097323,419.985946916
1610679821692,157.878857730,207.069748170,420.000648736
1610679821786,225.883014224,166.067578437,419.647186080
1610679821880,201.240210705,179.407284226,418.789862490
1610679821974,165.610169510,202.921429774,421.980666974
1610679822068,132.161227268,220.028290076,419.149081013
1610679822162,176.511858575,194.068982413,418.916931554
1610679822256,137.085847255,216.344427861,418.133419213
1610679822350,165.650926657,200.322209485,420.975093555
1610679822444,190.210126779,188.757901275,417.848930327
1610679822538,164.324569677,199.510110884,423.976841248
1610679822629,194.824263343,182.677047001,418.829576057
1610679822723,185.328900562,188.568287727,420.875070062
1610679822817,116.931998999,230.372336270,418.235991087
1610679822911,143.678661171,212.548587617,420.098113656
1610679823005,209.924574828,175.831470994,416.738001195
1610679823099,209.486490540,175.507945668,417.734992048
1610679823193,175.946889509,199.545774103,418.930667367
1610679823287,161.811550598,205.684254724,421.006364334
1610679823381,162.836661867,202.094042615,422.000874701
1610679823475,170.038004996,200.099347509,418.973020690
1610679823569,157.131889077,205.802835267,421.026069501
1610679823663,177.664141383,191.405550758,419.910760898
1610679823757,165.056534820,201.785662120,418.951500829
1610679823849,162.624450799,204.064715644,418.991300810
1610679823943,116.239742169,230.346660233,418.245053389
1610679824037,238.774716263,162.523897913,419.604924773
1610679824131,198.456003803,179.010303019,419.804772357
1610679824225,128.403669803,221.191719535,417.169203326
1610679824319,96.226695587,242.869255679,420.352226406
1610679824413,168.835944175,201.488422300,420.958037285
1610679824507,158.370328203,205.089798750,420.019437464
1610679824601,223.496403156,164.017433954,418.665321916
1610679824695,150.148960201,208.520269069,421.042043555
1610679824789,178.775435365,193.917226972,418.915520059
1610679824883,132.949519101,219.574427749,419.144859586
1610679824977,160.798249434,204.540404543,416.995725249
1610679825066,163.656623993,199.894683411,416.980418202
1610679825160,172.045291415,197.216381367,419.946205882
1610679825254,118.113390289,228.086111755,418.186823291
1610679825348,139.976885497,214.104146285,420.112582090
1610679825442,131.219586797,220.721951906,417.164833962
1610679825536,99.282905861,235.533875614,421.330504761
1610679825630,133.906456510,217.174975407,418.150445351
1610679825724,233.229138383,164.838016664,416.607846428
1610679825818,151.950909257,208.785806112,418.053814464
1610679825912,191.770455071,186.283781531,417.835219366
1610679826006,169.410004823,198.309412858,420.965673414
1610679826100,134.643055530,219.175121244,421.141145590
1610679826194,123.972070976,225.743231133,421.192935235
1610679826286,93.835333903,242.821846382,419.370387682
1610679826380,170.592303459,195.901436890,417.943276546
1610679826474,150.970482827,206.350290739,420.059064802
1610679826568,106.443891146,234.986662514,419.297511715
nan,nan,nan,nan
