1618477880354,-17.341206788,261.432067068,379.925877676
1618477880448,-15.932880123,262.996078244,378.948444011
1618477880542,-15.632151372,263.674976574,375.965063904
1618477880636,-15.089617799,265.163434141,376.939781841
1618477880730,-16.861602062,264.987716607,379.897117825
1618477880824,-20.489917298,262.590851996,382.917659131
1618477880918,-19.602456691,262.643270221,378.966704993
1618477881012,-16.015968772,263.949305410,379.054382875
1618477881106,-17.411634326,260.439520563,379.977250866
1618477881200,-14.432344916,262.393889027,380.031371683
1618477881293,-16.697393722,260.676893609,380.016723656
1618477881387,-17.351103286,260.307143669,378.035861534
1618477881481,-15.244625705,262.261197914,379.986480664
1618477881575,-17.417039449,260.445291857,376.976952150
1618477881669,-16.632484026,262.743076931,380.909780124
1618477881763,-16.226506404,264.106360781,380.098012826
1618477881857,-15.645675224,263.689416601,376.964316503
1618477881951,-17.434017794,260.395675234,379.031279231
1618477882045,-15.991689156,261.058871305,377.945193906
1618477882139,-14.890423951,262.815255535,378.061321160
1618477882233,-19.157535528,259.100462631,380.046559133
1618477882327,-16.473917638,260.506023268,379.973808754
1618477882421,-16.360676493,259.452855752,377.924801675
1618477882510,-16.026387940,260.028175596,378.998541660
1618477882604,-16.615688485,260.589653237,380.021239128
1618477882698,-15.054891626,262.990865100,376.052231788
1618477882792,-18.626397083,260.668832459,377.965381917
1618477882886,-16.275932038,263.226879932,380.040015903
1618477882980,-17.265319538,261.283293655,378.985337011
1618477883074,-16.191577608,261.204556065,379.989412388
1618477883168,-16.791189552,260.777043653,380.011539992
1618477883262,-14.989531753,263.717841906,377.221640115
1618477883356,-17.558234242,262.731542252,374.858618172
1618477883450,-18.362199926,263.522227558,377.869452086
1618477883544,-16.328081703,266.282562485,380.037133831
1618477883638,-17.093786605,265.235630532,386.884286054
1618477883728,-16.002739816,264.002925426,378.999848583
1618477883822,-15.297866587,263.250300440,384.038803681
1618477883916,-16.662306804,261.639429721,380.018662748
1618477884010,-16.334478289,263.289392409,380.036780321
1618477884104,-18.049380798,263.188216445,377.886740159
1618477884198,-18.576495589,263.615550379,379.968139743
1618477884292,-17.706580758,263.686703022,380.016215931
1618477884386,-16.076302779,263.149217092,379.940517701
1618477884480,-15.839337879,261.828453797,378.008879056
1618477884574,-15.824882449,262.813019081,379.009677941
1618477884668,-19.583646683,261.690931095,378.912479139
1618477884762,-17.344056000,265.231873795,378.091516401
1618477884856,-19.474776212,262.574685175,379.918495909
1618477884949,-16.790606014,262.776420583,380.011572242
1618477885043,-15.844274855,260.833725229,377.008606212
1618477885137,-14.518755263,260.486153258,379.026596181
1618477885231,-16.120538656,258.993214231,380.103869175
1618477885325,-17.667518178,258.577248973,378.073640135
1618477885419,-17.900045293,259.893273844,381.005524036
1618477885513,-16.378357998,262.336244755,380.034355291
1618477885607,-17.386918214,261.345384885,380.033882208
1618477885701,-15.608631291,261.446627614,380.132159938
1618477885795,-15.538767206,259.439775745,379.080755609
1618477885889,-14.689318309,259.736016294,377.961904551
1618477885983,-17.342716316,259.298188522,381.036325043
1618477886077,-15.090721729,264.096867687,375.994986228
1618477886166,-19.196983950,262.345818998,379.878582812
1618477886260,-19.519016145,261.215451138,378.247643346
1618477886354,-16.406803046,261.502107155,379.922252473
1618477886448,-14.883568528,261.875680858,379.006434631
1618477886542,-18.178029421,261.054599717,380.100691925
1618477886636,-17.919868558,263.982185209,379.949163100
1618477886730,-18.358194451,263.517950732,375.869673450
1618477886824,-15.850994138,263.840899711,382.008234868
1618477886918,-16.065495265,261.002187084,379.051645774
1618477887012,-15.851491480,260.909175914,377.952941986
1618477887106,-17.255365486,262.340410432,379.930621730
1618477887200,-19.830958733,262.954997341,378.898811341
1618477887294,-18.072824174,264.145502828,376.940709947
1618477887387,-15.378065847,261.268187645,379.089636833
1618477887481,-11.976634112,256.636325344,380.277618304
1618477887575,-9.102698414,254.567694387,377.436447498
1618477887669,-10.238094101,255.712262478,379.428964802
1618477887763,-10.493368000,262.188065456,380.249060801
1618477887857,-18.329946077,260.216807993,377.092296191
1618477887951,-16.663109179,262.708031622,379.963353009
1618477888045,-17.462455814,260.426039793,378.029707592
1618477888139,-16.347683091,263.506727278,378.870254365
1618477888233,-20.562140777,266.938948941,379.692606088
1618477888327,-25.588114822,270.102172939,379.580639831
1618477888421,-25.851948270,271.519370166,376.455528179
1618477888515,-24.474923826,266.913568632,379.642160772
1618477888608,-19.116580613,265.327713892,378.827760939
1618477888701,-20.221085014,264.439297961,377.821985462
1618477888794,-19.850199325,270.178776895,377.731951814
1618477888887,-23.740786624,269.332932687,378.516936967
1618477888980,-21.488763648,266.860600866,379.696661304
1618477889073,-16.643601607,264.619457338,379.019696498
1618477889166,-19.351469336,261.443024854,377.925310512
1618477889259,-22.216820394,264.231508928,378.988017335
1618477889352,-21.732204984,266.120534176,376.683207423
1618477889445,-17.019821161,262.156654286,379.888373784
1618477889538,-11.046143325,255.575053133,378.384307642
1618477889631,-7.576648464,255.006007095,376.465519857
1618477889724,-11.888907410,257.745891087,376.116670368
1618477889823,-15.435255074,259.464741503,377.975945456
1618477889917,-9.733650458,255.376880721,378.291046892
1618477890011,-0.071872335,246.399289654,380.548681905
1618477890105,3.864322080,242.060946747,377.876748039
1618477890199,0.434294611,249.062067848,377.410859234
1618477890293,-2.434739929,258.396446290,381.031239322
1618477890387,8.291907551,257.485081617,379.181928574
1618477890481,33.129375664,246.642446726,383.001927122
1618477890575,60.311026825,249.177508903,379.233027729
1618477890669,80.021260887,301.299847105,380.553828950
1618477890763,71.187438577,389.393392354,380.341951242
1618477890857,49.546811264,473.264477050,380.969731470
1618477890951,-3.008077483,456.960092111,383.486496407
1618477891042,-107.023492375,289.789493309,382.822459747
1618477891136,-56.697889706,219.151639373,379.629838474
1618477891230,-25.238321314,177.560837219,387.368463974
1618477891324,39.387651953,258.602264028,386.192442801
1618477891418,97.746238570,388.612713442,401.970307149
1618477891512,-70.616975490,280.303869229,400.071210522
1618477891606,-65.391455464,273.621210186,425.812569871
1618477891700,-31.174941295,258.238360363,460.764047342
1618477891794,-9.743760062,240.303752506,460.174734514
1618477891888,-5.037470148,237.549614862,381.213767906
1618477891982,-10.723549786,247.756389261,314.788993672
1618477892076,-17.562271956,256.193892153,357.300518193
1618477892170,-14.583842515,254.216924013,410.299326087
1618477892261,-4.260577142,248.329797625,396.759314643
1618477892355,-3.950670718,243.931151370,332.831707140
1618477892449,-10.111768777,251.577379223,315.435946221
1618477892543,-15.747346779,260.662485576,336.069228376
1618477892637,-17.990546790,258.989906381,366.000522435
1618477892731,-12.833089157,253.415310743,371.340816769
1618477892825,-9.606459850,251.173328396,376.353341527
1618477892919,-10.398921985,256.087221180,372.254280398
1618477893013,-16.972613762,259.970758476,372.001513511
1618477893107,-19.140604283,262.217874712,376.936964053
1618477893201,-20.624954902,258.531802240,378.075992412
1618477893295,-16.972257952,261.902633394,378.056798571
1618477893389,-20.384145029,265.613404504,378.812973885
1618477893480,-23.354976818,270.582260288,375.814585878
1618477893574,-24.390075226,270.026207455,376.481053776
1618477893668,-20.329349580,266.622642097,374.760736782
1618477893762,-17.910250173,263.107405561,378.839163872
1618477893856,-19.024092455,263.161214940,375.888137729
1618477893950,-21.459247243,266.829084867,379.698292540
1618477894044,-23.692052987,267.009916907,377.740691834
1618477894138,-18.989727475,268.192267066,379.834771528
1618477894232,-17.646697266,264.825998219,375.853729228
1618477894326,-18.686286691,262.665034130,376.017337490
1618477894420,-19.541408878,264.781322219,379.804282637
1618477894514,-21.173525944,265.524007331,377.714083041
1618477894608,-20.361672803,264.589409894,379.814215822
1618477894701,-17.679756250,261.725806452,379.962433002
1618477894795,-16.280234940,258.299219503,379.984512705
1618477894889,-14.513611825,259.345171039,378.137411227
1618477894983,-16.325687729,261.144515994,380.147796926
1618477895077,-16.972916935,264.106572525,376.890965965
1618477895171,-17.035360267,265.105500923,379.942780405
1618477895265,-18.974776408,260.905322463,380.056659388
1618477895359,-15.617887294,260.659746172,375.965852214
1618477895453,-13.914292688,260.705250926,374.170532836
1618477895547,-13.604460860,261.374429489,379.187655815
1618477895641,-17.146819714,258.021275704,377.102416742
1618477895735,-15.768848127,258.685443536,377.068040096
1618477895829,-14.385407284,259.140536092,379.199761897
1618477895917,-11.716072303,260.493602068,374.181487564
1618477896011,-12.020092540,259.885963376,373.109420369
1618477896105,-12.104781323,260.840899077,377.215270802
1618477896199,-13.819989372,260.875539690,377.954682963
1618477896293,-14.830903586,261.819448121,380.009345180
1618477896387,-17.907024631,260.968471167,378.949872925
1618477896481,-17.110748779,264.185996642,379.938614029
1618477896575,-19.991112241,263.261490813,378.779429602
1618477896669,-20.598926118,262.774990806,375.856369319
1618477896763,-21.045974731,261.184579634,375.886928397
1618477896857,-17.027934042,264.097571607,376.943190818
1618477896951,-17.715349507,263.763810980,376.960465926
1618477897045,-18.122549585,264.198596896,377.937961853
1618477897136,-16.799792828,264.921720097,377.900533737
1618477897230,-16.771366960,262.755878177,380.012635495
1618477897324,-17.719742526,259.700756436,380.015488540
1618477897418,-17.684108091,259.594962772,378.072723287
1618477897512,-16.497354101,262.531047438,378.972513529
1618477897606,-16.863551089,263.922052503,382.952275507
1618477897700,-18.269797446,261.288074919,374.985089537
1618477897794,-16.237453950,260.253540308,379.986877013
1618477897888,-14.981457735,258.912456418,380.056290141
1618477897982,-14.252745621,260.202122748,376.041297309
1618477898076,-16.631861519,261.674667084,378.965079923
1618477898170,-16.587555808,264.627359875,376.967528496
1618477898264,-19.614680257,261.588576706,378.021294848
1618477898355,-15.820048973,261.807858160,377.009945065
1618477898449,-15.810777326,258.730213235,380.065722862
1618477898543,-15.219088436,259.166185451,380.043157387
1618477898637,-16.270410594,261.220984436,380.040321047
1618477898731,-19.741319167,260.723794790,379.014296099
1618477898825,-18.071560355,262.279643729,375.830249001
1618477898919,-16.395226427,262.422001108,378.978157655
1618477899013,-15.657271001,262.701797936,385.963675658
1618477899107,-17.600926165,261.709381178,376.911524182
1618477899201,-16.255073649,265.272353657,378.985903254
1618477899295,-17.322615530,264.479961511,376.871639733
1618477899389,-18.160076945,261.170921384,377.991153284
1618477899483,-12.756836075,262.604872557,376.123969342
1618477899581,-14.609623079,259.515431761,379.076839731
1618477899675,-14.594484997,260.363777809,377.188207135
1618477899769,-16.312318749,260.197986499,380.093270372
