1610678994253,159.377320664,245.976950920,327.995578896
1610678994347,161.377314815,243.976935775,324.995578965
1610678994436,164.377319190,245.976947103,326.995578913
1610678994531,163.377315042,246.976936362,324.995578962
1610678994626,165.377323616,245.976958563,325.995578861
1610678994721,163.377312560,245.976929936,328.995578991
1610678994816,163.377319173,245.976947057,325.995578913
1610678994911,163.377315042,246.976936362,324.995578962
1610678995006,165.377312596,245.976930028,330.995578991
1610678995101,164.377317264,246.976942115,324.995578936
1610678995196,162.377323391,249.976957978,324.995578864
1610678995291,127.778039577,153.214843567,328.424416340
1610678995386,157.377314486,249.976934921,323.995578968
1610678995481,165.377317368,244.976942384,324.995578935
1610678995576,161.377320786,243.976951235,328.995578895
1610678995671,159.377320942,246.976951638,324.995578893
1610678995765,165.377315077,246.976936454,326.995578961
1610678995859,163.377321377,245.976952764,324.995578888
1610678995953,162.377314747,245.976935597,326.995578965
1610678996047,164.377321481,243.976953033,324.995578886
1610678996141,162.377316951,245.976941304,325.995578939
1610678996235,162.377312820,246.976930609,324.995578988
1610678996329,164.377323512,247.976958294,325.995578863
1610678996423,163.377325508,244.976963459,325.995578839
1610678996517,164.377314782,245.976935689,328.995578965
1610678996611,165.377321412,245.976952856,326.995578887
1610678996705,165.377325457,246.976963328,328.995578840
1610678996799,160.377316829,247.976940989,324.995578941
1610678996889,165.377319122,247.976946925,328.995578914
1610678996983,163.377317055,243.976941574,325.995578938
1610678997077,165.377325821,245.976964270,324.995578836
1610678997171,163.377325613,249.976963731,324.995578838
1610678997265,165.377323616,245.976958563,325.995578861
1610678997359,165.377313151,247.976931466,324.995578984
1610678997453,163.377321013,246.976951822,328.995578892
1610678997547,164.377319190,245.976947103,326.995578913
1610678997641,167.377319608,244.976948183,325.995578908
1610678997735,163.377319173,245.976947057,325.995578913
1610678997829,164.377325717,247.976964000,324.995578837
1610678997923,161.377324831,244.976961706,330.995578847
1610678998017,163.377317976,243.976943958,338.995578927
1610678998107,163.377318255,243.976944682,358.995578924
1610678998202,160.377324584,251.976961067,470.995578850
1610678998297,163.377315886,243.976938547,453.995578952
1610678998392,163.377323275,242.976957680,211.995578865
1610678998487,163.377314453,245.976934838,146.995578969
1610678998582,165.377320188,241.976949685,224.995578902
1610678998677,161.377312883,247.976930772,253.995578987
1610678998772,163.377322833,241.976956533,308.995578871
1610678998867,161.377312032,237.976928567,262.995578997
1610678998962,158.377321187,238.976952272,366.995578890
1610678999057,155.377325885,231.976964437,334.995578835
1610678999152,142.377318450,215.976945185,330.995578922
1610678999247,37.377317792,108.976943481,324.995578930
1610678999342,192.377316286,349.976939582,325.995578947
1610678999437,208.377324029,255.976959632,326.995578857
1610678999532,242.377323754,307.976958919,325.995578860
1610678999627,204.377325773,212.976964145,324.995578836
1610678999722,107.377317584,361.976942944,325.995578932
1610678999817,145.377324187,520.976960041,326.995578855
1610678999912,337.377317244,341.976942062,326.995578936
1610679000007,234.377322764,230.976956356,324.995578871
1610679000102,190.377324106,230.976959831,326.995578856
1610679000197,177.377320858,234.976951420,323.995578894
1610679000292,167.377323633,238.976958606,327.995578861
1610679000387,167.377326029,241.976964808,324.995578833
1610679000482,162.377325212,243.976962694,327.995578843
1610679000577,165.377312682,243.976930251,329.995578990
1610679000671,160.377320682,245.976950965,328.995578896
1610679000765,165.377317004,245.976941442,328.995578939
1610679000859,162.377319155,245.976947011,324.995578914
1610679000953,164.377323599,245.976958517,324.995578862
1610679001047,162.377318964,242.976946516,326.995578916
1610679001141,165.377323703,243.976958786,324.995578860
1610679001235,161.377312525,245.976929845,326.995578991
1610679001329,158.377325074,252.976962336,324.995578844
1610679001423,163.377323581,245.976958471,323.995578862
1610679001517,164.377317264,246.976942115,324.995578936
1610679001611,162.377321082,244.976951999,326.995578891
1610679001705,163.377321099,244.976952045,327.995578891
1610679001797,167.377313273,245.976931781,325.995578983
1610679001891,164.377319190,245.976947103,326.995578913
1610679001985,163.377321377,245.976952764,324.995578888
1610679002079,160.377314711,245.976935506,324.995578966
1610679002173,160.377316638,244.976940494,326.995578943
1610679002267,162.377317037,243.976941528,324.995578938
1610679002361,159.377325073,245.976962333,325.995578844
1610679002455,164.377321395,245.976952810,325.995578887
1610679002549,161.377318946,242.976946470,325.995578916
1610679002643,162.377312543,245.976929890,327.995578991
1610679002737,163.377316969,245.976941350,326.995578939
1610679002831,162.377320995,246.976951776,327.995578892
1610679002925,165.377319400,248.976947644,325.995578911
1610679003015,162.377319155,245.976947011,324.995578914
1610679003110,164.377323340,251.976957847,327.995578865
1610679003205,163.377312560,245.976929936,328.995578991
1610679003300,167.377313186,247.976931557,326.995578984
nan,nan,nan,nan
