1618476452244,-10.892564353,267.094345456,379.000560577
1618476452338,-10.892558595,265.094331943,380.000560574
1618476452432,-8.892557444,264.094329244,378.000560573
1618476452526,-10.892551516,262.094315333,380.000560569
1618476452620,-8.892556895,263.094327954,382.000560573
1618476452714,-9.892561009,265.094337609,383.000560575
1618476452808,-9.892554480,263.094322289,379.000560571
1618476452902,-10.892547767,268.094306538,380.000560567
1618476452996,-8.892554396,267.094322091,382.000560571
1618476453090,-10.892558595,265.094331943,380.000560574
1618476453184,-8.892556895,263.094327954,382.000560573
1618476453273,-9.892561009,265.094337609,383.000560575
1618476453367,-5.892547811,263.094306641,378.000560567
1618476453461,-10.892547147,264.094305083,383.000560567
1618476453555,-8.892560854,266.094337245,385.000560575
1618476453649,-10.892556096,269.094326079,380.000560572
1618476453743,-10.892550266,264.094312401,380.000560569
1618476453837,-10.892557275,264.094328846,379.000560573
1618476453931,-10.892562413,262.094340904,381.000560576
1618476454025,-9.892551361,263.094314970,382.000560569
1618476454119,-10.892561164,264.094337972,381.000560575
1618476454213,-10.892554705,265.094322817,378.000560571
1618476454307,-9.892550041,262.094311873,381.000560568
1618476454401,-10.892558595,265.094331943,380.000560574
1618476454492,-8.892549187,266.094309868,379.000560568
1618476454586,-10.892548946,263.094309304,379.000560568
1618476454680,-10.892551586,265.094315498,381.000560569
1618476454774,-6.892548877,268.094309141,383.000560568
1618476454868,-7.892547712,266.094306408,380.000560567
1618476454962,-14.892564014,267.094344659,381.000560577
1618476455056,-8.892555095,264.094323733,386.000560572
1618476455150,61.613405819,90.270827727,380.953766907
1618476455244,-10.892550337,267.094312567,381.000560569
1618476455338,-10.892562413,262.094340904,381.000560576
1618476455432,-10.892550266,264.094312401,380.000560569
1618476455526,-9.892561488,263.094338733,378.000560576
1618476455620,-7.892554720,266.094322852,379.000560571
1618476455713,-10.892564283,264.094345291,378.000560577
1618476455807,-10.892564283,264.094345291,378.000560577
1618476455901,-9.892562808,264.094341830,379.000560576
1618476455995,-7.892558539,263.094331813,380.000560574
1618476456089,-10.892550266,264.094312401,380.000560569
1618476456183,-9.892555870,267.094325551,381.000560572
1618476456277,-10.892552206,269.094316954,378.000560570
1618476456371,-10.892550266,264.094312401,380.000560569
1618476456465,-13.892564409,269.094345586,379.000560577
1618476456559,76.293182827,67.557846961,382.947687497
1618476456653,-6.892562823,265.094341865,380.000560576
1618476456747,59.499564797,106.270130259,379.956978668
1618476456841,-6.892561503,264.094338768,379.000560576
1618476456931,-8.892558764,265.094332341,379.000560574
1618476457025,-10.892561234,267.094338137,382.000560575
1618476457119,-10.892550266,264.094312401,380.000560569
1618476457213,-10.892561234,267.094338137,382.000560575
1618476457307,-8.892555575,262.094324857,381.000560572
1618476457401,-11.892553061,265.094318959,380.000560570
1618476457495,-10.892554776,268.094322982,379.000560571
1618476457589,-8.892564453,264.094345689,377.000560577
1618476457683,-8.892561334,264.094338370,380.000560575
1618476457777,-8.892561404,267.094338535,381.000560576
1618476457871,-10.892558595,265.094331943,380.000560574
1618476457965,-93.508190527,459.600218561,380.051819486
1618476458059,-9.892559210,266.094333387,387.000560574
1618476458152,-10.892549017,266.094309470,380.000560568
1618476458246,-5.892561349,265.094338405,381.000560576
1618476458340,-10.892557275,264.094328846,379.000560573
1618476458434,-11.892547781,261.094306571,376.000560567
1618476458528,-9.892555800,264.094325386,380.000560572
1618476458622,-10.892551516,262.094315333,380.000560569
1618476458716,-10.892558595,265.094331943,380.000560574
1618476458810,-9.892562259,263.094340540,383.000560576
1618476458904,-11.892561389,266.094338500,380.000560576
1618476458998,-10.892547697,265.094306373,379.000560567
1618476459092,-92.579197378,461.459704345,380.053120187
1618476459186,-9.892562808,264.094341830,379.000560576
1618476459280,-10.892558595,265.094331943,380.000560574
1618476459369,-10.892558595,265.094331943,380.000560574
1618476459463,-13.892549072,268.094309600,380.000560568
1618476459557,-11.892556950,265.094328085,382.000560573
1618476459651,-7.892549032,267.094309505,381.000560568
1618476459745,-6.892561574,267.094338934,380.000560576
1618476459839,-10.892558595,265.094331943,380.000560574
1618476459933,-10.892563034,266.094342359,378.000560577
1618476460027,-7.892554650,263.094322687,378.000560571
1618476460121,-9.892553231,265.094319357,379.000560570
1618476460215,-10.892549496,264.094310594,375.000560568
1618476460309,-10.892561714,265.094339262,377.000560576
1618476460403,-9.892555580,265.094324869,371.000560572
1618476460497,-11.892549651,263.094310958,373.000560568
1618476460586,-8.892547097,265.094304964,373.000560567
1618476460680,-7.892552560,262.094317783,372.000560570
1618476460774,-10.892560873,262.094337290,371.000560575
1618476460868,-11.892549431,264.094310440,364.000560568
1618476460962,-13.892549111,268.094309690,357.000560568
1618476461056,-7.892563346,266.094343092,342.000560577
1618476461150,-10.892556032,263.094325930,332.000560572
1618476461244,-10.892560180,262.094335663,320.000560575
1618476461338,-14.892558262,262.094331162,335.000560574
1618476461432,-9.892549568,261.094310764,339.000560568
1618476461526,-11.892562166,263.094340323,338.000560576
1618476461620,-11.892549728,263.094311138,327.000560568
1618476461714,-13.892561446,262.094338635,343.000560576
1618476461805,-12.892559454,264.094333959,372.000560574
1618476461899,-12.892552407,264.094317424,396.000560570
1618476461993,-11.892564620,262.094346081,408.000560578
1618476462087,-12.892553107,261.094319066,400.000560570
1618476462181,-13.892552821,262.094318395,380.000560570
1618476462275,-14.892558514,264.094331754,368.000560574
1618476462369,-11.892561357,263.094338426,356.000560576
1618476462463,-17.892555818,268.094325429,335.000560572
1618476462557,-17.892549478,262.094310551,316.000560568
1618476462651,-14.892559029,269.094332963,287.000560574
1618476462745,-18.892556568,265.094327188,259.000560572
1618476462839,-19.892562657,268.094341475,335.000560576
1618476462933,-20.892552828,266.094318411,392.000560570
1618476463024,-26.892563689,267.094343896,438.000560577
1618476463118,-25.892562466,269.094341028,472.000560576
1618476463212,-32.892548575,266.094308432,470.000560567
1618476463306,-41.892550611,274.094313209,467.000560569
1618476463400,-32.892558886,305.094332626,451.000560574
1618476463494,-37.892548612,304.094308520,432.000560568
1618476463588,-27.892556244,348.094326426,417.000560572
1618476463682,12.107448883,318.094314398,406.000560569
1618476463776,-60.892547056,296.094304870,402.000560567
1618476463870,-106.892548931,394.094309268,395.000560568
1618476463964,29.107443467,440.094327105,395.000560572
1618476464058,74.107441659,336.094331349,391.000560574
1618476464152,59.107438323,257.094339177,387.000560576
1618476464242,37.107437216,218.094341774,387.000560576
1618476464336,-8.892552259,200.094317077,387.000560570
1618476464430,-32.892558532,221.094331796,387.000560574
1618476464524,-34.892551903,222.094316243,385.000560570
1618476464618,-60.892548777,226.094308907,385.000560568
1618476464712,-33.070184935,128.417811749,382.964245080
1618476464806,-109.892558974,314.094332833,383.000560574
1618476464900,-140.892560998,377.094337583,382.000560575
1618476464994,-138.892558306,528.094331266,382.000560574
1618476465088,-45.892556158,567.094326226,382.000560572
1618476465182,-0.892549154,507.094309791,383.000560568
1618476465276,-30.892555402,483.094324453,381.000560572
1618476465370,36.107451187,482.094308991,380.000560568
1618476465462,54.107446376,425.094320279,382.000560571
1618476465556,48.107452367,402.094306223,384.000560567
1618476465650,55.107440556,394.094333936,386.000560574
1618476465744,66.107449303,369.094313411,379.000560569
1618476465838,71.107451472,337.094308323,381.000560567
1618476465932,66.107445061,308.094323365,380.000560571
1618476466026,51.107446447,292.094320115,380.000560571
1618476466120,41.107442438,278.094329520,383.000560573
1618476466214,33.107452286,274.094306413,381.000560567
1618476466308,25.107448737,266.094314741,380.000560569
1618476466402,16.107439133,265.094337274,378.000560575
1618476466496,14.107448881,266.094314403,379.000560569
1618476466590,11.107448196,262.094316009,382.000560570
1618476466679,7.107435839,261.094345005,381.000560577
1618476466773,4.107445431,261.094322497,380.000560571
1618476466867,0.107444451,262.094324797,383.000560572
1618476466961,1.107438917,262.094337782,383.000560575
1618476467055,-0.892554454,263.094322229,381.000560571
1618476467149,-1.892559818,263.094334815,382.000560575
1618476467243,-5.892561278,262.094338240,380.000560575
1618476467337,-5.892560029,264.094335308,380.000560575
1618476467431,-5.892554270,262.094321795,381.000560571
1618476467525,-1.892550241,264.094312341,382.000560569
1618476467619,-5.892555519,260.094324727,381.000560572
1618476467713,-2.892559973,262.094335178,380.000560575
1618476467807,-8.892562583,262.094341302,380.000560576
1618476467899,-9.892557049,262.094328318,380.000560573
1618476467993,-6.892548736,262.094308811,381.000560568
1618476468087,-6.892564073,263.094344797,380.000560577
1618476468181,-6.892560183,263.094335671,378.000560575
1618476468275,-6.892552625,262.094317937,383.000560570
1618476468369,-6.892555745,262.094325256,380.000560572
1618476468463,-7.892550211,262.094312271,380.000560569
1618476468557,-8.892554805,262.094323050,376.000560571
1618476468651,-6.892554495,264.094322324,380.000560571
1618476468745,-9.892547472,263.094305844,380.000560567
1618476468839,74.898017187,67.485077989,380.947935682
1618476468933,-6.892553175,263.094319227,379.000560570
1618476469027,-7.892547092,262.094304953,383.000560567
1618476469119,-8.892555575,262.094324857,381.000560572
1618476469213,-7.892554720,266.094322852,379.000560571
1618476469307,-7.892550211,262.094312271,380.000560569
1618476469401,-14.892555615,263.094324953,380.000560572
1618476469495,-9.892558440,266.094331580,382.000560574
1618476469589,-10.892547697,265.094306373,379.000560567
1618476469683,-8.892562583,262.094341302,380.000560576
1618476469777,-10.892552836,263.094318430,381.000560570
1618476469871,-9.892561559,266.094338899,379.000560576
1618476469965,-12.892555785,263.094325351,379.000560572
1618476470059,-7.892562978,264.094342229,378.000560577
1618476470153,-8.892548566,262.094308413,382.000560567
1618476470247,-7.892554170,265.094321562,383.000560571
1618476470338,-7.892555970,264.094325784,379.000560572
1618476470432,-8.892555575,262.094324857,381.000560572
1618476470526,-5.892563918,264.094344434,382.000560577
1618476470620,-7.892557219,262.094328716,379.000560573
1618476470714,-9.892558369,263.094331415,381.000560574
1618476470808,-9.892557049,262.094328318,380.000560573
1618476470902,-11.892563958,265.094344529,381.000560577
1618476470996,-9.892547472,263.094305844,380.000560567
1618476471090,-8.892551756,265.094315897,380.000560569
1618476471184,-8.892562583,262.094341302,380.000560576
1618476471278,-6.892548257,264.094307686,386.000560567
1618476471372,-10.892558595,265.094331943,380.000560574
1618476471466,-9.892555250,263.094324096,384.000560572
1618476471557,-5.892553020,264.094318864,381.000560570
1618476471651,-6.892553795,267.094320682,376.000560571
1618476471745,-8.892560084,266.094335438,380.000560575
1618476471839,-8.892551756,265.094315897,380.000560569
1618476471933,-8.892549116,263.094309703,378.000560568
1618476472027,-10.892558524,262.094331778,379.000560574
1618476472121,-7.892550211,262.094312271,380.000560569
1618476472215,-7.892561658,263.094339132,377.000560576
1618476472309,-8.892560014,263.094335273,379.000560575
1618476472403,-10.892561164,264.094337972,381.000560575
1618476472497,-6.892562823,265.094341865,380.000560576
1618476472591,-5.892554270,262.094321795,381.000560571
1618476472685,-7.892554100,262.094321397,382.000560571
1618476472776,-8.892563903,263.094344399,381.000560577
1618476472870,-10.892549017,266.094309470,380.000560568
1618476472964,-8.892554325,264.094321926,381.000560571
1618476473058,-10.892561234,267.094338137,382.000560575
1618476473152,-8.892549187,266.094309868,379.000560568
1618476473246,-8.892559464,262.094333983,383.000560574
1618476473340,-10.892548946,263.094309304,379.000560568
1618476473434,-7.892550281,265.094312436,381.000560569
1618476473528,-6.892560954,263.094337478,383.000560575
1618476473622,-12.892548777,263.094308906,380.000560568
