1618477130600,-94.442932847,231.850207948,235.919880503
1618477130694,-92.478904127,239.354815980,236.551605725
1618477130788,-94.082801854,225.168702968,240.165906536
1618477130882,-88.465004630,215.233706238,237.639424360
1618477130976,-91.658657177,218.219801639,237.423511626
1618477131070,-87.847490819,227.362942486,234.027586482
1618477131164,-93.991348861,229.963862681,234.001564853
1618477131258,-95.775413135,241.593385954,234.497971968
1618477131352,-93.918707983,230.837603882,236.833820358
1618477131446,-89.379969870,233.410025731,236.112153575
1618477131540,-87.957556967,213.291183475,237.550329488
1618477131634,-89.496404012,222.719216649,237.271976566
1618477131728,-92.476469315,243.521820198,235.371162071
1618477131826,-91.437051606,236.002815831,233.740060252
1618477131920,-92.487514775,215.504909903,236.454468561
1618477132014,-92.871892700,232.642048259,233.842288497
1618477132108,-90.981540931,217.391368684,233.545991171
1618477132202,-91.150141301,222.272816762,235.334609976
1618477132296,-94.376804303,229.573977458,237.931842103
1618477132390,-91.652563585,231.725872197,234.881961641
1618477132484,-90.298944433,228.248743167,235.945925713
1618477132578,-92.193674077,227.809010483,236.964967444
1618477132672,-94.688363694,227.698240658,236.056370044
1618477132766,-95.532139898,238.577191104,232.541976222
1618477132860,-93.503566294,235.280659313,235.728028805
1618477132954,-97.247111921,248.918103962,236.050881024
1618477133045,-98.844632353,241.705351878,233.666335387
1618477133140,-92.253892596,231.060553766,232.954074873
1618477133235,-91.089695332,207.665973674,236.707311835
1618477133330,-95.649800075,231.714328532,234.882461516
1618477133425,-91.972734133,229.886105706,236.004931961
1618477133520,-91.159877071,221.313484777,236.332848930
1618477133615,-92.800906135,234.522699820,232.674244763
1618477133710,-86.574896697,211.515569763,234.800430709
1618477133805,-91.463925571,219.583548525,242.277851399
1618477133900,-92.380466432,227.412099961,237.112063755
1618477133995,-92.158053546,228.660217298,231.971410631
1618477134090,-91.669826952,233.797984298,235.878838973
1618477134185,-93.524351498,235.367482742,233.724269092
1618477134274,-89.651791071,228.545470419,237.062985449
1618477134368,-89.542755525,216.735660172,236.444476389
1618477134462,-90.316312137,230.498465955,235.761900099
1618477134556,-96.372018485,229.553986261,233.932707781
1618477134650,-92.040054829,222.990141170,234.173638792
1618477134744,-94.423803119,231.770299731,235.923340766
1618477134838,-93.649956792,232.714983168,235.882433168
1618477134932,-95.181783994,223.404993822,233.328886317
1618477135026,-90.506564951,217.584485816,236.451022687
1618477135120,-90.501062050,222.738674090,237.271134002
1618477135214,-92.960317089,233.011412396,236.826293934
1618477135308,-95.156605047,238.008516368,238.609904495
1618477135402,-92.300596603,220.901294867,236.307395008
1618477135493,-94.663642548,234.949325815,237.699073560
1618477135588,-92.667681111,229.789020745,233.879227121
1618477135683,-93.982878720,240.460005978,233.460444748
1618477135778,-89.029049371,227.944169452,237.175629504
1618477135873,-95.683565254,241.386896148,239.333701714
1618477135968,-91.885910841,233.700604488,235.839752839
1618477136063,-92.896013046,214.034103752,236.561461803
1618477136158,-95.290961666,232.215397753,235.947369669
1618477136253,-89.620994261,224.239651906,234.249440175
1618477136348,-95.814613982,241.934309596,235.309997086
1618477136443,-96.053566437,241.755280933,235.447658466
1618477136538,-93.848892980,228.368799554,239.027332853
1618477136633,-92.831501175,240.827675504,236.487826535
1618477136724,-92.832665464,232.478189235,231.849384080
1618477136818,-89.990472216,226.605851074,236.363491570
1618477136912,-90.952514091,214.270118497,238.551241664
1618477137006,-92.765518811,229.197705924,237.861529840
1618477137100,-92.868733554,227.451677104,237.023744009
1618477137194,-89.933704635,212.014373260,240.735528068
1618477137288,-94.369316073,232.719872664,239.752312532
1618477137382,-88.566880178,223.013607921,242.259228550
1618477137476,-86.921243462,217.316670464,242.376013949
1618477137570,-92.476317481,226.812486552,243.094725827
1618477137664,-89.824589863,216.735756630,253.574381119
1618477137758,-85.397175313,203.596021615,261.013461750
1618477137852,-88.997608819,220.635661913,272.362200673
1618477137942,-89.812954821,227.218679584,290.033833494
1618477138036,-87.818945635,214.889354555,303.394517997
1618477138130,-88.690203906,214.174402988,317.598689398
1618477138224,-88.013998379,215.526949121,299.540120135
1618477138318,-83.593182402,208.591952349,161.797123116
1618477138412,-86.941274417,229.931867823,131.829738450
1618477138506,-83.762998593,225.010003684,184.042869780
1618477138600,-89.634678377,239.182687113,207.342544571
1618477138694,-79.135011316,233.918315580,262.613810457
1618477138788,-73.941102948,230.108326420,241.648885393
1618477138882,-58.418576354,235.925641471,182.743402131
1618477138976,-32.861577871,244.421786564,151.025038358
1618477139070,-3.699496464,315.744744188,213.054356303
1618477139159,-18.168762438,363.882125065,224.788589490
1618477139253,-23.520102952,475.818211266,230.267689806
1618477139347,-101.045573032,545.013191671,234.172640637
1618477139441,-226.058377996,331.775379655,234.446788131
1618477139535,-156.962919972,172.845110238,233.006707187
1618477139629,-71.282248714,133.470302822,241.672481995
1618477139723,3.758954643,303.652538901,233.318166880
1618477139817,-165.589624559,380.931440321,235.435998527
1618477139911,-123.161691782,233.498239994,237.151636605
1618477140005,-102.109909128,216.750410235,233.703655481
1618477140099,-112.221279664,227.569974143,237.321742179
1618477140193,-107.796266631,240.503319797,233.675083976
1618477140287,-102.363187712,231.517098576,235.934305127
1618477140380,-101.921091624,233.847560768,234.833389195
1618477140474,-103.276949601,239.511216615,236.588136082
1618477140568,-98.331793709,235.563135189,236.759099730
1618477140662,-97.076932537,233.498535510,231.805200056
1618477140756,-96.558328364,221.977885497,235.260775437
1618477140850,-96.929564978,238.237305154,234.470088355
1618477140944,-99.192807639,236.159740925,234.603356023
1618477141038,-97.995861886,231.159889228,234.819864446
1618477141132,-93.829133034,231.463433661,236.850023040
1618477141226,-91.670834363,226.625017580,235.059540821
1618477141320,-90.435104669,212.108808872,236.644832787
1618477141414,-94.743888037,227.930175550,237.046326575
1618477141508,-94.528730852,235.385776070,234.723476937
1618477141599,-96.190593373,232.973316697,238.784640621
1618477141693,-96.878763117,240.025096900,235.479277602
1618477141787,-92.654889655,227.558413747,238.062424965
1618477141881,-91.374038853,215.676551428,236.836762694
1618477141975,-99.690137599,248.591524833,232.151628808
1618477142069,-96.581161877,234.604789630,236.713993000
1618477142163,-97.482840084,235.194082308,231.731777846
1618477142257,-95.749939737,228.955454557,237.045231919
1618477142351,-92.320381288,218.983938954,235.303816274
1618477142445,-93.704059768,232.940980756,232.872646802
1618477142539,-92.713720901,232.981337000,233.870899256
1618477142633,-88.746505106,214.409582946,237.588505408
1618477142727,-93.196821124,242.353680806,230.421745975
1618477142817,-95.596628069,244.023744324,232.349427266
1618477142911,-91.124269757,229.519096505,236.977521580
1618477143005,-91.209920559,219.345350321,234.504680933
1618477143099,-95.087649314,238.720476214,234.622377489
1618477143193,-91.582008356,228.253975817,236.075608031
1618477143287,-90.519583444,219.638866340,234.448667849
1618477143381,-96.041485362,233.173291611,238.992495959
1618477143475,-93.012092306,222.873336824,235.178696767
1618477143569,-95.027773173,231.293188251,235.814092202
1618477143663,-89.697188934,215.203580671,234.597425918
1618477143757,-94.763771076,221.836055626,233.223614123
1618477143851,-91.443973497,221.500205220,234.281460412
1618477143945,-92.593547809,221.125003276,235.254404801
1618477144040,-90.883071888,224.334395979,233.202034506
1618477144134,-92.702181854,234.110311236,236.692102413
1618477144228,-90.299033150,226.071938903,236.126793739
1618477144322,-92.589567770,230.462727664,239.893356580
1618477144416,-95.418780778,240.103670238,233.562481081
1618477144510,-93.384203353,223.250534881,235.292271879
1618477144604,-93.909932243,229.623771232,235.016291823
1618477144698,-92.060538290,218.898529319,233.350817733
1618477144792,-92.040729787,217.638610886,234.535284849
1618477144886,-92.624810931,219.255594804,237.248749800
1618477144980,-91.025238684,230.105426397,235.995434724
1618477145074,-93.447479059,218.514848569,235.280826311
1618477145168,-92.188520090,219.433131675,233.327667864
1618477145257,-96.025634969,229.107081750,235.995363042
1618477145351,-93.554311298,239.492630067,234.718849842
1618477145445,-97.130476301,237.722197177,236.795514842
1618477145539,-100.555061206,243.850112268,237.356946049
1618477145633,-100.025423696,254.169248340,233.910096820
1618477145727,-94.457784403,230.912245495,236.917194093
1618477145821,-99.961261474,244.546881812,236.283470891
1618477145915,-93.253004502,224.879669191,237.135119588
1618477146009,-97.688627543,241.408042211,235.332786026
1618477146103,-95.266717474,230.114125525,234.951755057
1618477146197,-96.875558434,235.834535524,232.660741351
1618477146291,-97.330396814,232.557300116,233.759352406
1618477146385,-98.446020906,250.748981575,236.014901557
1618477146475,-95.830212705,231.467943633,233.849827744
