1618478090831,-18.078063072,265.244440360,380.118939153
1618478090925,-15.078064865,259.244443774,380.118938922
1618478091019,-65.750379084,354.830860132,373.710709881
1618478091113,-14.078057953,258.244430611,377.118939814
1618478091207,-18.078057900,261.244430511,378.118939821
1618478091301,-16.078065636,258.244445241,379.118938823
1618478091392,-15.078060824,260.244436078,376.118939443
1618478091486,-14.078060054,261.244434611,377.118939543
1618478091580,-15.078065350,258.244444697,381.118938859
1618478091674,-14.078062209,259.244438716,380.118939265
1618478091768,-14.078060539,260.244435535,378.118939480
1618478091862,-15.078061309,259.244437002,377.118939381
1618478091956,-14.078060054,261.244434611,377.118939543
1618478092050,-13.078056967,257.244428734,379.118939941
1618478092144,-15.078061794,258.244437926,378.118939318
1618478092238,-16.078067036,260.244447908,379.118938642
1618478092332,-15.078065511,265.244445003,377.118938839
1618478092426,-16.078063265,258.244440726,377.118939128
1618478092520,-16.078065636,258.244445241,379.118938823
1618478092609,-67.603648978,358.359871426,373.471619391
1618478092703,-14.078056767,258.244428353,376.118939967
1618478092797,-14.078061509,258.244437382,380.118939355
1618478092891,-15.078064165,258.244442440,380.118939012
1618478092985,-14.078061724,260.244437792,379.118939327
1618478093079,-16.078058515,261.244431682,383.118939741
1618478093173,-16.078068922,261.244451499,380.118938399
1618478093267,-17.078056915,260.244428634,380.118939948
1618478093361,-14.078061239,261.244436869,378.118939390
1618478093455,-15.078062980,258.244440183,379.118939165
1618478093549,-14.078064310,262.244442717,380.118938994
1618478093643,-15.078066266,261.244446441,380.118938741
1618478093737,-14.078064310,262.244442717,380.118938994
1618478093837,-17.078059016,263.244432635,380.118939677
1618478093931,-14.078063125,262.244440460,379.118939146
1618478094025,-15.078064380,260.244442850,379.118938985
1618478094119,-15.078064865,259.244443774,380.118938922
1618478094213,-14.078059138,258.244432868,378.118939661
1618478094307,-14.078061239,261.244436869,378.118939390
1618478094401,-14.078059839,259.244434202,378.118939570
1618478094495,-15.078064865,259.244443774,380.118938922
1618478094589,-15.078067021,257.244447878,383.118938644
1618478094683,-14.078063395,259.244440973,381.118939112
1618478094777,-16.078067036,260.244447908,379.118938642
1618478094871,-14.078062425,261.244439126,379.118939237
1618478094965,-16.078062780,259.244439803,376.118939191
1618478095056,-17.078068292,258.244450298,379.118938480
1618478095151,-18.078058170,258.244431025,380.118939786
1618478095246,-15.078060609,258.244435668,377.118939471
1618478095341,-13.078059068,260.244432735,379.118939670
1618478095436,-19.078060556,261.244435569,378.118939478
1618478095531,-16.078063750,257.244441650,378.118939066
1618478095626,-16.078069407,260.244452422,381.118938336
1618478095721,-14.078057683,261.244430097,375.118939849
1618478095816,-15.078064165,258.244442440,380.118939012
1618478095911,-15.078063195,260.244440593,378.118939137
1618478096006,-14.078063610,261.244441383,380.118939084
1618478096101,-16.078069192,258.244452012,382.118938364
1618478096196,-16.078069192,258.244452012,382.118938364
1618478096289,-18.078061672,263.244437692,380.118939334
1618478096383,-16.078067036,260.244447908,379.118938642
1618478096477,-15.078065566,260.244445107,380.118938832
1618478096571,-14.078057953,258.244430611,377.118939814
1618478096665,-16.078064450,258.244442983,378.118938975
1618478096759,-14.078062910,260.244440050,380.118939174
1618478096853,-16.078068922,261.244451499,380.118938399
1618478096947,-14.078064310,262.244442717,380.118938994
1618478097041,-14.078059839,259.244434202,378.118939570
1618478097135,-14.078061024,259.244436459,379.118939418
1618478097229,-15.078068637,261.244450955,382.118938435
1618478097323,-18.078067176,256.244448175,377.118938624
1618478097417,-16.078064181,261.244442470,376.118939010
1618478097510,-13.078059553,259.244433658,380.118939607
1618478097605,-14.078059353,260.244433278,377.118939633
1618478097700,-14.078061509,258.244437382,380.118939355
1618478097795,-13.078057452,256.244429658,380.118939878
1618478097890,-14.078058653,259.244431944,377.118939723
1618478097985,-13.078058853,258.244432325,380.118939698
1618478098080,-11.078064433,257.244442950,378.118938978
1618478098175,-14.078060324,258.244435125,379.118939508
1618478098270,-8.078061637,261.244437626,380.118939338
1618478098365,-6.078065816,258.244445584,378.118938799
1618478098460,-0.078065998,256.244445931,381.118938776
1618478098555,6.921940787,258.244433011,378.118939651
1618478098650,20.921942072,266.244430564,380.118939817
1618478098745,39.921938742,283.244436904,380.118939387
1618478098839,68.921938260,319.244437822,377.118939325
1618478098933,62.921940261,388.244434012,380.118939583
1618478099027,42.921930213,486.244453146,380.118938287
1618478099121,-34.078066290,533.244446487,377.118938738
1618478099215,-144.078062310,346.244438908,379.118939252
1618478099309,-79.078064948,209.244443931,384.118938911
1618478099403,-36.078060341,206.244435158,384.118939506
1618478099497,56.921939765,223.244434956,382.118939519
1618478099591,-109.078067684,335.244449141,386.118938558
1618478099685,-104.078062388,318.244439056,391.118939242
1618478099779,-50.078058540,301.244431729,401.118939738
1618478099873,-51.078057411,283.244429580,432.118939884
1618478099964,-34.078061263,261.244436914,451.118939387
1618478100059,-26.078057795,261.244430311,466.118939834
1618478100154,-21.078068809,259.244451283,417.118938413
1618478100249,-21.078063383,258.244440951,307.118939113
1618478100344,-19.078059919,258.244434354,285.118939560
1618478100439,-22.078067031,263.244447898,352.118938643
1618478100534,-16.078057376,259.244429513,395.118939888
1618478100629,-16.078060494,258.244435449,410.118939486
1618478100724,-16.078061949,261.244438220,327.118939298
1618478100819,-14.078070338,261.244454195,315.118938216
1618478100914,-19.078066369,258.244446637,314.118938728
1618478101009,-19.078057447,259.244429648,353.118939879
1618478101104,-16.078069631,259.244452848,370.118938307
1618478101200,-14.078067174,258.244448171,373.118938624
1618478101294,-14.078067390,260.244448580,372.118938596
1618478101388,-16.078062295,260.244438879,375.118939254
1618478101482,-17.078064251,259.244442603,375.118939001
1618478101576,-14.078056767,258.244428353,376.118939967
1618478101670,-16.078063965,259.244442060,377.118939038
1618478101764,-16.078067737,261.244449241,379.118938552
1618478101858,-17.078065921,258.244445784,377.118938786
1618478101952,-12.078067789,258.244449341,378.118938545
1618478102046,-16.078070593,260.244454680,382.118938183
1618478102140,-16.078059709,258.244433954,374.118939587
1618478102234,-14.078062155,264.244438612,377.118939272
1618478102328,-14.078061509,258.244437382,380.118939355
1618478102416,-16.078065636,258.244445241,379.118938823
1618478102511,-14.078056767,258.244428353,376.118939967
1618478102606,-17.078068507,260.244450708,378.118938452
1618478102701,-16.078067522,259.244448832,380.118938579
1618478102796,-17.078068992,259.244451632,379.118938390
1618478102891,-15.078063195,260.244440593,378.118939137
1618478102986,-16.078064450,258.244442983,378.118938975
1618478103081,-15.078065081,261.244444184,379.118938894
1618478103176,-15.078066051,259.244446031,381.118938769
1618478103271,-17.078064736,258.244443527,376.118938939
1618478103366,-15.078062980,258.244440183,379.118939165
1618478103461,-14.078060054,261.244434611,377.118939543
1618478103556,-73.297520758,372.010603349,370.479032406
1618478103648,-14.078058168,260.244431021,376.118939786
1618478103742,-14.078061454,263.244437279,377.118939362
1618478103836,-14.078062209,259.244438716,380.118939265
1618478103930,-17.078068992,259.244451632,379.118938390
1618478104024,-14.078069545,258.244452685,375.118938318
1618478104118,-15.078067937,260.244449622,382.118938526
1618478104212,-14.078061239,261.244436869,378.118939390
1618478104306,-16.078065851,260.244445651,378.118938795
1618478104400,-15.078062495,259.244439259,378.118939228
1618478104494,-18.078059571,260.244433692,380.118939605
1618478104588,-16.078067522,259.244448832,380.118938579
1618478104682,-14.078056983,260.244428763,375.118939939
1618478104776,-15.078063680,259.244441517,379.118939075
1618478104868,-15.078061039,262.244436488,375.118939416
1618478104962,-12.078070160,258.244453856,380.118938239
1618478105056,-16.078065851,260.244445651,378.118938795
1618478105150,-14.078062209,259.244438716,380.118939265
1618478105244,-14.078058653,259.244431944,377.118939723
1618478105338,-17.078069477,258.244452556,380.118938327
1618478105432,-19.078058455,258.244431568,378.118939749
1618478105526,-18.078059786,262.244434102,379.118939577
1618478105620,-16.078064666,260.244443393,377.118938948
1618478105714,-14.078062209,259.244438716,380.118939265
1618478105808,-15.078059423,258.244433411,376.118939624
1618478105902,-18.078068577,258.244450842,377.118938443
1618478105996,-18.078069763,258.244453099,378.118938290
1618478106087,-15.078062010,260.244438336,377.118939290
1618478106181,-15.078065350,258.244444697,381.118938859
1618478106275,-17.078066406,257.244446708,378.118938723
1618478106369,-14.078060324,258.244435125,379.118939508
1618478106463,-19.078059641,258.244433825,379.118939596
1618478106557,-15.078060124,259.244434745,376.118939534
1618478106651,-15.078063680,259.244441517,379.118939075
1618478106745,-19.078061742,261.244437826,379.118939325
1618478106839,-18.078060056,259.244434615,381.118939542
1618478106933,-19.078069555,262.244452703,385.118938317
1618478107027,-16.078064666,260.244443393,377.118938948
1618478107121,-16.078070108,261.244453756,381.118938246
nan,nan,nan,nan
