1618478142824	-16	272.5	437
1618478142918	17.407084	343.396188	439
1618478143012	-15	268	443
1618478143106	-16	276	436.5
1618478143200	-15	275	435.5
1618478143294	-15	274.5	438
1618478143388	-18	274.5	438
1618478143482	-15	274	432
1618478143576	-16	272.5	441.5
1618478143670	-18	277.5	438.5
1618478143764	-18	277	436
1618478143858	-16	272.5	439
1618478143947	-17	275	436.5
1618478144041	-15	276	438.5
1618478144135	-19	277	436
1618478144229	-15	275.5	439.5
1618478144323	-13	281.5	436
1618478144417	-16	274.5	438
1618478144511	-18	274.5	440
1618478144605	-49.407084	278.5	438.5
1618478144699	-17	274.5	435
1618478144793	-16	278	438.5
1618478144887	-15	277.5	437
1618478144981	-17	282	434
1618478145075	-18	277	435.5
1618478145164	-15	277	434.5
1618478145258	-16	274	440
1618478145352	-19	278.5	435.5
1618478145446	-19	277.5	439
1618478145540	-18	278.5	438.5
1618478145634	-16	273.5	440
1618478145728	-15	273.5	440
1618478145822	-15	275	436.5
1618478145916	-15	278	408.447746
1618478146010	-18	273	446
1618478146104	-17	275.5	436.5
1618478146198	-17	282.5	433
1618478146292	-20	274.5	438.5
1618478146388	-14	276.5	436
1618478146482	-15	275	450.5
1618478146576	-15	273.5	441.5
1618478146670	-17	275	437
1618478146764	-18	275	435
1618478146858	-20	280	436.5
1618478146952	-16	274	439.5
1618478147046	-19	274.5	444
1618478147140	-19	274.5	442.5
1618478147234	-18	274.5	439.5
1618478147328	-16	277	439
1618478147422	-18	280.5	438
1618478147516	-53.407084	276.5	434.5
1618478147607	-16	279	438
1618478147701	-15	272.5	440
1618478147795	-18	343.896188	439
1618478147889	-15	274.5	435
1618478147983	-51.407084	275	439
1618478148077	-18	276	441
1618478148171	-14	279	437
1618478148265	-20	271	438
1618478148359	-19	279	435
1618478148453	-15	276	437.5
1618478148547	-17	275	439.5
1618478148641	-16	277.5	439
1618478148735	-17	279	435
1618478148823	-19	279	431
1618478148917	-17	274	438.5
1618478149011	-16	272.5	440
1618478149105	-18	205.103812	441.5
1618478149199	-17	276	439.5
1618478149293	-17	271.5	440.5
1618478149387	-48.407084	279	436.5
1618478149481	-51.407084	275.5	436.5
1618478149575	-17	274	439.5
1618478149669	17.407084	274.5	432
1618478149763	-15	275	436.5
1618478149857	-16	274.5	440
1618478149951	-15	274	440
1618478150042	-18	274	438.5
1618478150136	-15	275.5	440
1618478150230	-18	276.5	436
1618478150324	-15	275.5	434
1618478150418	-17	272.5	438.5
1618478150512	-16	273.5	440
1618478150606	-17	275	439.5
1618478150700	-16	274	440
1618478150794	-16	276	469.552254
1618478150888	-14	277.5	438.5
1618478150982	-16	275.5	440.5
1618478151076	-14	271.5	437.5
1618478151170	-15	272	440
1618478151261	-14	273.5	436.5
1618478151355	-13	271	439
1618478151449	-11	272	440
1618478151543	-10	270	439
1618478151637	-6	271.5	472.052254
1618478151731	-1	269	439
1618478151825	0	272.5	433.5
1618478151919	14	273	436.5
1618478152013	35	281	430.5
1618478152107	65	329	414.5
1618478152201	65	434.5	374
1618478152295	45	566.5	333
1618478152389	-34	692.5	273.947746
1618478152479	-140	428.5	411
1618478152573	-69	225	473.5
1618478152667	-32	199.5	478.5
1618478152761	64	259	457
1618478152855	13	593.5	352
1618478152949	-67	324	468.5
1618478153043	-53	355.5	548
1618478153137	-15.592916	307.5	556.5
1618478153231	-32	281	527
1618478153325	-29	282	335
1618478153419	-25	276.5	328.5
1618478153513	-22	276.5	399
1618478153607	-22	273.5	516.5
1618478153696	-19	276.5	378
1618478153790	-19	276.5	364.5
1618478153884	-16	337.396188	339
1618478153978	-17	277.5	394
1618478154072	-15	272.5	425
1618478154166	-16	277	457.552254
1618478154260	-20	276	434
1618478154354	-16	275	432.5
1618478154448	-18	276.5	431.5
1618478154542	-18	280	435
1618478154636	-19	276.5	439
1618478154730	-53.407084	274.5	437
1618478154824	-15	273	432.5
1618478154921	-17	279.5	436.5
1618478155015	-49.407084	279.5	435.5
1618478155109	-13	276	434.5
1618478155203	-18	280.5	437.5
1618478155297	-17	274	413.447746
1618478155391	-18	281.5	433
1618478155485	-15	276.5	438.5
1618478155579	-16	273.5	440
1618478155673	-17	278.5	437
1618478155767	-20	280.5	436.5
1618478155861	-15	275.5	436.5
1618478155955	-51.407084	276	436
1618478156049	-14	276	434.5
1618478156140	-15	278	437
1618478156233	-18	279	435.5
1618478156326	-16	273	437
1618478156419	-16	276	434.5
1618478156512	-17	275	439.5
1618478156605	-17	279	438
1618478156698	-16	274	437
1618478156791	-16	277	432.5
1618478156884	-19	275	448.5
1618478156977	-16	274	438.5
1618478157070	-17	276	438
1618478157163	-15	277	440.5
1618478157256	-17	276	439
1618478157355	-17	279.5	438
1618478157449	-15	274.5	440
1618478157543	18.407084	275.5	437
1618478157637	-16	277.5	438.5
1618478157731	-19	273.5	437
1618478157825	-17	277	434.5
1618478157919	-18	273.5	441.5
1618478158013	-15	275.5	436.5
1618478158107	-18	278.5	429.5
1618478158201	-53.407084	275	436.5
1618478158295	-16	276	440.5
1618478158389	-15	275.5	436.5
1618478158483	-18	279.5	435.5
1618478158574	-15	273	434
1618478158668	-20	281	430.5
1618478158762	-16	282.5	469.052254
1618478158856	-17	275.5	439
1618478158950	-16	274.5	407.947746
1618478159044	-15	274	442.5
1618478159138	-16	280	433
1618478159232	-17	279.5	436.5
1618478159326	-20	276	446
1618478159420	-17	277.5	437
1618478159514	-14	275.5	438
1618478159608	-15	274	439.5
1618478159702	-16	278.5	434
1618478159791	-18	275	437
1618478159885	-19	342.896188	435
1618478159979	-15	272.5	437
1618478160073	-18	277	439
1618478160167	-16	280.5	433.5
1618478160261	-18	281.5	437.5
1618478160355	-53.407084	277	437.5
1618478160449	-17	272	435.5
1618478160543	-17	215.103812	436
1618478160637	-17	343.896188	437.5
1618478160731	-14	277.5	439
1618478160825	-20	277	441.5
1618478160919	-16	273.5	438
1618478161010	-17	276.5	436
1618478161104	-15	277	434.5
1618478161198	-18	273	440
1618478161292	-16	278	437
1618478161386	-18	275	436.5
1618478161480	-17	276.5	436
1618478161574	-18	277.5	439
1618478161668	-15	273.5	433.5
1618478161762	-16	275.5	439.5
1618478161856	-15	278	435.5
1618478161950	-16	278.5	438.5
1618478162044	17.407084	274.5	439.5
1618478162138	-14	277.5	439
1618478162228	-16	277.5	438.5
1618478162322	-22	280.5	443.5
1618478162416	-17	274	438.5
1618478162510	-15	272	440
1618478162604	-15	272.5	436
1618478162698	-17	275	438
1618478162792	-15	274.5	438
1618478162886	19.407084	276	442
1618478162980	-16	278.5	437
1618478163074	-17	278	438.5
1618478163168	-18	274	439.5
1618478163262	-16	276	436
1618478163356	-15	276	437.5
1618478163447	-16	276	467.052254
1618478163541	-49.407084	276	437.5
1618478163635	-15	274.5	437
1618478163729	-20	281	433
1618478163823	-20	277	436
1618478163917	-14	274	435.5
1618478164011	-17	277	437.5
1618478164105	-16	277.5	nan
