1618476717616,-8.509060185,262.517237384,376.992905506
1618476717710,-7.509057023,263.517234275,376.992905460
1618476717804,-7.509057098,261.517234349,377.992905461
1618476717898,-7.509049460,260.517226838,379.992905351
1618476717992,-9.509059518,259.517236728,385.992905496
1618476718086,-7.509068468,263.517245529,381.992905625
1618476718180,-6.509059621,263.517236829,379.992905498
1618476718274,-7.509062783,262.517239939,379.992905543
1618476718366,-10.509045475,259.517222919,377.992905293
1618476718459,-9.509047998,261.517225400,379.992905330
1618476718552,-6.509066432,260.517243527,381.992905596
1618476718645,-9.509070084,260.517247118,377.992905649
1618476718738,-9.509062371,261.517239534,378.992905537
1618476718831,-9.509048974,261.517226360,377.992905344
1618476718924,-11.509067570,263.517244646,378.992905612
1618476719017,-4.509055473,259.517232751,378.992905438
1618476719110,-10.509057821,261.517235060,379.992905472
1618476719203,-8.509052623,259.517229948,379.992905396
1618476719296,-7.509055146,261.517232429,381.992905433
1618476719389,-9.509054734,260.517232024,380.992905427
1618476719482,-9.509072915,259.517249903,386.992905690
1618476719581,-9.509063423,259.517240568,377.992905552
1618476719675,-6.509046298,261.517223729,379.992905305
1618476719769,-9.509054659,262.517231950,379.992905426
1618476719863,-9.509062371,261.517239534,378.992905537
1618476719957,-7.509050437,260.517227798,377.992905365
1618476720051,-5.509057585,260.517234827,379.992905468
1618476720145,-9.509062371,261.517239534,378.992905537
1618476720239,-8.509058158,264.517235391,379.992905476
1618476720333,-5.509050923,259.517228277,379.992905372
1618476720427,-9.509055635,262.517232910,377.992905440
1618476720521,-9.509049049,259.517226434,378.992905345
1618476720615,-8.509052623,259.517229948,379.992905396
1618476720709,-9.509050025,259.517227393,376.992905359
1618476720801,-9.509053608,264.517230917,380.992905411
1618476720895,-9.509055635,262.517232910,377.992905440
1618476720989,-10.509065534,260.517242644,378.992905583
1618476721083,-6.509046298,261.517223729,379.992905305
1618476721177,-9.509062371,261.517239534,378.992905537
1618476721271,-9.509054659,262.517231950,379.992905426
1618476721365,-7.509050512,258.517227872,378.992905366
1618476721459,-9.509052632,264.517229957,382.992905397
1618476721553,-9.509047998,261.517225400,379.992905330
1618476721647,-8.509051497,263.517228841,379.992905380
1618476721741,-7.509054995,265.517232281,379.992905431
1618476721835,-10.509052136,260.517229469,377.992905389
1618476721929,-12.509050673,261.517228031,377.992905368
1618476722020,-9.509062446,259.517239608,379.992905538
1618476722114,-8.509066996,259.517244082,378.992905604
1618476722208,-8.509065945,261.517243049,379.992905589
1618476722302,-7.509071547,259.517248557,377.992905670
1618476722396,-9.509070159,258.517247192,378.992905650
1618476722490,-9.509046045,261.517223480,383.992905301
1618476722584,-6.509047349,259.517224762,378.992905320
1618476722678,-8.509065870,263.517242975,378.992905588
1618476722772,-9.509063272,263.517240420,375.992905550
1618476722866,-9.509062221,265.517239387,376.992905535
1618476722960,-8.509066996,259.517244082,378.992905604
1618476723054,-7.509049460,260.517226838,379.992905351
1618476723148,-6.509060672,261.517237863,378.992905513
1618476723241,-9.509048899,263.517226286,376.992905343
1618476723335,-9.509056611,262.517233870,375.992905454
1618476723429,-7.509045728,259.517223168,373.992905297
1618476723523,-5.509067099,263.517244183,372.992905606
1618476723617,-11.509071624,259.517248633,372.992905671
1618476723711,-9.509051977,259.517229313,372.992905387
1618476723805,-9.509067177,263.517244260,367.992905607
1618476723899,-10.509050281,261.517227645,366.992905363
1618476723993,-9.509056858,259.517234113,362.992905458
1618476724087,-8.509070043,263.517247078,341.992905648
1618476724181,-11.509060469,262.517237664,322.992905510
1618476724275,-9.509058371,259.517235601,302.992905479
1618476724369,-9.509063691,259.517240832,348.992905556
1618476724460,-9.509066448,260.517243543,356.992905596
1618476724554,-9.509046067,264.517223501,367.992905302
1618476724648,-9.509062907,262.517240061,419.992905545
1618476724742,-10.509068097,259.517245164,416.992905620
1618476724836,-13.509060572,259.517237765,378.992905511
1618476724930,-14.509065805,262.517242911,343.992905587
1618476725024,-13.509052249,261.517229580,337.992905391
1618476725118,-12.509062752,262.517239909,309.992905543
1618476725212,-15.509072433,261.517249428,279.992905683
1618476725306,-15.509051151,263.517228501,293.992905375
1618476725400,-14.509050091,260.517227458,291.992905360
1618476725494,-15.509070286,260.517247317,412.992905652
1618476725588,-19.509071822,266.517248828,429.992905674
1618476725678,-24.509055518,262.517232795,480.992905438
1618476725772,-25.509068517,259.517245577,461.992905626
1618476725866,-31.509072667,265.517249658,456.992905686
1618476725960,-37.509045463,266.517222907,447.992905293
1618476726054,-52.509052910,294.517230231,433.992905401
1618476726148,-54.509049496,321.517226873,422.992905351
1618476726242,0.490952870,397.517224547,414.992905317
1618476726336,16.490947615,341.517229714,398.992905393
1618476726430,-66.509051198,289.517228547,394.992905376
1618476726524,-63.509050091,389.517227458,392.992905360
1618476726618,33.490947709,382.517229622,388.992905392
1618476726712,52.490936367,297.517240775,387.992905555
1618476726806,25.490939812,242.517237388,386.992905506
1618476726899,-32.509056650,235.517233908,384.992905455
1618476726993,-52.509049434,252.517226813,379.992905350
1618476727087,-193.186299776,406.550887627,384.418874832
1618476727181,-120.509050524,375.517227884,380.992905366
1618476727275,-177.509067811,504.517244883,379.992905616
1618476727369,-60.509065827,591.517242932,382.992905587
1618476727463,-32.509056687,462.517233945,381.992905455
1618476727557,54.490936101,485.517241036,380.992905559
1618476727651,61.490942354,388.517234888,379.992905469
1618476727745,57.490938372,362.517238803,381.992905527
1618476727839,61.490934374,335.517242735,379.992905584
1618476727933,60.490937627,304.517239536,381.992905537
1618476728027,49.490949395,284.517227964,382.992905367
1618476728124,38.490934668,272.517242445,381.992905580
1618476728218,29.490953136,264.517224285,377.992905313
1618476728312,20.490942202,261.517235037,381.992905471
1618476728406,15.490946675,261.517230639,377.992905407
1618476728500,7.490952301,259.517225106,380.992905325
1618476728594,5.490938339,258.517238836,378.992905527
1618476728688,2.490936639,258.517240507,378.992905552
1618476728782,1.490941114,256.517236107,380.992905487
1618476728876,0.490932342,258.517244733,381.992905614
1618476728970,-0.509070745,259.517247769,380.992905658
1618476729064,-1.509046061,260.517223496,379.992905302
1618476729158,0.490945815,260.517231485,379.992905419
1618476729252,-3.509066835,256.517243923,379.992905602
1618476729341,-3.509052386,258.517229715,379.992905393
1618476729435,-4.509062210,258.517239375,379.992905535
1618476729529,-7.509056197,259.517233462,380.992905448
1618476729623,-5.509050923,259.517228277,379.992905372
1618476729717,-3.509072445,259.517249440,380.992905683
1618476729811,-4.509054497,259.517231791,380.992905423
1618476729905,-8.509052623,259.517229948,379.992905396
1618476729999,-8.509058383,258.517235612,382.992905480
1618476730093,-9.509062446,259.517239608,379.992905538
1618476730187,-7.509070570,259.517247597,379.992905656
1618476730281,-6.509068534,256.517245595,379.992905626
1618476730375,-8.509066020,259.517243122,380.992905590
1618476730469,-7.509062858,260.517240013,380.992905544
1618476730559,-3.509063681,262.517240822,382.992905556
1618476730653,-10.509052061,262.517229396,376.992905388
1618476730747,-6.509059696,261.517236903,380.992905499
1618476730841,-8.509060410,256.517237606,379.992905509
1618476730935,-7.509062783,262.517239939,379.992905543
1618476731029,-4.509068871,259.517245926,379.992905631
1618476731123,-6.509052959,262.517230279,379.992905401
1618476731217,-4.509067895,259.517244966,381.992905617
1618476731311,-5.509052049,255.517229384,379.992905388
1618476731405,-5.509057585,260.517234827,379.992905468
1618476731499,-9.509070084,260.517247118,377.992905649
1618476731593,-6.509059771,259.517236977,381.992905500
1618476731687,-7.509049460,260.517226838,379.992905351
1618476731780,-5.509064321,259.517241451,380.992905565
1618476731874,-6.509067408,260.517244487,379.992905610
1618476731968,-4.509068871,259.517245926,379.992905631
1618476732062,-9.509063423,259.517240568,377.992905552
1618476732156,-9.509070159,258.517247192,378.992905650
1618476732250,-8.509072682,260.517249673,380.992905686
1618476732344,-7.509072598,257.517249590,376.992905685
1618476732438,-6.509067408,260.517244487,379.992905610
1618476732532,-7.509050512,258.517227872,378.992905366
1618476732626,-10.509050109,262.517227476,380.992905360
1618476732720,-6.509067408,260.517244487,379.992905610
1618476732814,-8.509053599,259.517230908,377.992905410
1618476732908,-5.509056608,260.517233867,381.992905454
1618476732998,-7.509057173,259.517234422,378.992905462
1618476733092,-7.509056122,261.517233389,379.992905447
1618476733186,-8.509052623,259.517229948,379.992905396
1618476733280,-6.509060672,261.517237863,378.992905513
1618476733374,-10.509055869,261.517233140,383.992905443
1618476733468,-9.509055785,258.517233058,379.992905442
1618476733562,-9.509055710,260.517232984,378.992905441
1618476733656,-9.509069033,262.517246085,378.992905634
1618476733750,-7.509053268,259.517230583,386.992905406
1618476733844,-5.509072934,260.517249921,376.992905690
1618476733938,-9.509062446,259.517239608,379.992905538
1618476734032,-6.509067408,260.517244487,379.992905610
1618476734126,-13.509065131,264.517242248,380.992905577
1618476734214,-7.509070570,259.517247597,379.992905656
1618476734308,-8.509052623,259.517229948,379.992905396
1618476734402,-8.509066921,261.517244009,377.992905603
1618476734496,-8.509072607,262.517249599,379.992905685
1618476734590,-9.509049049,259.517226434,378.992905345
1618476734684,-9.509049049,259.517226434,378.992905345
1618476734778,-8.509059284,260.517236498,379.992905493
1618476734872,-9.509054659,262.517231950,379.992905426
1618476734966,-8.509052623,259.517229948,379.992905396
1618476735060,-8.509052623,259.517229948,379.992905396
1618476735154,-8.509072682,260.517249673,380.992905686
1618476735248,-9.509062446,259.517239608,379.992905538
1618476735342,-9.509055710,260.517232984,378.992905441
1618476735437,-8.509059284,260.517236498,379.992905493
1618476735531,-8.509058158,264.517235391,379.992905476
1618476735625,-11.509058731,268.517235955,379.992905485
1618476735719,-7.509056047,263.517233315,378.992905446
1618476735813,-8.509058158,264.517235391,379.992905476
1618476735907,-7.509069594,259.517246637,381.992905642
1618476736001,-6.509061723,259.517238897,377.992905528
1618476736095,-9.509069108,260.517246158,379.992905635
1618476736189,-9.509061395,261.517238574,380.992905523
1618476736283,-7.509070570,259.517247597,379.992905656
1618476736377,-9.509062446,259.517239608,379.992905538
