1618477303474,-0.020626
1618477303569,0.008240
1618477303664,-0.020626
1618477303759,0.011029
1618477303854,-0.103038
1618477303949,-0.048097
1618477304044,-0.061187
1618477304139,-0.040906
1618477304234,0.019935
1618477304329,0.008240
1618477304424,0.029915
1618477304519,-0.012041
1618477304608,0.009635
1618477304703,0.030236
1618477304798,-0.049491
1618477304893,0.027126
1618477304988,0.013819
1618477305083,-0.062582
1618477305178,-0.026421
1618477305273,-0.165275
1618477305368,0.066292
1618477305463,-0.172144
1618477305558,-0.085868
1618477305653,-0.026421
1618477305748,-0.136088
1618477305844,-0.059792
1618477305938,-0.009467
1618477306032,-0.004746
1618477306126,-0.048097
1618477306220,-0.046702
1618477306314,0.014140
1618477306408,-0.019231
1618477306502,-0.104433
1618477306596,0.011029
1618477306690,-0.049491
1618477306784,-0.168064
1618477306878,-0.165275
1618477306972,-0.049491
1618477307060,0.011029
1618477307154,-0.055287
1618477307248,-0.012041
1618477307342,-0.072778
1618477307436,0.068761
1618477307530,-0.076962
1618477307624,-0.048097
1618477307718,0.112432
1618477307812,3.252790
1618477307906,-0.058077
1618477308000,0.080456
1618477308094,0.001050
1618477308188,0.011029
1618477308277,-0.040906
1618477308371,-0.027816
1618477308465,-0.046702
1618477308559,-0.016441
1618477308653,0.097626
1618477308747,0.031310
1618477308841,-0.095848
1618477308935,-0.012257
1618477309029,0.021330
1618477309123,0.069081
1618477309217,-0.078357
1618477309311,0.031310
1618477309405,0.014140
1618477309498,0.052985
1618477309592,0.043005
1618477309686,0.015430
1618477309780,-0.029211
1618477309874,0.003839
1618477309968,0.029915
1618477310062,0.073266
1618477310156,-0.017836
1618477310250,0.034100
1618477310344,0.089362
1618477310438,0.149883
1618477310532,0.170163
1618477310626,0.141298
1618477310716,0.112432
1618477310810,0.167694
1618477310904,0.242700
1618477310998,0.269097
1618477311092,0.468896
1618477311186,0.538748
1618477311280,0.700664
1618477311374,0.211865
1618477311468,-2.171317
1618477311562,-5.273127
1618477311656,-7.862194
1618477311750,-5.470470
1618477311844,-0.067273
1618477311937,1.072845
1618477312031,1.933181
1618477312125,-5.027060
1618477312219,-1.231788
1618477312313,-1.691818
1618477312407,-0.812229
1618477312501,-0.184600
1618477312595,-0.312392
1618477312689,-0.285004
1618477312783,-0.245525
1618477312877,-0.129428
1618477312971,-0.012152
1618477313065,-0.145845
1618477313157,-0.051953
1618477313251,-0.172779
1618477313345,-0.256698
1618477313439,-0.002919
1618477313533,-0.049275
1618477313627,0.112328
1618477313721,-0.000345
1618477313815,0.009635
1618477313909,-0.156369
1618477314003,-0.020626
1618477314097,-0.078357
1618477314191,-0.081467
1618477314285,-0.004850
1618477314374,-0.018910
1618477314468,0.061891
1618477314562,0.070476
1618477314656,-0.066982
1618477314750,0.012424
1618477314844,-0.231591
1618477314938,0.011029
1618477315032,-0.071487
1618477315126,0.029915
1618477315220,-0.105828
1618477315314,-0.053892
1618477315408,0.005555
1618477315502,-0.050886
1618477315593,0.019935
1618477315687,0.031206
1618477315781,-0.173860
1618477315875,-0.026421
1618477315969,-0.046702
1618477316063,-0.026421
1618477316157,-0.076962
1618477316251,-0.046702
1618477316345,-0.186950
1618477316439,-0.022021
1618477316533,-0.010646
1618477316627,0.031310
1618477316721,-0.024810
1618477316815,-0.072562
1618477316908,-0.104433
1618477317001,-0.023415
1618477317094,0.063286
1618477317187,-0.032001
1618477317280,-0.025131
1618477317373,-0.046702
1618477317466,0.018540
1618477317559,-0.061187
1618477317652,-0.038117
1618477317745,0.028520
1618477317838,-0.045307
1618477317931,-0.075567
1618477318028,0.036785
1618477318122,0.005450
1618477318216,-0.076962
1618477318310,0.009635
1618477318404,0.051590
1618477318498,-0.013436
1618477318592,-0.022021
1618477318686,0.019935
1618477318780,0.002444
1618477318874,-0.017836
1618477318968,-0.017836
1618477319062,0.027126
1618477319156,-0.049491
1618477319248,0.032921
1618477319342,-0.178365
