1618476690445,221.672925004,421.132463319,-39.177193113
1618476690540,-112.144342251,237.231481702,460.548668813
1618476690635,-126.136712898,156.277156549,742.396372081
1618476690730,195.688165727,377.155297021,31.784733276
1618476690825,-43.182412744,269.216247931,279.647662732
1618476690920,-200.098637047,142.284770051,812.358297724
1618476691015,-222.083415092,113.300007696,810.358297113
1618476691110,55.764313138,322.185758118,155.716199120
1618476691205,-223.083390797,112.299983314,841.343069223
1618476691300,111.733818147,310.193408556,269.655277212
1618476691395,110.733847383,337.178149430,13.792347568
1618476691489,-252.068174763,144.284767330,802.365912829
1618476691583,-1.205235788,267.216226218,449.556285704
1618476691677,139.718609665,377.155312711,-37.177193479
1618476691771,-223.083405871,199.254309084,684.426831870
1618476691865,-58.174796985,254.223861954,559.495364939
1618476691959,196.688152202,408.140080809,-42.177193315
1618476692053,-124.136724994,225.239094223,591.480134960
1618476692147,-84.159544744,196.254298991,603.472522013
1618476692241,221.672898913,335.178178860,-40.177195149
1618476692335,-57.174783595,268.216233623,365.601974486
1618476692429,-197.098638608,157.277156724,770.381142281
1618476692523,195.688136609,338.178170922,43.777116110
1618476692617,26.779540810,322.185760240,225.678124490
1618476692709,-209.091028179,141.284776097,841.343067468
1618476692804,153.710991064,322.185776004,169.708582836
1618476692899,56.764303415,337.178152983,99.746657934
1618476692994,-280.052946280,157.277153744,772.381142513
1618476693089,68.756673508,250.223857408,365.601973795
1618476693184,198.688143854,406.140089186,1.799961355
1618476693279,109.733839271,322.185772464,183.700968219
1618476693374,-26.190023970,211.246703822,591.480135372
1618476693469,194.688142726,377.155320104,-40.177194054
1618476693564,-183.106248434,225.239077174,590.480136286
1618476693659,-126.136708681,198.254307638,686.426831982
1618476693754,209.680524689,365.162938153,-40.177194299
1618476693849,-84.159555371,225.239079870,394.586744578
1618476693943,-184.106241524,144.284759598,787.373528323
1618476694037,195.688133823,338.178173718,45.777115893
1618476694131,0.794754700,282.208620871,223.678123250
1618476694225,-235.075785188,99.307607524,799.365913178
1618476694319,154.710994319,324.185772738,245.670508625
1618476694413,222.672934903,434.124838491,-27.184807233
1618476694507,-226.083409835,99.307617314,841.343067737
1618476694601,69.756691752,267.216224206,364.601975219
1618476694695,153.710997341,409.140080347,14.792347149
1618476694789,-195.098642385,183.261930729,743.396371773
1618476694883,-56.174774756,265.216224752,521.518211353
1618476694977,211.680519356,407.140098825,-40.177194716
1618476695071,-197.098638160,183.261926489,547.502980604
1618476695159,-114.144327281,170.269541144,688.426831693
1618476695253,233.665293101,437.124865497,-40.177194440
1618476695347,-99.151926867,242.231451317,421.571515855
1618476695441,-183.106244244,143.284762327,772.381143004
1618476695535,152.711003133,336.178148999,28.784732708
1618476695629,9.787135442,314.193395465,237.670508016
1618476695723,-276.052933953,125.292371159,827.350683903
1618476695817,156.711003015,336.178149117,169.708583769
1618476695911,82.749048738,335.178177963,98.746655991
1618476696005,-197.098628341,126.292376207,799.365913297
1618476696099,97.741449768,308.193391769,337.617204053
1618476696193,152.710992715,350.170544561,-42.177193640
1618476696287,-211.091022313,168.269540425,729.403987070
1618476696379,-15.197620419,239.231455527,489.533441062
1618476696473,197.688133769,380.155329093,-55.169579860
1618476696567,-168.113872255,211.246701027,587.480135589
1618476696661,-85.159565819,265.216245677,418.571513977
1618476696755,197.688152790,365.162924897,-57.169578376
1618476696849,-57.174804282,209.246713957,420.571513300
1618476696943,-181.106262778,142.284780928,725.403986236
1618476697037,152.710987455,392.147705162,9.792346378
1618476697131,-5.205239568,273.216230012,247.662893911
1618476697225,-211.091029483,97.307622085,792.365912045
1618476697319,138.718598027,337.178169070,183.700967324
1618476697413,78.749062914,351.170548843,70.754271990
1618476697507,-252.068182862,153.277160564,800.350682411
1618476697598,67.756683353,307.193387956,302.617204349
1618476697692,152.710989882,377.155317619,-100.177193861
1618476697786,-225.083409401,126.292387091,712.373527343
1618476697880,-43.182400580,197.254310187,485.518210500
1618476697974,194.688142870,391.147705067,-64.177194043
1618476698068,-156.121484514,210.246698384,675.457291116
1618476698162,-115.144319600,195.254303650,720.426832292
1618476698256,220.672912916,377.155320129,-77.161964270
1618476698350,-102.151937750,265.216232454,370.579129898
1618476698444,-188.106245947,168.269534251,727.381142871
1618476698538,175.695751642,352.170555889,-55.207654093
1618476698632,19.779536846,329.185764218,128.678124181
1618476698726,-218.091031460,99.307624069,723.358296998
1618476698818,146.711010496,335.178141610,124.708584353
1618476698912,-207.098654216,143.284787282,855.365911277
1618476699006,-268.068160726,143.284753242,818.381143710
1618476699100,35.764306712,298.200994353,448.609590117
1618476699194,127.710995754,383.155311725,85.799961918
1618476699288,-283.075799782,217.269547705,782.419216290
1618476699382,-102.174772807,279.239067476,629.495366826
1618476699476,169.672910288,518.147707873,-15.161964475
1618476699570,-141.113860980,311.246689712,597.495366255
1618476699664,-184.129102960,207.261931735,716.426831266
1618476699758,179.665305064,537.132468383,-7.184808399
1618476699852,-35.151942757,342.216237478,393.594359293
1618476699946,-152.091043950,170.277177032,824.358296023
1618476700036,-6.182384800,217.231449672,543.510596838
1618476700130,44.764300521,307.178155887,229.678123671
1618476700224,-238.091006205,126.284754045,832.350684076
1618476700318,32.741441465,342.193400101,216.685737442
1618476700412,53.718615916,424.178151117,44.777117651
1618476700506,-415.060568469,323.300005745,814.358297265
1618476700600,-10.228073951,517.216219678,370.601975571
1618476700694,108.695762510,591.140085410,-81.154348993
1618476700788,-174.091035771,382.269553931,660.442060485
1618476700882,4.817583371,344.254326294,604.472519889
1618476700976,301.665312166,540.132461256,-80.154348273
1618476701070,-92.113865280,329.223849349,491.533440384
1618476701164,192.726223270,378.178158683,218.685738346
1618476701255,249.688154531,360.178152936,-40.177193133
1618476701350,14.809985045,276.216235203,295.640048828
1618476701445,-163.098628578,131.292376445,801.365913278
1618476701540,238.680521026,365.162941829,127.731426699
1618476701635,74.764281653,335.178174822,141.723811556
1618476701730,-224.075809280,140.284787024,815.358296404
1618476701825,95.749064228,307.193392203,281.647663591
1618476701920,159.710986769,362.162935636,57.769501645
1618476702015,-214.083403970,124.292381641,729.403987339
1618476702110,-6.197635776,264.216241153,449.556284543
1618476702205,213.680525452,432.124862922,-69.161964454
1618476702300,201.688162207,391.147685660,-27.184807427
1618476702395,-78.159554581,196.254308863,631.457291459
1618476702490,244.665284457,379.155333743,-40.177195115
1618476702584,-83.159572477,223.239097038,449.556283671
1618476702678,-179.106241212,154.277144391,729.403987920
1618476702772,227.672921339,348.170541462,1.799961922
1618476702866,0.794754885,295.201005792,268.655278585
1618476702960,-238.075792157,124.292384733,787.373527527
1618476703054,111.733835274,338.178161582,185.700967907
1618476703148,84.749082159,364.162914636,85.754273492
1618476703242,-197.098618385,139.284751322,833.350684288
1618476703336,72.756668565,265.216247475,350.609588302
1618476703430,126.726206663,335.178175350,29.784730659
1618476703524,-225.083412376,181.261930505,729.403986683
1618476703618,-10.197610100,223.239060063,520.518212082
1618476703709,195.688136333,379.155326520,-25.184809446
1618476703803,-124.136718221,223.239087426,575.487750382
1618476703897,-121.136714474,197.254313452,645.449676209
1618476703991,223.672926999,339.178150674,-26.184807850
1618476704085,-56.174763885,266.216213843,335.617205810
1618476704179,-181.106269450,142.284787623,827.350681465
1618476704273,197.688137600,324.185784820,98.746656616
1618476704367,54.764296196,283.208619799,155.716197798
1618476704461,-234.075800941,112.300008440,884.320222590
1618476704555,-57.174779170,267.216229183,295.640049297
1618476704649,141.718599621,351.170552577,0.799961058
1618476704743,-253.068188149,167.269550977,786.373526677
1618476704837,-11.197630046,251.223850295,450.556284990
1618476704936,193.688151055,420.132467066,-82.154348725
1618476705030,-155.121482718,169.269541261,589.480135935
1618476705124,-125.136714753,266.216239267,659.442061294
1618476705218,195.688158763,378.155304010,-40.177192803
1618476705312,-56.174799365,240.231479236,422.571513683
1618476705406,-210.091016587,169.269534678,787.373527945
1618476705500,194.688150982,320.185771391,43.777117232
1618476705594,28.779539723,280.208606009,252.662894620
1618476705688,-140.129106213,209.246705214,587.480135264
1618476705782,124.726215411,323.185781463,211.685737733
1618476705876,134.718618962,326.185762953,57.769502995
1618476705970,-235.075790079,139.284767754,789.373527689
1618476706064,41.771907370,266.216238424,451.556284755
1618476706154,152.711007704,364.162914626,-42.177192470
1618476706248,-225.083401229,140.284763998,689.426832232
1618476706342,-38.182395997,223.239075803,603.472521500
1618476706436,222.672929623,406.140073576,-78.154348073
1618476706530,-97.151944552,195.254313745,476.541054902
1618476706624,-181.106268107,181.261941597,771.381141142
1618476706718,196.688149187,364.162928514,1.799961771
1618476706812,-211.091030518,128.292393338,799.365911965
1618476706906,-195.098637139,128.292385037,815.358297717
1618476707000,196.688149339,323.185773040,142.723812853
1618476707094,123.726221511,321.185775341,99.746657353
1618476707188,-267.060548869,141.284756289,812.358298794
1618476707282,84.749053437,265.216247712,379.594358498
1618476707370,184.695742677,352.170564886,-83.154350541
1618476707464,-195.098616693,167.269519838,716.411603564
1618476707558,0.794768971,241.231451228,519.518211611
1618476707652,181.695761821,349.170545673,-54.169578833
1618476707746,-112.144323578,224.239077856,516.518210698
1618476707840,-125.136719217,139.284777784,729.403986481
1618476707934,-154.121479523,128.292382733,799.365912789
1618476708028,10.787144702,271.216230852,309.632434274
1618476708122,-194.098623915,140.284756872,855.335454070
1618476708216,154.710991988,367.162930398,142.723812695
1618476708310,68.756683631,352.170542998,141.723812873
1618476708404,-199.098623784,196.254297168,799.365913652
1618476708498,97.741448358,267.216237863,310.632433729
1618476708592,152.710977789,350.170559540,-2.200039484
1618476708686,-209.091041387,167.269559567,729.403985581
1618476708780,-26.190015946,226.239080876,519.518210463
1618476708874,197.688142338,382.155320494,-54.169579191
1618476708968,-126.136718122,212.246702220,589.480135496
1618476709062,-43.182406737,193.254316367,603.472520661
1618476709156,253.657679537,393.147708842,-52.169579443
1618476709250,-42.182394899,269.216230021,380.594359873
1618476709344,-169.113847890,154.277136148,800.365914096
1618476709438,208.680540174,351.170537505,99.746657979
1618476709532,41.771915180,308.193385908,198.693353438
1618476709626,-194.098622079,129.292369923,841.343069106
1618476709720,98.741455869,296.201000538,299.640049208
1618476709809,156.710994365,337.178157798,1.799961810
1618476709903,-251.068181919,168.269544725,771.381142056
1618476709997,12.787138490,265.216237086,477.541055073
1618476710091,210.680526540,391.147706509,-49.169579262
1618476710185,58.764301375,266.216229494,322.624819486
1618476710279,-82.159579452,223.239104037,673.434444839
1618476710373,251.657673364,418.132485251,-40.177194818
1618476710467,-55.174764127,251.223828979,422.571516434
nan,nan,nan,nan
