1610679754620,324.874983527,286.604144949,301.670129822
1610679754714,238.558426712,261.799409870,283.466976923
1610679754808,389.085999729,307.108062336,228.556730026
1610679754902,254.761543757,224.393058863,378.084316517
1610679754996,318.273404116,287.904929321,219.955153971
1610679755090,-84.000701114,69.564712736,618.627667976
1610679755184,194.550543382,177.084432386,463.498504861
1610679755278,362.281267024,327.611998873,209.052788953
1610679755370,-54.895187933,98.670224778,563.018209493
1610679755465,96.933169589,145.377296153,528.611903510
1610679755560,390.085979345,333.912765638,188.548847585
1610679755655,16.218234725,135.076559933,477.002446023
1610679755750,4.315852311,105.971019908,601.725303406
1610679755845,403.289153264,326.612004270,220.955153644
1610679755940,341.777307836,321.010399367,214.654364950
1610679756035,-41.992816993,57.662350843,630.530032621
1610679756130,367.582051535,303.807264993,258.662247262
1610679756225,177.648166033,221.092298180,328.474858605
1610679756320,-80.699884488,51.361596049,645.733185997
1610679756415,307.370980551,263.100125224,327.474857650
1610679756510,265.663946435,276.002565625,271.564612377
1610679756604,-93.903058492,61.963145508,641.432397331
1610679756698,225.956816647,209.189908714,402.588257559
1610679756792,328.874977047,315.709654112,208.052789297
1610679756886,-84.000682477,76.865524610,596.123727391
1610679756980,145.241874862,170.482858110,486.604022292
1610679757074,105.233963510,191.986761812,403.889045860
1610679757168,-24.789682351,105.970997973,532.912691838
1610679757262,70.827653342,113.572568415,556.115844532
1610679757356,387.085998806,332.612002159,195.150424413
1610679757450,41.722147208,155.580464711,454.197716199
1610679757544,-16.188078758,84.467091521,613.326880023
1610679757638,389.085978214,328.611976002,219.955153153
1610679757732,129.038686802,208.189907110,384.385104734
1610679757822,-53.895183332,54.361560432,643.432397180
1610679757917,353.679695791,277.002547044,270.564612055
1610679758012,215.054460453,259.799377779,313.572493761
1610679758107,-92.301502712,38.459178322,645.733185075
1610679758202,-89.301479313,66.263937240,608.026091798
1610679758297,284.867082671,295.205697386,238.158306419
1610679758392,-88.301468075,69.263951515,621.928456644
1610679758487,197.851335991,199.588378984,427.392987564
1610679758582,354.679703944,318.010439392,215.654365645
1610679758677,-58.195965373,87.767873848,565.018209730
1610679758772,124.437110736,140.377296345,514.709538916
1610679758867,383.785189240,343.514339616,182.947271145
1610679758962,0.015046773,128.474938879,514.408750841
1610679759058,32.120590602,103.670243262,568.318998013
1610679759152,395.687591946,329.612023426,207.052789379
1610679759246,78.429236080,181.084399456,426.392986895
1610679759340,6.315845370,94.068646493,588.822938655
1610679759434,371.882860358,307.108079390,256.361459518
1610679759528,172.046555167,224.393042597,356.580375239
1610679759622,-79.399112146,38.459211308,644.733185648
1610679759716,318.273357620,266.100141065,300.670128730
1610679759810,247.160015339,262.799425404,277.865400795
1610679759904,-93.602286408,58.662336839,644.432396975
1610679759998,253.761545708,226.393061342,378.084316560
1610679760092,321.273375551,303.807257635,218.955153341
1610679760186,-83.000717764,56.662326989,605.725303011
1610679760275,155.843412353,186.685961485,470.100080438
1610679760370,375.183629619,325.311208130,201.451212510
1610679760465,259.363137340,236.693868891,369.482740498
1610679760560,75.128445800,127.474938423,528.611903630
1610679760655,403.988370178,330.612010765,184.548848164
1610679760750,21.519015292,143.678126637,474.701657655
1610679760845,-9.586531223,92.068631256,608.026091188
1610679760940,384.785204370,309.408841440,222.955153470
1610679761035,109.534762602,197.287563847,393.986681503
1610679761130,-66.797576149,54.361524586,640.131608358
1610679761225,345.078135891,287.904932599,272.564612419
1610679761320,219.054435256,240.596192977,301.670128607
1610679761415,-96.903067997,51.361557037,660.635549918
1610679761510,284.867056391,252.197782012,344.678010818
1610679761604,397.687602282,333.912824754,215.353577806
1610679761698,-84.000711707,55.662334683,635.830820539
1610679761792,192.249760189,190.986803342,431.693775777
1610679761886,355.679666100,305.108026724,218.955153010
1610679761980,-72.399109750,74.865519945,579.920574514
1610679762074,120.136345893,148.978902411,516.709539431
1610679762168,383.484400257,339.514338620,179.947271127
1610679762262,-2.586549214,130.474913997,525.311115006
1610679762356,42.120573801,97.670221921,577.920574041
1610679762450,393.785176167,325.611958412,201.451211852
1610679762544,79.526871445,168.783611209,442.295351492
1610679762638,-22.992855870,62.564666057,621.928455365
1610679762729,320.167886209,284.506505069,258.361459554
1610679762823,215.445017513,175.490727215,351.978799695
1610679762917,20.300054753,-31.638481131,652.033972857
1610679763011,510.371013673,-92.899832703,306.970917385
1610679763105,440.859215219,-128.899801539,274.564612333
1610679763199,-343.602287321,-408.939240719,640.432396955
1610679763293,42.859209763,282.490733140,403.287469989
1610679763387,320.273384708,903.108057465,235.556729942
1610679763481,-430.000686283,-122.435268424,607.725303706
1610679763575,56.542661441,583.482856052,491.303234057
1610679763669,478.882839046,502.912781514,200.150424259
1610679763763,28.307971900,150.971021915,552.514268652
1610679763857,75.722149108,183.482831722,475.100080838
1610679763948,398.484384640,339.912742384,199.849635380
1610679764042,39.819765585,150.978866685,425.701656819
1610679764136,-4.887312210,78.166275820,490.026091347
1610679764230,394.085972992,308.108028373,270.857517636
1610679764324,124.136345283,213.490724624,177.685893442
1610679764418,-50.895171781,54.361575105,513.131609235
1610679764512,358.679669226,289.904877897,402.466976066
1610679764606,222.355288827,259.799428812,285.572494647
1610679764700,-82.000681864,48.060796192,813.635550393
1610679764794,285.867079167,245.897022743,474.279587719
1610679764888,290.167848745,295.205669281,302.759882329
1610679764982,-92.602259669,51.361582605,671.432397565
1610679765076,194.550547033,190.986801622,464.596140344
1610679765168,357.679665860,321.311179216,221.052788407
1610679765262,-52.895206594,78.865471880,578.018209082
1610679765356,118.136318579,136.377291317,521.408750630
1610679765450,380.484425890,340.514371180,198.150424489
1610679765544,4.315859787,125.474970400,514.107963189
1610679765638,19.218213698,110.271804029,585.221362339
1610679765732,386.085987642,322.010411580,209.752000565
1610679765826,75.128453909,186.385195312,433.392987028
1610679765920,-58.195981529,66.263912329,635.830820561
1610679766014,354.679663413,325.311176107,265.963034942
1610679766108,32.120544163,102.970972472,584.221361587
1610679766202,-84.000725861,53.361528505,660.635549422
1610679766296,307.371038252,256.498622120,329.474858923
1610679766387,257.761574513,273.701768122,273.564612216
1610679766482,-98.903044829,50.361586466,652.033974030
1610679766577,249.460774358,215.791506346,417.490622525
1610679766672,337.476570377,310.408887421,231.255942468
1610679766767,-75.399128976,79.865495524,596.123726886
1610679766862,155.843462016,166.182083574,499.205598928
1610679766957,380.484438586,347.815175507,195.150424769
1610679767052,-23.789704603,97.369393309,540.912691348
1610679767147,41.022954444,109.271818702,563.018209797
1610679767242,268.663925657,229.994657240,372.482740500
1610679767337,54.624513471,166.482831424,469.100080833
1610679767432,-18.488866645,71.564727320,624.928456429
1610679767527,380.484437398,302.807292005,225.255942137
1610679767621,149.241842948,211.490699564,373.482740211
1610679767716,-87.000717011,52.361539747,661.635549617
1610679767811,332.175732659,272.701730727,300.369340762
1610679767906,219.355245601,253.498585705,288.466976299
1610679768001,-101.203876284,51.361531520,630.530032080
1610679768096,267.663937623,227.693884240,375.783528963
1610679768191,296.769467574,308.108087777,228.255942269
1610679768286,-96.903070320,69.263918683,619.928456074
1610679768381,398.687582092,327.612010908,216.353577361
1610679768476,367.882854327,319.010436327,210.052789194
1610679768571,-55.895191615,96.369431902,573.018209412
1610679768666,88.030834335,133.775757029,545.514268755
1610679768761,386.085994022,329.611996082,188.548847909
1610679768855,21.218210932,138.377317909,476.701657299
1610679768949,-6.586541110,88.767830498,610.026090970
1610679769043,397.687564010,311.408835143,230.556729759
1610679769137,95.632435722,189.986823558,394.986682335
1610679769231,-64.496753974,61.963144142,649.733185506
1610679769325,353.679689707,289.904903914,275.564611920
1610679769419,190.249757038,236.295469531,321.873282528
1610679769513,296.769434530,283.604104806,242.459094337
1610679769607,282.867063728,232.994638534,353.279587379
1610679769701,272.964721750,287.604125658,261.361459296
1610679769795,-107.805422142,59.662358513,643.432397351
1610679769889,215.054455408,207.889124782,425.092198629
1610679769983,337.476562824,320.010454225,199.451213106
1610679770073,-57.195964233,91.068663496,600.123727150
1610679770167,118.136353537,156.580488519,510.107963202
1610679770261,386.085973752,338.912758533,211.052788457
1610679770355,-11.887283297,126.474982737,500.506387005
1610679770449,14.917437613,104.670243018,588.522150806
1610679770543,381.785204233,328.311205864,212.353577069
1610679770637,6.315858545,138.076545221,501.506386763
1610679770731,-43.992847628,70.564676526,620.928455547
1610679770825,371.882839867,302.807265162,253.060670866
1610679770919,174.046604472,220.092317028,350.978799928
1610679771013,-84.000691667,53.361571939,643.432397380
1610679771107,320.574179993,267.400972674,330.474858679
1610679771201,255.761553756,274.701741756,274.564611758
1610679771292,-89.301493897,52.361554116,643.432397070
