1610679407868	440	-21	72
1610679407962	442	-27	74
1610679408052	442	-21	75
1610679408146	444	-24	81
1610679408240	439	-28	80
1610679408334	437	-26	83
1610679408428	442	-27	91
1610679408522	444	-26	86
1610679408616	435	-26	89
1610679408710	436	-25	85
1610679408804	438	-33	86
1610679408898	432	-26	87
1610679408992	429	-32	87
1610679409086	424	-31	81
1610679409180	423	-32	81
1610679409272	418	-36	83
1610679409366	415	-35	81
1610679409460	417	-32	83
1610679409554	414	-32	84
1610679409648	414	-36	81
1610679409742	405	-37	85
1610679409836	402	-38	83
1610679409930	400	-38	84
1610679410024	398	-40	87
1610679410118	396	-35	84
1610679410212	402	-39	86
1610679410306	397	-36	84
1610679410400	398	-38	84
1610679410490	391	-39	83
1610679410584	394	-38	89
1610679410678	396	-38	87
1610679410772	398	-36	88
1610679410866	392	-39	85
1610679410960	393	-38	88
1610679411054	388	-40	83
1610679411148	383	-35	80
1610679411242	384	-37	81
1610679411336	379	-33	80
1610679411430	381	-28	93
1610679411524	387	-25	84
1610679411618	388	-26	80
1610679411707	398	-27	82
1610679411801	397	-29	79
1610679411895	403	-34	82
1610679411989	405	-35	64
1610679412083	415	-32	43
1610679412177	426	-27	11
1610679412271	426	-34	141
1610679412365	433	-30	273
1610679412459	431	-29	369
1610679412553	435	-26	521
1610679412647	436	-26	233
1610679412741	433	-21	21
1610679412835	428	-19	46
1610679412926	418	5	67
1610679413020	445	2	65
1610679413114	492	302	70
1610679413208	333	-65	68
1610679413302	365	-18	69
1610679413396	604	-159	67
1610679413490	475	-110	68
1610679413584	475	-51	70
1610679413678	491	-27	70
1610679413772	511	-20	67
1610679413866	516	-19	65
1610679413960	531	-15	63
1610679414054	538	-13	70
1610679414145	542	-12	67
1610679414239	545	-14	63
1610679414333	547	-10	68
1610679414427	552	-13	67
1610679414521	547	-15	61
1610679414615	551	-14	61
1610679414709	552	-15	61
1610679414803	554	-14	64
1610679414897	550	-13	64
1610679414991	552	-17	58
1610679415085	550	-14	61
1610679415179	551	-15	58
1610679415273	553	-13	62
1610679415365	553	-13	55
1610679415459	550	-7	57
1610679415553	548	-15	60
1610679415647	550	-9	56
1610679415741	552	-5	60
1610679415835	552	-2	55
1610679415929	546	-3	61
1610679416023	546	1	56
1610679416117	544	5	56
1610679416211	542	3	51
1610679416305	538	2	56
1610679416399	534	3	55
1610679416493	526	6	55
1610679416585	530	4	54
1610679416679	523	2	54
1610679416773	517	7	55
1610679416867	516	10	55
1610679416961	513	9	52
1610679417055	507	13	50
1610679417149	499	9	56
1610679417243	495	10	50
1610679417337	494	12	49
1610679417431	494	11	52
1610679417525	497	16	53
1610679417619	496	13	56
1610679417713	495	10	56
1610679417802	494	15	61
1610679417896	485	13	62
1610679417990	481	17	60
1610679418084	475	17	59
1610679418178	475	14	66
1610679418272	473	14	69
1610679418366	473	13	68
1610679418460	472	13	67
1610679418554	480	14	76
