1610679018422,163.026620927,246.959112572,326.000020000
1610679018516,160.026609639,243.959129908,327.000019991
1610679018610,165.026620650,242.959112997,325.000019999
1610679018704,161.026607524,245.959133157,327.000019989
1610679018798,164.026612523,242.959125479,327.000019993
1610679018890,164.026617415,245.959117966,332.000019997
1610679018984,165.026608138,244.959132214,325.000019990
1610679019078,164.026615725,244.959120562,325.000019996
1610679019172,157.026608308,249.959131954,323.000019990
1610679019266,163.026617725,244.959117489,328.000019997
1610679019360,161.026610260,246.959128955,327.000019992
1610679019454,165.026615178,240.959121401,325.000019995
1610679019548,165.026608138,244.959132214,325.000019990
1610679019642,165.026624202,247.959107541,324.000020002
1610679019736,163.026618542,248.959116235,327.000019998
1610679019830,163.026623312,244.959108909,325.000020001
1610679019924,161.026620502,244.959113225,325.000019999
1610679020018,163.026610334,245.959128841,327.000019992
1610679020109,165.026621001,245.959112458,326.000020000
1610679020203,163.026618191,245.959116774,326.000019998
1610679020297,161.026620502,244.959113225,325.000019999
1610679020391,161.026607059,244.959133872,329.000019989
1610679020485,164.026607868,244.959132629,326.000019990
1610679020579,162.026606978,241.959133997,327.000019989
1610679020673,158.026622894,246.959109551,326.000020001
1610679020767,163.026617725,244.959117489,328.000019997
1610679020861,161.026623238,245.959109023,325.000020001
1610679020955,165.026617219,244.959118267,333.000019997
1610679021049,162.026624266,244.959107443,335.000020002
1610679021143,164.026614920,246.959121797,367.000019995
1610679021237,161.026624133,242.959107647,436.000020002
1610679021327,164.026620310,244.959113519,535.000019999
1610679021421,165.026611368,242.959127253,198.000019992
1610679021515,163.026611760,244.959126651,196.000019993
1610679021609,163.026622933,244.959109491,190.000020001
1610679021703,165.026611029,245.959127773,238.000019992
1610679021797,161.026612582,242.959125389,307.000019993
1610679021891,163.026614150,239.959122980,226.000019994
1610679021985,160.026610225,239.959129009,353.000019992
1610679022079,160.026623783,237.959108185,346.000020002
1610679022173,152.026611083,232.959127691,333.000019992
1610679022267,113.026620263,202.959113591,327.000019999
1610679022361,64.026617550,174.959117758,326.000019997
1610679022455,10.026615788,206.959120464,330.000019996
1610679022546,134.148452369,401.716857881,323.938507188
1610679022640,201.026618746,268.959115922,327.000019998
1610679022734,179.026614864,199.959121884,327.000019995
1610679022828,124.026614943,376.959121763,325.000019995
1610679022922,217.026608989,506.959130907,327.000019991
1610679023016,335.026616977,360.959118639,326.000019997
1610679023110,243.026614176,223.959122941,324.000019994
1610679023204,192.026623686,228.959108334,328.000020002
1610679023298,177.026623013,233.959109368,326.000020001
1610679023392,171.026623257,237.959108993,324.000020001
1610679023486,167.026622177,237.959110651,328.000020001
1610679023580,165.026619833,238.959114252,326.000019999
1610679023674,167.026607746,242.959132816,327.000019990
1610679023766,161.026617415,240.959117966,324.000019997
1610679023860,164.026615259,243.959121277,327.000019995
1610679023954,163.026620576,243.959113111,325.000019999
1610679024048,161.026615030,242.959121629,325.000019995
1610679024142,165.026607672,243.959132930,327.000019990
1610679024236,163.026607247,241.959133582,326.000019989
1610679024330,164.026614793,242.959121992,329.000019995
1610679024424,157.026608193,251.959132130,326.000019990
1610679024518,162.026615651,245.959120675,325.000019996
1610679024612,164.026612989,243.959124764,325.000019994
1610679024706,163.026617725,244.959117489,328.000019997
1610679024800,163.026615455,244.959120976,326.000019995
1610679024894,242.988171949,124.145125094,328.060092910
1610679024984,162.026619840,242.959114241,328.000019999
1610679025078,163.026607133,243.959133758,329.000019989
