1618478013158	-94.813906	305.844045	232.802391
1618478013252	-86.663117	302.864313	235.014001
1618478013346	-90.110761	300.999169	232.307081
1618478013440	-94.097981	291.752361	233.634185
1618478013534	-101.384807	313.038584	234.912453
1618478013628	-92.761318	298.102165	233.119799
1618478013722	-92.084189	294.678239	228.163703
1618478013816	-92.77151	317.504702	235.407563
1618478013910	-89.057728	295.75464	230.133534
1618478014004	-90.960469	292.675771	231.586219
1618478014098	-89.586651	322.147717	236.602487
1618478014192	-85.087357	284.625959	231.761114
1618478014284	-88.786889	322.015796	237.710281
1618478014379	-102.199246	313.902088	235.444048
1618478014474	-93.168053	312.889064	237.207799
1618478014569	-85.223891	307.388851	231.189845
1618478014664	-99.500043	317.673408	227.896514
1618478014759	-93.307619	287.907985	226.929246
1618478014854	-89.067194	310.394595	231.134821
1618478014949	-94.319402	298.691768	232.270755
1618478015044	-98.470662	302.078954	227.041165
1618478015139	-95.574423	295.7493	225.746673
1618478015234	-93.020978	303.765991	232.74518
1618478015329	-93.3697	300.237889	238.508742
1618478015424	-99.729883	307.751104	234.216357
1618478015519	-82.439407	295.768873	235.108621
1618478015613	-93.988065	307.066024	232.95804
1618478015707	-96.263688	296.357	225.612189
1618478015801	-92.082994	297.128963	231.504257
1618478015895	-91.131914	294.807088	233.512066
1618478015989	-91.679462	303.433703	232.163206
1618478016083	-88.094204	310.120589	232.402744
1618478016177	-88.59653	298.256958	226.690111
1618478016271	-91.007627	303.5623	230.84317
1618478016365	-97.859648	304.07591	230.779865
1618478016459	-93.469426	310.778632	231.673498
1618478016553	-84.986774	297.204971	228.790843
1618478016647	-91.423385	283.683435	221.668082
1618478016744	-87.786537	295.57122	234.494751
1618478016840	-86.930948	297.789451	232.831273
1618478016936	-93.478282	305.479623	231.34429
1618478017032	-101.097795	313.858931	231.626081
1618478017128	-96.44451	300.761237	233.022715
1618478017224	-91.725592	312.675694	229.073307
1618478017320	-91.31482	302.075499	235.402706
1618478017416	-90.949378	298.888231	231.724093
1618478017512	-94.223509	304.647026	229.147978
1618478017608	-97.9039	314.124796	222.728836
1618478017704	-92.573617	299.304554	230.116853
1618478017800	-85.245343	307.110182	231.309467
1618478017896	-91.579279	303.9731	230.690251
1618478017987	-84.395399	301.584519	242.108132
1618478018082	-89.147693	307.810243	235.618051
1618478018177	-94.659262	302.167643	232.150567
1618478018272	-92.069815	294.160975	229.198293
1618478018367	-90.057154	311.640434	234.855307
1618478018462	-87.235923	304.19846	228.342329
1618478018557	-91.192843	300.371428	230.876306
1618478018652	-95.062166	304.913621	233.06614
1618478018747	-98.247099	313.496129	223.937225
1618478018842	-92.294356	315.617922	230.96302
1618478018937	-90.411824	298.792503	230.722468
1618478019032	-100.983433	311.907993	228.084144
1618478019127	-91.677665	304.596127	235.377297
1618478019221	-91.918906	297.036316	229.679873
1618478019315	-89.669377	289.828491	224.75457
1618478019409	-96.873542	301.466916	235.596388
1618478019503	-86.094632	305.353532	233.062399
1618478019597	-94.931257	305.392532	229.95096
1618478019691	-91.26566	300.986764	226.414083
1618478019785	-91.569845	311.865461	223.262038
1618478019879	-89.398969	300.486253	232.746233
1618478019973	-93.492974	297.740903	234.619599
1618478020067	-86.146786	292.002787	232.531631
1618478020161	-87.517544	302.103547	226.250243
1618478020255	-93.423052	292.892463	233.602263
1618478020349	-96.984581	309.530303	229.345085
1618478020440	-95.324991	307.067201	229.804247
1618478020534	-95.962314	305.914212	231.102624
1618478020628	-98.503409	307.501734	222.018588
1618478020722	-94.517067	299.963607	243.397057
1618478020816	-109.054351	314.8619	236.540834
1618478020910	-90.689421	296.176328	226.329219
1618478021004	-93.936169	307.559755	234.197507
1618478021098	-98.962767	293.696718	227.021695
1618478021192	-90.91437	299.461512	237.677077
1618478021286	-90.813149	299.998242	233.438643
1618478021380	-95.156543	298.459326	230.227127
1618478021474	-81.872186	297.390569	228.4372
1618478021568	-87.625302	298.061786	232.445988
1618478021658	-94.304608	301.647868	237.17412
1618478021752	-89.58543	299.874964	250.126042
1618478021846	-88.9418	309.991045	250.816177
1618478021940	-81.701845	306.722764	266.512723
1618478022034	-89.553113	310.849311	274.602223
1618478022128	-90.443875	312.524677	232.451892
1618478022222	-84.006383	325.934985	173.148513
1618478022316	-78.122673	306.779398	211.339077
1618478022410	-83.431859	313.722036	220.777593
1618478022504	-81.105552	298.75461	236.208412
1618478022598	-64.929798	308.299654	211.909738
1618478022692	-58.94368	299.200526	198.215112
1618478022786	-22.150069	342.967508	224.820998
1618478022885	-6.856088	391.537947	279.652263
1618478022979	-100.760748	443.625751	356.896296
1618478023073	-120.414065	425.575708	351.857158
1618478023167	-201.183626	286.936693	269.088511
1618478023261	-163.934484	254.114236	189.125982
1618478023355	-109.484207	259.130326	182.424895
1618478023449	-10.377564	336.491876	239.060526
1618478023543	-170.232381	319.315988	270.790173
1618478023637	-120.943633	295.511809	242.533492
1618478023731	-113.231124	291.750781	237.730055
1618478023825	-111.464147	303.002757	232.989961
1618478023919	-107.645798	309.723299	232.370176
1618478024013	-99.174791	294.44703	236.226006
1618478024108	-91.370766	296.577625	229.867887
1618478024202	-99.254613	299.751204	225.281937
1618478024296	-95.875082	308.754377	236.137967
1618478024390	-103.026445	297.323628	231.694422
1618478024484	-96.678809	300.676927	230.69585
1618478024578	-85.734968	301.382379	230.600262
1618478024672	-93.057305	311.274172	234.061319
1618478024766	-93.959664	297.143241	233.234904
1618478024860	-95.178572	291.561352	228.435844
1618478024954	-97.795942	294.304845	233.356365
1618478025048	-92.378662	295.368638	233.658656
1618478025142	-84.941899	291.017278	227.374673
1618478025236	-94.921171	308.268886	229.293613
1618478025325	-94.431154	291.542769	228.138076
1618478025418	-85.976117	314.406984	236.407554
1618478025511	-91.602421	308.451823	220.802112
1618478025604	-94.812238	308.526653	224.373083
1618478025697	-103.725776	314.875842	225.855765
1618478025790	-94.278964	300.724727	226.23978
1618478025883	-92.078849	307.168503	235.039149
1618478025976	-93.878512	307.308017	231.928549
1618478026069	-97.658766	308.836144	226.050747
1618478026162	-98.769285	313.336701	232.098816
1618478026255	-99.657225	294.961147	232.737566
1618478026348	-96.182145	310.340444	220.949387
1618478026441	-96.161971	305.500906	226.971561
1618478026540	-89.309228	311.383527	235.440257
1618478026634	-96.906688	313.820975	231.347219
1618478026728	-87.996454	306.886514	226.167907
1618478026822	-84.614488	299.671961	230.435118
1618478026916	-91.779784	303.857109	231.068332
1618478027010	-95.587978	299.95317	233.799093
1618478027104	-99.598706	293.925496	225.001842
1618478027198	-95.365466	300.767066	224.539291
1618478027292	-94.152138	305.693399	232.836812
1618478027386	-92.954782	305.039399	233.353726
1618478027480	-93.018726	300.509117	229.926565
1618478027574	-86.559861	302.942633	223.889259
1618478027668	-89.202915	309.114311	230.848085
1618478027760	-88.807944	300.057327	237.336383
1618478027854	-90.427114	305.117691	230.234874
1618478027948	-92.97392	307.242296	230.199655
1618478028042	-90.458169	292.566206	232.311233
1618478028136	-96.070734	303.870325	226.164438
1618478028230	-90.426214	325.368559	228.532102
1618478028324	-85.360144	298.563669	227.72578
1618478028418	-95.920288	312.707718	231.541082
1618478028512	-90.11224	295.960495	231.77718
1618478028606	-91.141889	310.1855	232.691814
1618478028700	-94.767458	308.058399	227.857903
1618478028794	-102.013908	283.606699	236.315622
1618478028888	-94.269723	288.629071	231.314231
1618478028978	-92.958865	308.049481	228.309923
1618478029072	-91.215602	298.588053	233.381383
1618478029166	-89.358362	305.681621	230.920361
1618478029260	-92.394137	290.251813	231.476471
1618478029354	-85.534646	311.200987	222.471964
1618478029448	-102.131951	291.214195	236.470271
1618478029542	-90.449935	298.254874	234.167201
1618478029636	-99.670665	297.834519	228.808939
1618478029730	-89.775523	300.438204	228.818031
1618478029824	-100.436921	297.793244	228.898167
1618478029918	-101.270538	306.877091	234.809411
1618478030012	-93.281834	312.100597	231.65564
1618478030106	-92.60877	315.243112	230.536527
1618478030197	-95.496607	312.447722	231.604378
1618478030291	-85.42807	307.51686	230.579466
1618478030385	-96.00711	308.516368	233.377484
1618478030479	-92.542109	303.396834	230.984572
1618478030573	-90.345332	297.030001	227.689043
1618478030667	-97.366036	302.692638	232.281506
