1618478128649,-0.044195
1618478128743,-0.033516
1618478128837,0.001886
1618478128931,-0.006816
1618478129025,-0.077520
1618478129118,-0.003256
1618478129212,-0.038658
1618478129306,-0.074751
1618478129400,-0.046569
1618478129494,-0.044195
1618478129588,-0.041427
1618478129682,-0.004048
1618478129776,-0.052502
1618478129870,0.072194
1618478129964,-0.040636
1618478130058,-0.027088
1618478130152,-0.028374
1618478130246,0.014147
1618478130335,-0.083553
1618478130429,-0.036581
1618478130523,0.001094
1618478130617,-0.001674
1618478130711,0.001886
1618478130805,-0.001674
1618478130899,-0.021155
1618478130993,-0.002465
1618478131087,-0.046964
1618478131181,-0.054479
1618478131275,0.012665
1618478131369,-0.000488
1618478131463,0.002677
1618478131553,0.021366
1618478131647,0.001886
1618478131741,0.014247
1618478131835,0.010587
1618478131929,0.001094
1618478132023,-0.051711
1618478132117,-0.026297
1618478132211,0.046780
1618478132305,-0.030748
1618478132399,0.029277
1618478132493,-0.055765
1618478132587,-0.050128
1618478132681,0.031650
1618478132773,-0.030352
1618478132867,0.000699
1618478132961,0.043616
1618478133055,4.271492
1618478133149,0.009005
1618478133243,0.030859
1618478133337,0.003468
1618478133431,-0.079102
1618478133525,0.045198
1618478133619,-0.004443
1618478133713,0.060624
1618478133807,-0.024814
1618478133901,-0.012453
1618478133992,0.001886
1618478134086,0.050340
1618478134180,-0.021946
1618478134274,0.024135
1618478134368,0.070612
1618478134462,-0.018386
1618478134556,-0.009685
1618478134650,-0.016013
1618478134744,0.025717
1618478134838,-0.004543
1618478134932,0.015334
1618478135026,-0.024715
1618478135120,0.020080
1618478135208,0.026508
1618478135302,0.052613
1618478135396,-0.027088
1618478135490,0.005445
1618478135584,-0.021155
1618478135678,0.066161
1618478135772,-0.031934
1618478135866,0.086433
1618478135960,-0.030352
1618478136054,0.069721
1618478136148,0.093552
1618478136242,0.123317
1618478136336,0.093057
1618478136427,0.022849
1618478136521,0.059733
1618478136615,-0.006620
1618478136709,0.019980
1618478136803,-0.019376
1618478136897,0.016717
1618478136991,0.023836
1618478137085,0.036889
1618478137179,-0.078018
1618478137273,-0.797217
1618478137367,-0.727304
1618478137461,-1.658016
1618478137555,-0.476823
1618478137647,-1.616301
1618478137741,-4.997900
1618478137835,-3.190247
1618478137929,-0.199633
1618478138023,1.612947
1618478138117,1.535905
1618478138211,1.462629
1618478138305,1.408335
1618478138399,-0.405145
1618478138493,-3.468646
1618478138587,-10.992809
1618478138681,-5.307717
1618478138775,-6.009008
1618478138866,-3.837958
1618478138960,-2.863629
1618478139054,-1.598974
1618478139148,-0.929517
1618478139242,-0.517264
1618478139336,-0.146736
1618478139430,-0.130223
1618478139524,-0.000679
1618478139618,0.123918
1618478139712,0.051331
1618478139806,0.024431
1618478139900,-0.001775
1618478139994,0.026899
1618478140088,-0.025511
1618478140181,4.509020
1618478140274,-0.005824
1618478140367,0.051827
1618478140460,0.084659
1618478140553,0.109380
1618478140646,0.071605
1618478140739,0.085944
1618478140832,0.055782
1618478140925,0.090292
1618478141018,0.032443
1618478141111,0.039167
1618478141204,-0.035493
1618478141302,0.000304
1618478141396,0.007424
1618478141490,-0.056852
1618478141584,-0.031043
1618478141678,0.119857
1618478141772,-0.017595
1618478141866,-0.020364
1618478141960,0.049549
1618478142054,-0.012353
1618478142148,-0.032625
1618478142242,0.085742
1618478142336,-0.033416
1618478142430,-0.078806
1618478142523,-0.026297
1618478142617,-0.052897
1618478142711,-0.029857
1618478142805,-0.057248
1618478142899,-0.041427
1618478142993,0.003468
1618478143087,-0.004048
1618478143181,-0.013540
1618478143275,-0.044986
1618478143369,0.002677
1618478143463,-0.011662
1618478143557,-0.068027
1618478143651,-0.006025
1618478143742,-0.046569
1618478143836,-0.022737
1618478143930,0.045198
1618478144024,0.037583
1618478144118,-0.066049
1618478144212,0.024926
1618478144306,0.009796
1618478144400,-0.125183
1618478144494,-0.047360
1618478144588,0.044407
1618478144682,-0.049337
1618478144776,-0.030648
1618478144870,0.002677
1618478144966,0.059042
1618478145061,-0.037767
1618478145156,0.033628
1618478145251,-0.033516
1618478145346,-0.015617
1618478145441,-0.004048
1618478145536,-0.079102
1618478145631,-0.097792
1618478145726,0.025717
1618478145821,-0.050128
1618478145916,-0.048151
1618478146011,-0.107779
1618478146106,-0.014035
1618478146201,-0.113218
1618478146295,-0.047360
1618478146389,0.025717
1618478146483,-0.110944
1618478146577,-0.045778
1618478146671,-0.043800
1618478146765,-0.037076
1618478146859,-0.043799
1618478146953,-0.044195
1618478147047,-0.086221
1618478147141,-0.001674
1618478147235,-0.116481
1618478147329,-0.059621
1618478147424,-0.056062
1618478147518,0.034419
1618478147612,0.007028
1618478147706,0.014247
1618478147800,-0.037867
1618478147894,-0.016804
1618478147988,-0.004443
1618478148082,0.000303
1618478148176,0.047966
1618478148270,-0.046569
1618478148364,0.011378
1618478148458,0.015729
1618478148552,0.045198
1618478148640,-0.032230
1618478148735,-0.012453
1618478148830,-0.035889
1618478148925,0.005445
1618478149020,-0.044195
