1610678619950,163.000903168,245.007480302,329.219542511
1610678620044,165.000903204,248.007480596,330.219551144
1610678620138,164.000903224,248.007480768,327.219556180
1610678620232,165.000903182,251.007480418,327.219545906
1610678620326,165.000903161,249.007480244,326.219540797
1610678620420,163.000903161,249.007480242,332.219540756
1610678620514,167.000903226,248.007480786,328.219556716
1610678620608,164.000903237,251.007480872,330.219559240
1610678620697,167.000903237,245.007480870,329.219559188
1610678620791,167.000903148,247.007480134,330.219537588
1610678620885,163.583266650,241.548492244,228.700257994
1610678620979,165.000903232,246.007480830,328.219558007
1610678621073,165.000903183,246.007480422,329.219546035
1610678621167,164.000903224,248.007480768,327.219556180
1610678621261,167.000903157,249.007480214,329.219539930
1610678621355,167.000903166,248.007480284,327.219541979
1610678621449,165.000903143,248.007480094,329.219536406
1610678621543,162.000903201,248.007480578,329.219550607
1610678621637,165.000903241,248.007480910,327.219560349
1610678621731,165.000903212,247.007480666,328.219553192
1610678621825,165.000903191,245.007480492,327.219548084
1610678621917,164.000903177,246.007480374,331.219544632
1610678622011,163.000903228,250.007480800,328.219557119
1610678622105,167.000903246,247.007480950,328.219561531
1610678622199,164.000903236,248.007480862,329.219558946
1610678622293,165.000903222,249.007480746,327.219555535
1610678622387,165.000903174,247.007480352,331.219543986
1610678622481,163.000903187,249.007480462,327.219547196
1610678622575,165.000903232,246.007480830,328.219558007
1610678622669,167.000903205,246.007480612,327.219551608
1610678622763,166.597608175,245.667272960,227.186402808
1610678622857,167.000903236,250.007480866,327.219559059
1610678622951,165.000903154,248.007480188,331.219539172
1610678623045,163.000903169,248.007480312,330.219542805
1610678623138,164.000903216,249.007480698,329.219554131
1610678623231,160.000903234,249.007480851,325.219558631
1610678623324,162.000903198,247.007480554,325.219549890
1610678623417,165.000903236,245.007480869,335.219559147
1610678623510,167.000903145,246.007480110,326.219536870
1610678623603,164.000903154,246.007480186,327.219539100
1610678623696,165.000903181,248.007480408,326.219545612
1610678623789,163.000903166,247.007480288,326.219542088
1610678623882,165.000903241,248.007480910,327.219560349
1610678623975,165.000903211,252.007480662,326.219553063
1610678624068,164.000903207,250.007480628,331.219552083
1610678624161,165.000903151,247.007480164,327.219538455
1610678624254,168.000903232,248.007480834,326.219558120
1610678624352,167.000903246,247.007480950,328.219561531
1610678624446,164.000903186,248.007480454,330.219546974
1610678624540,165.000903183,246.007480422,329.219546035
1610678624634,163.000903179,245.007480396,331.219545277
1610678624728,165.657892919,250.448861988,489.920925205
1610678624822,165.000903232,246.007480830,328.219558007
1610678624916,165.000903216,251.007480701,333.219554204
1610678625010,165.000903232,246.007480830,328.219558007
1610678625104,163.000903181,248.007480406,332.219545571
1610678625198,165.000903225,250.007480770,331.219556252
1610678625292,167.000903238,248.007480880,330.219559482
1610678625386,162.000903231,249.007480822,328.219557764
1610678625480,163.000903237,249.007480870,326.219559168
1610678625572,170.000903147,246.007480128,327.219537407
1610678625666,167.000903199,245.007480557,332.219549982
1610678625760,165.000903145,246.007480109,332.219536829
1610678625854,170.000903237,247.007480874,327.219559301
1610678625948,165.000903243,246.007480924,330.219560772
1610678626042,167.000903147,244.007480124,329.219537294
1610678626136,166.575575054,244.484788194,225.830581225
1610678626230,171.000903207,245.007480623,331.219551922
1610678626324,170.000903216,245.007480700,326.219554193
1610678626418,173.000903180,245.007480405,330.219545524
1610678626512,178.000903237,244.007480871,331.219559213
1610678626606,184.000903218,244.007480719,329.219554754
1610678626700,209.000903196,244.007480536,327.219549386
1610678626793,329.000903141,204.007480076,328.219535877
1610678626887,426.000903196,197.007480538,330.219549426
1610678626981,217.000903150,395.007480156,328.219538225
1610678627075,162.000903207,228.007480627,328.219552031
1610678627169,88.000903207,342.007480629,330.219552110
1610678627263,123.438433295,240.631233063,433.574575084
1610678627357,190.000903177,337.007480375,328.219544635
1610678627451,87.000903173,481.007480343,328.219543695
1610678627545,25.000903212,283.007480667,325.219553224
1610678627639,125.000903160,188.007480237,321.219540599
1610678627733,161.000903197,215.007480545,313.219549642
1610678627827,167.000903234,230.007480848,257.219558543
1610678627921,165.000903158,237.007480222,52.219540158
1610678628010,167.000903203,244.007480596,339.219551123
1610678628104,167.000903223,244.007480756,410.219555829
1610678628198,169.000903241,245.007480908,430.219560303
1610678628292,167.000903172,245.007480337,337.219543543
1610678628386,168.000903141,244.007480075,267.219535849
1610678628480,165.000903224,250.007480769,302.219556211
1610678628574,165.000903212,246.007480670,257.219553301
1610678628668,167.000903202,246.007480580,307.219550658
1610678628762,167.000903139,248.007480065,332.219535539
1610678628856,167.000903200,248.007480567,333.219550277
1610678628950,163.000903199,249.007480556,329.219549962
1610678629044,165.000903193,251.007480512,329.219548672
1610678629138,164.000903247,248.007480956,331.219561712
1610678629227,164.000903186,248.007480454,330.219546974
1610678629321,163.000903216,247.007480696,325.219554059
1610678629415,165.000903244,249.007480934,331.219561067
1610678629509,164.000903186,248.007480454,330.219546974
1610678629603,164.000903167,249.007480290,330.219542160
1610678629697,167.000903237,245.007480870,329.219559188
1610678629791,165.000903144,251.007480104,330.219536700
1610678629885,165.000903174,247.007480352,331.219543986
1610678629979,163.000903229,245.007480804,330.219557248
1610678630073,167.000903187,245.007480462,330.219547217
1610678630167,163.000903197,246.007480546,328.219549668
1610678630261,165.000903172,249.007480338,328.219543563
1610678630355,165.000903174,247.007480352,331.219543986
1610678630448,163.000903148,246.007480138,329.219537696
1610678630542,165.000903192,248.007480502,328.219548378
1610678630636,167.000903208,252.007480632,329.219552196
1610678630730,164.000903234,245.007480852,328.219558652
1610678630824,164.000903195,247.007480524,328.219549023
1610678630918,165.000903192,248.007480502,328.219548378
1610678631012,163.000903158,248.007480218,328.219540039
1610678631106,164.000903237,246.007480877,332.219559369
1610678631200,163.000903228,250.007480800,328.219557119
1610678631294,165.000903202,250.007480582,327.219550720
1610678631388,163.000903178,247.007480382,328.219544854
1610678631482,163.000903178,247.007480382,328.219544854
1610678631576,165.000903174,247.007480352,331.219543986
1610678631666,165.000903213,250.007480676,329.219553486
1610678631760,165.000903244,249.007480934,331.219561067
1610678631854,165.000903192,248.007480502,328.219548378
1610678631948,165.000903242,243.007480914,329.219560478
1610678632042,167.000903215,248.007480692,326.219553951
1610678632136,165.000903191,245.007480492,327.219548084
1610678632230,165.000903192,248.007480502,328.219548378
1610678632324,164.000903195,247.007480524,328.219549023
1610678632418,165.000903174,247.007480352,331.219543986
1610678632512,164.000903175,248.007480360,328.219544208
1610678632606,165.000903243,251.007480920,328.219560644
1610678632700,167.000903146,249.007480120,327.219537165
1610678632794,163.000903169,248.007480312,330.219542805
1610678632885,165.000903192,248.007480502,328.219548378
1610678632979,162.000903231,249.007480822,328.219557764
1610678633073,167.000903187,250.007480458,328.219547088
1610678633167,165.000903145,246.007480109,332.219536829
1610678633261,165.000903241,248.007480910,327.219560349
1610678633355,165.000903161,249.007480244,326.219540797
1610678633449,165.000903160,246.007480234,325.219540503
1610678633543,165.000903151,247.007480164,327.219538455
1610678633637,167.000903159,247.007480229,332.219540354
1610678633731,163.000903156,250.007480204,325.219539616
1610678633825,164.000903224,248.007480768,327.219556180
1610678633919,163.000903228,250.007480800,328.219557119
1610678634013,164.000903157,247.007480210,331.219539817
1610678634103,164.000903216,249.007480698,329.219554131
1610678634197,165.000903143,248.007480094,329.219536406
1610678634291,164.000903246,245.007480946,330.219561418
1610678634385,160.000903247,252.007480956,328.219561691
1610678634479,165.000903172,249.007480338,328.219543563
1610678634573,165.000903231,243.007480820,327.219557712
1610678634667,165.000903214,245.007480681,331.219553615
1610678634761,163.000903238,247.007480884,329.219559591
1610678634855,164.000903185,250.007480440,327.219546551
1610678634949,167.000903246,247.007480950,328.219561531
1610678635043,164.000903226,246.007480782,330.219556603
1610678635137,164.000903168,252.007480300,331.219542454
1610678635231,164.000903186,248.007480454,330.219546974
1610678635323,164.000903156,252.007480206,329.219539688
1610678635418,164.000903245,250.007480942,328.219561289
1610678635513,165.000903172,249.007480338,328.219543563
1610678635608,162.000903241,246.007480906,329.219560236
