1618477365899,3.021605
1618477365993,-3.056828
1618477366087,-0.198920
1618477366181,3.857764
1618477366275,-2.410278
1618477366369,-1.493866
1618477366463,3.964230
1618477366557,0.145184
1618477366651,-2.486368
1618477366745,3.624423
1618477366839,0.104393
1618477366929,-3.271892
1618477367023,3.003858
1618477367117,1.230903
1618477367211,-3.696953
1618477367305,2.043326
1618477367399,2.513746
1618477367493,-3.627893
1618477367587,0.641972
1618477367681,3.499335
1618477367775,-3.115415
1618477367869,-0.567102
1618477367963,3.711708
1618477368057,-2.046313
1618477368148,-1.869333
1618477368242,3.907905
1618477368336,-0.700678
1618477368430,-3.113011
1618477368524,3.662822
1618477368618,0.109701
1618477368712,-3.441020
1618477368806,3.444173
1618477368900,1.557385
1618477368994,-3.800468
1618477369088,1.654412
1618477369182,2.793276
1618477369276,-3.362890
1618477369367,0.392269
1618477369461,3.541979
1618477369555,-2.807320
1618477369649,-0.921574
1618477369743,3.861179
1618477369837,-1.830401
1618477369931,-0.229107
1618477370025,3.791151
1618477370119,-0.610771
1618477370213,-2.974556
1618477370307,3.355982
1618477370401,0.661500
1618477370495,-3.920430
1618477370584,2.357908
1618477370678,1.869871
1618477370772,-3.518496
1618477370866,1.219352
1618477370960,2.902310
1618477371054,-3.550632
1618477371148,0.112482
1618477371242,3.787924
1618477371336,-2.448037
1618477371430,-1.260096
1618477371524,3.880714
1618477371618,-1.843349
1618477371712,-2.247634
1618477371805,3.697054
1618477371899,-0.503246
1618477371993,-3.236831
1618477372087,3.178711
1618477372181,-1.974102
1618477372275,-3.687602
1618477372369,2.214753
1618477372463,2.114479
1618477372557,-3.725219
1618477372651,1.001003
1618477372745,2.788830
1618477372839,-3.216318
1618477372933,0.005274
1618477373025,3.752237
1618477373119,-2.523059
1618477373213,-1.222503
1618477373307,2.084775
1618477373401,-1.573607
1618477373495,-2.386888
1618477373589,3.670996
1618477373683,-0.324355
1618477373777,-2.964862
1618477373871,3.190285
1618477373965,1.109001
1618477374059,-3.338692
1618477374153,2.433618
1618477374244,2.200346
1618477374338,-3.520034
1618477374432,3.713003
1618477374526,3.009389
1618477374620,-3.191494
1618477374714,0.338371
1618477374808,4.076392
1618477374902,-2.206924
1618477374996,-0.989541
1618477375090,4.500947
1618477375184,-0.920480
1618477375278,-2.185082
1618477375372,3.938283
1618477375460,0.075922
1618477375554,1.523929
1618477375648,3.729041
1618477375742,1.698351
1618477375836,-3.475958
1618477375930,0.407545
1618477376024,3.521112
1618477376118,-2.085281
1618477376212,-1.544672
1618477376306,-1.061029
1618477376400,-5.558840
1618477376494,-0.047621
1618477376588,5.444511
1618477376680,-1.000337
1618477376774,0.852619
1618477376868,3.840414
1618477376962,-5.323748
1618477377056,-6.965756
1618477377150,-1.653224
1618477377244,-5.140103
1618477377338,-7.543474
1618477377432,-0.199149
1618477377526,-1.735536
1618477377620,-5.465312
1618477377714,0.953349
1618477377808,-4.182698
1618477377897,-4.554385
1618477377991,0.853491
1618477378085,2.837407
1618477378179,-3.551166
1618477378273,-0.340598
1618477378367,3.463402
1618477378461,-2.752221
1618477378555,-1.237135
1618477378649,3.880714
1618477378743,-1.542171
1618477378837,-2.594785
1618477378931,0.726851
1618477379025,-0.419754
1618477379118,-3.368103
1618477379212,3.042992
1618477379306,0.653459
1618477379400,-3.584340
1618477379494,2.509944
1618477379588,1.871575
1618477379682,-3.875782
1618477379776,1.077768
1618477379870,3.040243
1618477379964,-3.261609
1618477380058,3.756504
1618477380152,3.601227
1618477380246,-2.689130
1618477380336,-1.289254
1618477380431,3.706470
1618477380526,-1.508660
1618477380621,-2.395550
1618477380716,3.865045
1618477380811,-0.311316
1618477380906,-3.210974
1618477381001,3.211545
1618477381096,0.835503
1618477381191,2.291325
1618477381286,2.449351
1618477381381,2.056317
1618477381476,-3.568163
1618477381568,1.008489
1618477381662,3.012407
1618477381756,-3.430659
1618477381850,0.015626
1618477381944,3.555976
1618477382038,-2.462841
1618477382132,-1.470271
1618477382226,3.785084
1618477382320,-2.658349
1618477382414,-2.330520
1618477382508,3.816883
1618477382602,-0.168705
1618477382696,-3.149969
1618477382786,3.235579
1618477382881,0.707161
1618477382976,-3.441162
1618477383071,2.459848
1618477383166,1.954925
1618477383261,-3.593650
1618477383356,1.070487
1618477383451,-3.624659
1618477383546,-3.392139
1618477383641,0.124664
1618477383736,3.683800
1618477383831,-2.436887
1618477383926,-1.170652
1618477384016,3.701767
1618477384110,-1.519662
1618477384204,-2.312612
1618477384298,3.781350
1618477384392,-0.496438
1618477384486,-3.114564
1618477384580,-0.329114
1618477384674,0.858407
1618477384768,-3.762249
1618477384862,2.216049
1618477384956,1.960534
1618477385050,-3.619803
1618477385144,1.131833
