1618477365895,3.331196
1618477365989,-2.840695
1618477366083,-0.203749
1618477366177,4.214866
1618477366271,-2.090001
1618477366365,-1.704190
1618477366459,4.153130
1618477366553,-0.065575
1618477366647,-2.593590
1618477366741,3.855923
1618477366830,0.402877
1618477366924,-3.350643
1618477367018,3.090128
1618477367112,1.623656
1618477367206,-3.755536
1618477367300,2.092001
1618477367394,2.909562
1618477367488,-3.618355
1618477367582,0.493074
1618477367676,3.444120
1618477367770,-2.846005
1618477367864,-0.702180
1618477367958,4.168686
1618477368047,-1.807032
1618477368141,-1.930321
1618477368235,4.226059
1618477368329,-0.536819
1618477368423,-3.233555
1618477368517,3.772982
1618477368611,0.647220
1618477368705,-3.429061
1618477368799,3.824262
1618477368893,2.134914
1618477368987,-3.645671
1618477369081,1.693017
1618477369175,3.222422
1618477369267,-3.346557
1618477369361,0.356030
1618477369455,3.984024
1618477369549,-2.605884
1618477369643,-0.914283
1618477369737,4.264190
1618477369831,-1.484858
1618477369925,0.167923
1618477370019,4.298542
1618477370113,-0.190514
1618477370207,-2.969923
1618477370301,3.533100
1618477370395,1.093696
1618477370485,-3.956602
1618477370579,2.350584
1618477370673,2.383658
1618477370767,-3.613488
1618477370861,1.172529
1618477370955,3.358629
1618477371049,-3.574720
1618477371143,0.001791
1618477371237,4.126712
1618477371331,-2.321288
1618477371425,-1.283542
1618477371519,4.092721
1618477371613,-1.555911
1618477371705,-2.390739
1618477371799,3.891606
1618477371893,-0.094662
1618477371987,-3.195856
1618477372081,3.255695
1618477372175,-2.098441
1618477372269,-3.604006
1618477372363,2.207880
1618477372457,2.644652
1618477372551,-3.738766
1618477372645,0.867012
1618477372739,3.408313
1618477372833,-3.076502
1618477372923,-0.203416
1618477373018,4.128897
1618477373113,-2.227301
1618477373208,-1.233676
1618477373303,2.032735
1618477373398,-1.061797
1618477373493,-2.517663
1618477373588,3.939668
1618477373683,0.044234
1618477373778,-3.112367
1618477373873,2.634370
1618477373968,0.855995
1618477374063,-4.945162
1618477374156,1.699355
1618477374250,2.398242
1618477374344,-7.195987
1618477374438,-0.484606
1618477374532,1.785572
1618477374626,-2.857307
1618477374720,1.737592
1618477374814,5.595134
1618477374908,-0.519376
1618477375002,-0.522763
1618477375096,3.705344
1618477375190,-5.899500
1618477375284,-8.895674
1618477375377,-1.814925
1618477375472,-4.106524
1618477375567,-2.008849
1618477375662,0.340387
1618477375757,-0.356167
1618477375852,-4.731293
1618477375947,1.401765
1618477376042,1.977638
1618477376137,-4.136464
1618477376232,0.799958
1618477376327,3.382197
1618477376422,-3.251155
1618477376517,-0.171960
1618477376610,3.980323
1618477376704,-3.095643
1618477376798,-1.523493
1618477376892,4.155591
1618477376986,-1.210696
1618477377080,-2.363363
1618477377174,3.902399
1618477377268,0.067720
1618477377362,-3.046832
1618477377456,3.356401
1618477377550,1.250655
1618477377644,-3.507112
1618477377738,2.251605
1618477377830,-3.101419
1618477377924,-3.938554
1618477378018,1.285076
1618477378112,3.583801
1618477378206,-3.114097
1618477378300,-0.439421
1618477378394,4.070675
1618477378488,-2.465783
1618477378582,-1.244536
1618477378676,4.103399
1618477378770,-1.184219
1618477378864,-2.709483
1618477378958,0.709430
1618477379046,0.066592
1618477379140,-3.341710
1618477379234,3.125991
1618477379328,1.160067
1618477379422,-3.603045
1618477379516,2.449790
1618477379610,2.401763
1618477379704,-3.870223
1618477379798,1.093916
1618477379892,3.397878
1618477379986,-3.207440
1618477380080,3.980673
1618477380174,3.952877
1618477380267,-2.453788
1618477380362,-1.434065
1618477380457,4.095247
1618477380552,-1.055835
1618477380647,-2.460024
1618477380742,4.025579
1618477380837,-0.084758
1618477380932,-3.314549
1618477381027,3.348274
1618477381122,1.360111
1618477381217,2.674474
1618477381312,2.448686
1618477381407,2.455395
1618477381501,-3.515461
1618477381595,1.036952
1618477381689,3.312111
1618477381783,-3.202528
1618477381877,-0.158967
1618477381971,3.962930
1618477382065,-2.138079
1618477382159,-1.691939
1618477382253,3.991603
1618477382347,-2.324546
1618477382441,-2.422784
1618477382535,3.975245
1618477382629,0.146931
1618477382718,-3.171887
1618477382812,3.338192
1618477382906,1.305723
1618477383000,-3.374457
1618477383094,2.551902
1618477383188,2.391475
1618477383282,-3.574364
1618477383376,0.971020
1618477383470,-3.535858
1618477383564,-3.098654
1618477383658,-0.014726
1618477383752,3.916939
1618477383846,-2.195933
1618477383939,-1.192151
1618477384033,4.034880
1618477384127,-1.164931
1618477384221,-2.545961
1618477384315,3.924335
1618477384409,-0.161834
1618477384503,-3.311458
1618477384597,-0.638991
1618477384691,1.462975
1618477384785,-3.851094
1618477384879,2.265257
1618477384973,2.565782
1618477385067,-3.606501
1618477385158,1.120958
