1610678705750,-0.000895
1610678705844,0.015190
1610678705938,-0.048360
1610678706032,-0.048524
1610678706126,-0.016584
1610678706215,-0.016453
1610678706309,-0.000765
1610678706403,-0.016552
1610678706497,-0.016518
1610678706591,-0.016584
1610678706685,-0.048294
1610678706779,0.030651
1610678706873,-0.048161
1610678706967,-0.048195
1610678707061,-0.000929
1610678707155,0.046960
1610678707249,-0.000533
1610678707343,0.030156
1610678707434,-0.001028
1610678707528,-0.048226
1610678707622,-0.000861
1610678707716,-0.016652
1610678707810,-0.000895
1610678707904,-0.048291
1610678707998,0.014762
1610678708092,0.062521
1610678708186,-0.000762
1610678708280,0.046569
1610678708374,-0.016847
1610678708468,-0.000434
1610678708562,0.015059
1610678708654,-0.016388
1610678708748,0.014960
1610678708842,-0.001258
1610678708936,-0.016453
1610678709030,-0.000762
1610678709124,-0.016388
1610678709218,-0.016453
1610678709312,-0.000666
1610678709406,0.030912
1610678709500,-0.016717
1610678709594,0.062784
1610678709688,0.030748
1610678709782,0.094198
1610678709872,0.062427
1610678709966,0.094200
1610678710060,0.157059
1610678710154,0.220481
1610678710248,0.267226
1610678710342,0.474888
1610678710436,1.698211
1610678710530,2.935056
1610678710624,5.886194
1610678710718,-8.699771
1610678710812,-3.718245
1610678710906,-1.816125
1610678711000,-5.980991
1610678711094,-3.535154
1610678711188,-1.944095
1610678711282,0.782270
1610678711376,0.539745
1610678711470,0.348025
1610678711564,0.184632
1610678711658,0.061697
1610678711752,0.062390
1610678711846,0.063047
1610678711940,0.003401
1610678712034,0.092468
1610678712128,-0.005024
1610678712222,0.023088
1610678712310,0.033064
1610678712404,0.006637
1610678712498,0.033984
1610678712592,-0.046346
1610678712686,0.031872
1610678712780,-0.015893
1610678712874,-0.016187
1610678712968,-0.016060
1610678713062,-0.016388
1610678713156,0.110118
1610678713250,-0.000728
1610678713344,-0.016881
1610678713438,-0.016618
1610678713529,-0.000567
1610678713623,-0.016552
1610678713717,-0.016422
1610678713811,-0.000632
1610678713905,0.030614
1610678713999,-0.048127
1610678714093,0.015255
1610678714187,-0.016717
1610678714281,-0.016388
1610678714375,-0.048161
1610678714469,-0.048161
1610678714563,0.015487
1610678714657,-0.000864
1610678714746,-0.000697
1610678714840,0.030351
1610678714934,-0.048031
1610678715028,0.015190
1610678715122,0.046997
1610678715216,-0.016816
1610678715310,-0.016683
1610678715404,-0.016881
1610678715498,-0.000762
1610678715592,-0.016422
1610678715686,-0.016258
1610678715780,-0.048195
1610678715874,0.014991
1610678715966,-0.016518
1610678716060,0.030748
1610678716154,-0.000861
1610678716248,-0.000963
1610678716342,-0.001264
1610678716436,-0.016518
1610678716530,-0.016453
1610678716624,-0.016521
1610678716718,0.046569
1610678716812,-0.048294
1610678716906,-0.001524
1610678717000,-0.016782
1610678717094,0.015059
1610678717185,-0.016323
1610678717279,0.014861
1610678717373,0.014960
1610678717467,-0.048130
1610678717561,0.030946
1610678717655,-0.016518
1610678717749,0.030946
1610678717843,-0.016094
1610678717937,-0.016484
1610678718031,-0.016487
1610678718125,-0.016323
1610678718219,-0.048328
1610678718313,-0.000632
1610678718404,-0.064348
1610678718498,-0.000762
1610678718592,-0.016717
1610678718686,0.030748
1610678718780,4.363417
1610678718874,-0.000731
1610678718968,-0.000533
1610678719062,0.031076
1610678719156,-0.016816
1610678719250,-0.048130
1610678719344,-0.000728
1610678719438,-0.016354
1610678719532,-0.048294
1610678719621,-0.000468
1610678719715,-0.048229
1610678719809,-0.048260
1610678719903,-0.016717
