1610679782190,-0.084048
1610679782284,-0.039483
1610679782378,-0.083706
1610679782472,-0.097030
1610679782566,-0.111037
1610679782660,-0.097713
1610679782754,-0.030827
1610679782848,-0.028967
1610679782942,-0.000952
1610679783036,-0.031510
1610679783130,-0.087617
1610679783224,-0.063928
1610679783318,-0.036939
1610679783408,-0.102458
1610679783502,-0.045517
1610679783596,-0.094486
1610679783690,-0.034054
1610679783784,-0.012416
1610679783878,-0.047719
1610679783972,-0.078277
1610679784066,0.035376
1610679784160,-0.029308
1610679784254,-0.047377
1610679784348,3.921384
1610679784442,-0.094486
1610679784536,-0.059183
1610679784626,0.002426
1610679784720,-0.044492
1610679784814,-0.068673
1610679784908,-0.000610
1610679785002,-0.014959
1610679785096,-0.030485
1610679785190,-0.096195
1610679785284,-0.035914
1610679785378,-0.064612
1610679785472,-0.102800
1610679785566,0.005502
1610679785660,-0.078277
1610679785754,-0.083706
1610679785843,-0.050946
1610679785937,-0.047719
1610679786031,-0.081504
1610679786125,-0.078277
1610679786219,-0.043316
1610679786313,-0.100598
1610679786407,-5.174242
1610679786501,-0.069699
1610679786595,-0.077935
1610679786689,-0.050112
1610679786783,-0.047036
1610679786877,-0.061726
1610679786971,5.204182
1610679787062,0.001249
1610679787156,-0.047719
1610679787250,-0.005356
1610679787344,-0.064612
1610679787438,-0.079453
1610679787532,-0.015301
1610679787626,-0.028625
1610679787720,-0.047377
1610679787814,-0.072584
1610679787908,-0.064953
1610679788002,-0.088793
1610679788096,-0.050946
1610679788190,-0.117149
1610679788283,0.001591
1610679788377,-0.013934
1610679788471,-0.069015
1610679788565,-0.050263
1610679788659,-0.067497
1610679788753,-0.038799
1610679788847,-0.097371
1610679788941,-0.072584
1610679789035,-0.037623
1610679789129,-0.067155
1610679789223,-0.046885
1610679789317,-0.095853
1610679789411,-0.100598
1610679789500,-0.009531
1610679789594,-0.040166
1610679789688,-0.021414
1610679789782,-0.085757
1610679789876,-0.102307
1610679789970,-0.096155
1610679790064,-0.031193
1610679790158,-0.080439
1610679790252,-0.053574
1610679790346,-0.082483
1610679790440,-0.214312
1610679790534,-0.170896
1610679790628,-0.371057
1610679790718,-0.415344
1610679790812,-0.613642
1610679790906,-1.079988
1610679791000,-3.408293
1610679791094,-7.060898
1610679791188,4.427223
1610679791282,6.900450
1610679791376,4.061525
1610679791470,4.298029
1610679791564,-0.668325
1610679791658,-1.080804
1610679791752,-0.453706
1610679791846,-0.294120
1610679791937,-0.248037
1610679792031,-0.167143
1610679792125,-0.168510
1610679792219,-0.170029
1610679792313,-0.089818
1610679792407,-0.080670
1610679792501,-0.086591
1610679792595,-0.080328
1610679792689,-0.046201
1610679792783,-0.119693
1610679792877,-0.081695
1610679792971,-0.075811
1610679793065,-0.023957
1610679793155,-0.050946
1610679793249,-0.048745
1610679793343,-0.059602
1610679793437,-0.057401
1610679793531,-0.081162
1610679793625,-0.087617
1610679793719,-0.051972
1610679793813,-0.076153
1610679793907,3.333083
1610679794001,-0.036105
1610679794095,-0.084390
1610679794189,-0.061804
1610679794283,-0.097449
1610679794376,-0.039332
1610679794470,-0.082530
1610679794564,-0.094905
1610679794658,4.520812
1610679794752,-0.132182
1610679794846,-0.072926
1610679794940,-0.096195
1610679795034,-0.050946
1610679795128,-0.042026
1610679795222,-0.033219
1610679795316,-0.068522
1610679795410,-0.084390
1610679795504,-0.095511
1610679795594,-0.057323
1610679795688,-0.068181
1610679795782,-0.053832
1610679795876,-0.069206
1610679795970,-0.037281
1610679796064,-0.053832
1610679796158,-0.096195
1610679796252,-0.120718
1610679796346,-0.084731
1610679796440,-0.058577
1610679796534,-0.101624
1610679796628,-0.054173
1610679796722,-0.068181
1610679796812,-0.049086
1610679796906,-0.047568
1610679797000,-0.064953
1610679797094,-0.070041
1610679797188,-0.079644
1610679797282,-0.059602
1610679797376,-0.051630
1610679797470,-0.090160
1610679797564,-0.082530
1610679797658,-0.022020
1610679797752,-0.117491
1610679797846,-0.059944
1610679797940,-0.033219
1610679798030,-0.097220
1610679798124,-0.100940
1610679798218,-0.117491
1610679798312,-0.041533
1610679798406,-0.076153
1610679798500,-0.037281
1610679798594,-0.040508
1610679798688,-0.081504
1610679798782,-0.084731
1610679798876,-0.021072
1610679798970,-0.038306
1610679799064,-0.051288
1610679799158,nan
