1618477379776,-13.140624434,229.818041647,378.957247323
1618477379870,-6.820841976,270.065717418,377.660296244
1618477379964,-6.872926869,274.879209872,378.512528015
1618477380058,-7.136137313,268.464654501,378.709446883
1618477380152,-18.346031476,213.541053859,381.456930596
1618477380246,-7.529597297,266.466673192,377.770782423
1618477380336,1.002382353,300.635924889,378.752527667
1618477380431,-8.995427949,259.945238355,379.155174893
1618477380526,-5.844569414,270.945229998,378.663995058
1618477380621,-7.608991900,261.985530693,377.939046678
1618477380716,-12.155607069,249.053873824,381.336032454
1618477380811,-14.419868845,237.556001391,382.689002831
1618477380906,0.599458062,301.667862454,378.659450956
1618477381001,-8.297030730,259.491684365,378.046303413
1618477381096,-2.216960902,282.288169319,381.254383422
1618477381191,-3.771603347,281.471706953,379.340845313
1618477381286,-18.627623800,206.033155697,382.656714972
1618477381381,-11.256776149,253.618117836,380.195915842
1618477381476,-4.528858287,289.782339547,378.147116744
1618477381568,0.222472674,289.597581951,379.029993549
1618477381662,-8.588135883,269.169415518,379.779907864
1618477381756,-12.235522942,230.336149069,381.972040826
1618477381850,-8.566034483,256.125689111,378.088237768
1618477381944,-5.095553132,272.670740095,378.703120312
1618477382038,-4.668325074,264.762216534,379.792408366
1618477382132,-14.554478314,232.794478990,380.865874400
1618477382226,-16.396221062,226.520127484,378.997091673
1618477382320,-3.083942353,273.807677800,382.545422716
1618477382414,-3.575011169,282.469997790,375.310199026
1618477382508,-13.170901621,238.820251581,376.650191924
1618477382602,1.865553026,319.253022198,375.150307188
1618477382696,-10.846323232,250.624410475,380.287818933
1618477382786,-7.599080338,269.113839811,379.781613969
1618477382881,-1.593959269,292.529736585,386.001377562
1618477382976,-4.591840806,282.384537253,379.312822558
1618477383071,-9.541335156,247.095154923,379.396162687
1618477383166,-8.137289669,256.302846024,381.021401760
1618477383261,-7.574562799,262.160360926,379.933679608
1618477383356,-4.299781710,279.789628622,378.423181780
1618477383451,-10.452874678,237.388398483,380.694148032
1618477383546,-0.428931903,323.757634080,378.196213743
1618477383641,-8.520351872,264.435642841,379.925228795
1618477383736,-4.365978535,286.609439413,379.121725807
1618477383831,-8.993189013,284.346499720,383.375387775
1618477383926,-13.688445244,235.192176232,378.730870567
1618477384016,-5.907350590,273.626428541,379.673781866
1618477384110,-6.758902103,266.302268339,377.806528204
1618477384204,-9.584432790,250.954284485,380.246993455
1618477384298,-9.919024488,250.255235063,378.299152159
1618477384392,-5.960076981,264.280706647,381.837888876
1618477384486,-18.322579853,218.738119118,380.297387159
1618477384580,-2.062827989,293.226809761,376.918580771
1618477384674,-2.526089422,278.640442946,382.458460351
1618477384768,-11.862796721,245.462780033,381.446274565
1618477384862,-15.099345660,218.871697528,381.262587712
1618477384956,-11.651762998,236.378447886,378.725152259
1618477385050,-3.872117957,290.117252770,381.044739057
1618477385144,-1.437318926,291.247174444,376.132846891
1618477385235,-7.917733094,261.417749572,381.987175608
1618477385329,-2.810974598,290.427737427,379.035207565
1618477385423,-0.415089786,288.360053539,379.129381643
1618477385517,-2.459024499,283.058975594,379.292118140
1618477385611,-4.612970701,277.199261685,378.472004066
1618477385705,-5.625997746,261.899175376,377.941697679
1618477385799,-8.445661785,252.658960656,380.225360774
1618477385893,-11.465732582,245.479063163,384.384377182
1618477385987,-7.694588419,246.316938161,381.420052973
1618477386081,-15.539631576,205.479978311,380.642998074
1618477386175,-4.985651919,260.072859244,378.997763312
1618477386269,-5.748630663,233.886555975,380.740252728
1618477386363,-3.904078402,238.175174128,380.608597487
1618477386452,-7.639377485,209.051449157,381.502659607
1618477386547,9.429540654,275.415133431,380.465377072
1618477386642,17.858728314,275.516560686,380.554359649
1618477386737,31.408446544,281.230039576,381.624553002
1618477386832,46.820666338,258.699455441,382.807393994
1618477386927,64.302098431,356.300114055,380.420569452
1618477387022,57.205857060,406.201294544,378.656134195
1618477387117,3.100630210,517.355041199,383.296088234
1618477387212,-75.796061798,557.113572207,379.812320940
1618477387307,-92.186600071,347.520319381,381.093762926
1618477387402,-34.976754425,256.351975784,386.528713445
1618477387497,62.037556854,299.658583409,386.058819636
1618477387592,-0.701001519,418.440329414,387.109277458
1618477387690,-14.891269196,303.708089514,397.671274975
1618477387785,-58.332847215,333.465765865,416.740111521
1618477387880,-49.043765356,250.543825210,458.474485335
1618477387975,-35.550441244,251.048914402,457.397582214
1618477388070,-27.975001874,258.048961524,371.151990721
1618477388165,-15.655547259,297.294972518,262.855090748
1618477388260,-12.961873055,296.739456736,303.902843147
1618477388355,-15.897753627,279.831118553,349.360510579
1618477388450,-19.493612902,257.493444335,402.076948140
1618477388545,-25.120514672,228.920158581,370.954112461
1618477388640,-18.437443823,252.700691290,333.224079695
1618477388735,-18.931601441,265.425304825,330.833449892
1618477388830,-12.958185722,287.602224098,366.214043576
1618477388920,-21.863421413,224.147694186,378.069922424
1618477389014,-25.225578372,229.386647382,376.970490591
1618477389108,-15.215628584,270.060999542,373.721838588
1618477389202,-12.367655069,289.600926010,376.121987158
1618477389296,-14.898860865,274.669539183,376.672458423
1618477389390,-19.182571365,265.150884969,378.872572996
1618477389484,-12.716570632,281.751161888,379.332266394
1618477389578,-16.000285023,271.154509498,377.688269193
1618477389672,-15.809864256,266.043483626,379.814472572
1618477389766,-15.136093437,279.620834142,375.397664805
1618477389860,-12.479171680,277.878690228,384.451146456
1618477389954,-14.494942297,269.642650534,376.765380138
1618477390048,-26.802084066,207.147250234,379.683911167
1618477390140,-13.392938986,289.472534823,381.125928608
1618477390234,-19.289735188,238.216817292,377.668716605
1618477390328,-17.719490015,246.190488391,377.423934824
1618477390422,-13.780092255,277.350622040,377.498056248
1618477390516,-9.990689857,282.359190380,379.374998187
1618477390610,-11.738187099,280.563415519,379.491523753
1618477390704,-20.546679483,247.068016543,378.396995802
1618477390798,-23.034456182,230.357161737,377.940697007
1618477390892,-21.414000221,229.429845296,380.999863224
1618477390986,-18.969387231,255.077472559,378.151115468
1618477391080,-10.878835643,283.927183668,379.357561500
1618477391174,-14.455645494,270.842198855,377.759254253
1618477391268,-29.580872372,200.114601602,380.961202242
1618477391359,-14.674337240,272.809665307,379.637457969
1618477391454,-9.822421349,297.447589491,376.881104352
1618477391549,-24.743672105,218.599821745,381.363030228
1618477391644,-14.992883521,267.114115748,379.843003010
1618477391739,-18.473206730,258.597066437,380.073767071
1618477391834,-4.889469917,312.341053567,376.423893536
1618477391929,-20.670237946,253.518567755,383.260369417
1618477392024,-23.480356840,224.014909398,380.166095019
1618477392119,-9.229025726,290.304882822,379.100376560
1618477392214,-11.216863355,280.210686241,379.410255835
1618477392309,-11.337836549,283.674365392,379.273226439
1618477392404,-10.294803560,283.892885979,377.266518129
1618477392499,-18.555018560,257.181627730,381.086520522
1618477392593,-22.589346676,242.773375042,379.559534708
1618477392687,-15.043635068,280.090335744,377.383251690
1618477392781,-13.001151973,270.150107145,379.688404340
1618477392875,-16.212963381,270.074533385,377.721423116
1618477392969,-15.898828268,268.591726290,376.828340960
1618477393063,-23.733804002,232.883867017,382.893829055
1618477393157,-14.472706854,262.677583217,379.917801527
1618477393251,-18.580829546,250.894603264,379.402319373
1618477393345,-13.978096519,270.267182239,379.684810280
1618477393439,-16.390253679,259.018300238,384.060835717
1618477393533,-21.051535910,252.582344924,380.319809049
1618477393627,-16.440852467,265.839339103,377.912835822
1618477393721,-15.106616937,277.692536754,377.548957403
1618477393812,-13.475990351,274.816866528,379.606538145
1618477393906,-18.476374622,241.347044691,378.541923763
1618477394000,-21.159084229,244.958238459,375.492462119
1618477394094,-21.933488865,226.791893176,378.080845072
1618477394188,-10.550392635,299.828945430,376.838698444
1618477394282,-22.709714794,239.084169916,379.734186226
1618477394376,-23.241278149,235.384902671,378.817050372
1618477394470,-24.501605115,224.907011117,380.169407362
1618477394564,-20.759312646,246.988269933,379.430142679
1618477394658,-15.098283866,269.656873487,379.703545999
1618477394752,-19.016318314,245.683200697,379.470206681
1618477394846,-14.158732667,282.505872618,378.401193981
1618477394940,-11.229803337,294.378912549,385.944610161
1618477395030,-29.515856233,223.834644249,380.171628934
1618477395124,-10.538595718,297.888849922,380.836859450
1618477395218,-22.372600306,230.640073173,379.993409490
1618477395312,-16.450744821,274.945062781,377.602602679
1618477395406,-14.390214953,273.252432146,376.593166822
1618477395500,-19.777490185,241.817986362,379.588863952
1618477395594,-12.996215581,287.409109293,377.219971960
1618477395688,-14.746365623,263.287949891,379.960461541
1618477395782,-18.194399210,254.934866586,379.186192049
1618477395876,-24.664620047,229.157203231,382.038931752
1618477395970,-18.056225892,254.636507717,379.164652540
1618477396064,-11.277460240,273.824998145,379.575589759
1618477396158,-12.280624632,273.808929434,378.576083048
1618477396249,-18.644861006,251.647431312,377.256413466
1618477396344,-18.757627228,255.074806868,378.273992324
1618477396439,-23.491719522,217.879231527,382.323753939
1618477396534,-25.566512250,235.733370923,378.867750342
1618477396629,-21.883989799,232.121226784,378.917241161
1618477396724,-27.765168546,206.334706448,380.678156495
1618477396819,-9.064333171,296.219166477,377.918815410
1618477396914,-18.958433568,251.055116607,379.305295546
1618477397009,-22.174450847,235.724250266,380.806632823
1618477397104,-21.603331582,241.702359990,380.561714782
1618477397199,-16.819577080,262.916183692,378.971874301
1618477397294,-14.914724802,276.666960874,379.519043795
1618477397389,-19.038652193,254.725746580,379.161913018
1618477397483,-19.130950940,245.101098695,378.488076488
1618477397577,-16.158353484,260.195884425,379.024685348
1618477397671,-12.638363721,269.914359642,377.787737762
1618477397765,-26.100163481,223.945523070,380.106827581
1618477397859,-19.120725035,257.308982460,376.174707157
1618477397953,-17.145475805,254.183298582,381.178565496
1618477398047,-19.741068338,238.924957295,377.739073856
1618477398141,-14.574497287,263.160693592,379.933669395
1618477398235,-23.439295207,244.535333164,376.536143542
1618477398329,-20.403702438,250.794050892,380.374707450
1618477398423,-12.693383415,287.946884496,380.172764175
1618477398517,-13.123688903,276.605845679,375.551618711
1618477398611,-5.085053563,313.347884031,377.454382605
1618477398702,-19.998250139,249.852928916,380.311502457
1618477398796,-16.346113325,258.242444004,375.053954782
1618477398890,-21.592608970,224.444895508,381.183593736
1618477398984,-19.045470549,257.691123113,379.162975915
1618477399078,-10.508624213,298.041044575,377.832187264
1618477399172,-15.129694572,269.497370600,377.708442540
1618477399266,-18.424113745,254.768381138,380.222001701
1618477399360,-16.628465836,259.808664049,378.097970043
1618477399454,-21.311815221,252.260652197,378.360383371
1618477399548,-18.125698649,247.205748134,378.331370102
1618477399642,-15.990553422,270.203926356,378.686752157
