1618477880371,-89.661510403,251.039817508,231.730350770
1618477880465,-94.791356814,224.301592732,230.826877382
1618477880559,-95.916247156,208.000668594,234.362021869
1618477880653,-91.504645377,248.968565726,231.545900808
1618477880747,-93.484002388,223.514792469,232.894116334
1618477880841,-94.688218555,250.646690794,234.505741087
1618477880935,-90.214986369,235.652731237,232.171734940
1618477881029,-90.531885447,246.772415251,230.539941585
1618477881120,-89.739073999,231.878877638,233.057081953
1618477881214,-91.996289440,222.825912548,229.782044922
1618477881308,-97.696757651,202.380363569,230.191272066
1618477881402,-92.892450277,215.372831793,230.585994661
1618477881496,-93.725940855,229.973446863,232.059955049
1618477881590,-89.164341758,241.218219752,234.401581125
1618477881684,-90.984858467,214.707418302,232.565778815
1618477881778,-92.093359536,243.729349001,242.417109681
1618477881872,-92.764368743,230.696735079,232.051548302
1618477881966,-93.127220846,235.284713780,232.190935124
1618477882060,-97.690949029,216.823803287,230.630076450
1618477882154,-92.846465182,220.904768036,231.814821500
1618477882248,-86.588924299,260.763302466,231.964997026
1618477882339,-102.071436114,209.883182942,232.328071673
1618477882433,-89.597931431,250.497637381,232.744259739
1618477882527,-92.304266283,224.809037381,231.933436631
1618477882621,-93.816649107,240.521080771,232.258877918
1618477882715,-93.497398548,226.418329314,236.891185699
1618477882809,-89.811133401,244.761604781,234.478851396
1618477882903,-96.155137156,214.481274416,229.528527487
1618477882997,-95.386138684,220.018683586,233.696758841
1618477883091,-96.135904489,221.820571600,231.751501781
1618477883185,-97.631663321,201.849095243,232.205512546
1618477883279,-91.255409666,241.562457374,236.381658488
1618477883373,-96.104576232,198.443740891,233.102054890
1618477883467,-93.952320761,235.544135448,235.229197461
1618477883558,-96.604725756,217.444680386,232.648939241
1618477883652,-95.422999389,240.154869735,236.126228592
1618477883746,-92.786676223,231.536103237,230.046668165
1618477883840,-98.785568196,224.343275451,231.828143740
1618477883934,-90.899461007,244.125574782,232.459528246
1618477884028,-91.535474958,244.746567882,232.539156319
1618477884122,-94.219490848,219.218682403,232.733215859
1618477884216,-93.777558907,230.601755266,232.048662732
1618477884310,-90.814080437,222.137964321,234.821906208
1618477884404,-91.277906530,256.802074759,233.814270571
1618477884498,-91.180065713,224.703381650,230.960607596
1618477884592,-94.801751219,214.025938154,234.605836606
1618477884686,-94.542425043,217.893295767,230.662568571
1618477884776,-88.289300784,248.519220468,237.593011061
1618477884870,-91.571342500,216.685066751,231.656242390
1618477884964,-89.997120388,237.221542000,233.219396789
1618477885058,-89.050646786,243.036915243,233.426453813
1618477885152,-91.780303439,245.983605369,230.485595969
1618477885246,-93.160343229,228.845399438,232.964922221
1618477885340,-94.268630926,228.065640691,233.941232465
1618477885434,-97.127590781,199.278017582,233.097020070
1618477885528,-94.046116363,222.467118517,231.771144445
1618477885622,-95.913916104,213.218260530,231.581298651
1618477885716,-97.997623412,221.816306875,230.781753094
1618477885810,-90.171572297,228.764541091,229.962465673
1618477885904,-93.555731698,226.998283593,233.878424341
1618477885994,-94.445487787,219.591322181,230.683775226
1618477886088,-92.430508127,223.899994294,230.905819104
1618477886182,-94.237757286,227.287955795,231.947986593
1618477886276,-90.786567679,245.938497788,237.484225561
1618477886370,-92.984180038,243.515529435,237.440994533
1618477886464,-94.837221117,216.770526284,230.598076969
1618477886558,-95.296833930,226.862556313,233.935062583
1618477886652,-93.549339796,238.445923391,234.317356327
1618477886746,-91.898519340,236.931549070,234.240967427
1618477886840,-93.480951825,247.139178406,233.551084171
1618477886934,-94.259439788,218.931017818,231.724476356
1618477887028,-95.603682287,211.251387731,234.430400693
1618477887122,-92.916906384,221.397534571,233.799411301
1618477887213,-91.668710954,215.983935358,233.634941403
1618477887307,-94.164254173,221.616431015,233.745299811
1618477887401,-94.990057584,222.870786937,231.783408246
1618477887495,-91.005955110,227.957118403,231.998697219
1618477887589,-88.203256950,262.540418413,235.049368248
1618477887683,-92.337504650,216.368887858,232.707398354
1618477887777,-95.477155571,224.564095072,230.895614191
1618477887871,-88.369316051,226.340626591,231.919205900
1618477887965,-89.928750696,258.316278349,233.890654284
1618477888059,-91.902340262,223.502422397,229.802597886
1618477888153,-98.389054171,212.796883256,230.477354204
1618477888247,-89.661611288,239.637478100,232.292795049
1618477888341,-94.176549046,250.331123911,230.617677401
1618477888433,-95.559232523,201.370655401,236.221358001
1618477888527,-95.344364665,227.520296688,229.924664435
1618477888621,-99.228047975,204.755451241,232.293810193
1618477888715,-90.484013896,232.715516078,233.112880642
1618477888809,-93.375405773,220.095969208,233.699106846
1618477888903,-91.353509981,227.454443039,232.922663744
1618477888997,-91.705184836,229.122906944,233.064495777
1618477889091,-94.204716476,220.325069798,229.736448001
1618477889185,-92.537281535,224.131139641,233.882460624
1618477889279,-95.057184722,241.989836833,236.425023530
1618477889373,-88.302720764,249.422585789,233.590075215
1618477889467,-91.257525878,227.145605994,232.943661881
1618477889561,-95.956130460,223.115089596,231.790830375
1618477889651,-96.475024697,211.177826134,232.458546705
1618477889745,-92.972209363,230.200115002,237.006079670
1618477889839,-93.782484555,245.967899572,236.485118813
1618477889933,-88.966595367,237.441346772,235.226074651
1618477890027,-91.542933576,247.692859813,233.537524620
1618477890121,-91.576636449,245.450171949,236.530151550
1618477890215,-94.551425168,211.627681132,236.441832817
1618477890309,-89.289820227,233.113867106,239.155363774
1618477890403,-91.668668205,230.385856132,242.072484405
1618477890497,-90.126286226,232.291443802,248.191139588
1618477890591,-91.143895538,233.164642554,259.187287255
1618477890685,-92.310985354,217.559848177,285.713199897
1618477890779,-88.762658380,243.110664023,315.489456123
1618477890869,-91.388347058,217.002781515,302.696275722
1618477890963,-91.664399544,220.215787458,206.854651421
1618477891057,-89.260587209,228.123561937,159.942992164
1618477891151,-82.460536031,257.687801542,214.993084120
1618477891245,-85.668680011,211.984158173,222.634948172
1618477891339,-78.736000828,221.700200474,251.838987436
1618477891433,-57.239261091,237.477933662,200.166424436
1618477891527,-50.547669495,233.056337957,189.880188083
1618477891621,-22.933955519,255.274767051,168.795681516
1618477891715,-10.787022243,323.931192190,206.390291993
1618477891809,-37.588709746,413.359202101,222.433676188
1618477891903,-111.451219347,455.550050329,228.682521351
1618477891997,-208.252729101,215.581759606,230.382244907
1618477892087,-126.697116954,174.181002199,230.066260762
1618477892181,-58.469216524,141.420456140,229.678584166
1618477892275,10.865616879,358.634752574,230.626901906
1618477892369,-165.798396803,334.250899132,229.825337266
1618477892463,-86.380572029,285.861993894,233.573043941
1618477892557,-101.229388566,247.348217326,232.949817392
1618477892651,-113.226672792,227.367773095,230.950411513
1618477892745,-110.542205798,210.694068027,232.443849709
1618477892839,-102.560354493,246.567415163,233.533713502
1618477892933,-100.788735874,222.320465609,229.827450757
1618477893027,-101.445215763,216.593280977,230.683834736
1618477893121,-99.601377216,211.267986098,233.430904966
1618477893215,-91.679141548,232.310439618,234.070193185
1618477893308,-92.085416840,226.384929865,234.981313629
1618477893402,-94.830142535,214.821497785,233.599625528
1618477893496,-86.073979958,272.672123484,240.296416590
1618477893590,-96.799829352,218.240583626,232.825023872
1618477893684,-94.384652039,242.631808058,234.353384545
1618477893778,-97.248310312,211.810352546,232.508144291
1618477893872,-92.389046819,237.600162093,233.352423113
1618477893966,-91.541117599,247.705936313,234.537921896
1618477894060,-92.683896231,217.874589121,234.631619368
1618477894154,-95.768320191,212.266668518,230.613150206
1618477894248,-94.806429539,219.193056958,231.823579970
1618477894342,-88.721364623,252.608818852,236.717256652
1618477894436,-92.585323413,239.186812329,231.309484305
1618477894527,-86.892519026,250.376369119,231.679813747
1618477894621,-93.241419192,226.261587121,234.947185490
1618477894715,-97.555701000,225.998504638,230.878431056
1618477894809,-96.171737354,221.562546075,233.743662739
1618477894903,-92.929103426,228.510512507,234.015509818
1618477894997,-98.139287405,215.595405401,231.531994887
1618477895091,-91.349086171,226.486298042,231.923631527
1618477895185,-95.232250226,228.327611069,232.949191355
1618477895279,-94.814991273,204.528986138,229.165406472
1618477895373,-92.478894203,242.153994948,236.551534311
1618477895467,-92.915710925,237.807755794,235.237206478
1618477895561,-95.433754528,228.876617588,232.905108899
1618477895655,-93.598204500,239.094058115,232.306666351
1618477895743,-94.236306937,242.700012429,234.385837532
1618477895837,-92.751356612,246.192045868,231.491928575
1618477895931,-93.451851299,224.746306237,231.901149926
1618477896025,-93.687804742,223.047251161,229.849531140
1618477896119,-88.417830176,245.593705187,233.564893094
1618477896213,-91.208003763,235.703011630,233.173262502
1618477896307,-96.306550631,227.792588233,231.932936892
1618477896401,-92.685276021,239.467072938,236.287617991
1618477896495,-92.505635932,218.158207036,236.670616808
1618477896589,-93.252613002,228.180982657,229.944736656
1618477896683,-99.031532583,208.170520549,232.336801242
1618477896777,-91.304093606,239.211893741,235.371008057
1618477896871,-97.626668121,217.286677662,232.644138980
1618477896965,-93.753906071,225.571268283,231.835070362
1618477897059,-89.208550946,240.899877943,235.391909622
1618477897153,-91.099206543,242.687245833,235.415830550
1618477897247,-96.563449611,217.741901915,232.657969092
1618477897341,-91.704978497,239.325199224,232.283307743
1618477897435,-95.085825477,219.181180871,230.762457408
1618477897529,-91.723753060,224.788394283,234.841666841
1618477897623,-92.733917621,210.313588296,232.401909522
1618477897717,-92.745564587,217.430527222,230.618128377
1618477897811,-93.126548062,212.687138950,232.534781832
1618477897905,-89.210034597,240.889194463,231.391585048
1618477897999,-94.988146572,235.286160713,233.221359962
1618477898093,-95.902563438,229.701621829,234.021315887
1618477898190,-93.569624580,224.898243635,231.875385039
1618477898285,-94.966133152,213.842255668,228.569875293
1618477898380,-95.868261505,230.948623410,234.028820012
1618477898475,-95.113945967,216.978690665,233.756305577
1618477898570,-90.050333681,242.039169853,232.426522310
1618477898665,-95.749308321,224.604375789,231.836076198
1618477898760,-92.856243347,241.436776785,234.468982837
1618477898855,-97.271270083,228.046636632,234.940655105
1618477898950,-91.475601627,262.579317098,232.989788267
1618477899045,-98.299487358,224.642643017,233.715715276
1618477899140,-95.641084245,224.383676421,229.859752035
1618477899235,-95.100664661,236.475939733,232.196744737
1618477899330,-95.729841293,223.744554093,231.840334938
1618477899426,-94.675326429,223.137105080,231.852260981
1618477899520,-91.859654192,245.412215956,236.468236657
1618477899614,-98.746232091,198.024107704,229.180448700
1618477899708,-98.442853707,210.409483212,232.465584651
1618477899802,-95.130677074,240.460632629,232.408945841
nan,nan,nan,nan
