1610679342413,161.962550666,242.922900005,315.892694191
1610679342507,162.962550475,244.922899613,316.892668259
1610679342601,158.962550567,239.922899801,315.892680693
1610679342695,161.962550853,241.922900392,315.892719814
1610679342789,160.962550516,239.922899697,317.892673817
1610679342883,158.962550531,239.922899728,316.892675885
1610679342977,161.962550524,245.922899712,315.892674826
1610679343071,160.962550491,244.922899645,315.892670327
1610679343165,161.962550747,244.922900172,314.892705257
1610679343256,163.962550462,243.922899587,316.892666500
1610679343350,160.962550633,241.922899937,315.892689692
1610679343444,161.962550804,245.922900290,319.892713098
1610679343538,161.962550676,244.922900027,316.892695641
1610679343632,158.962550496,239.922899656,317.892671077
1610679343726,158.962550740,242.922900159,318.892704409
1610679343820,157.962550625,242.922899922,315.892688711
1610679343914,163.962550768,241.922900215,318.892708130
1610679344008,161.962550839,245.922900363,318.892717906
1610679344102,162.767382594,248.638654499,561.034013249
1610679344196,161.962550442,243.922899545,316.892663760
1610679344290,159.962550469,242.922899601,320.892667410
1610679344384,161.962550524,245.922899712,315.892674826
1610679344477,159.962550844,243.922900372,316.892718524
1610679344571,162.962550557,243.922899782,319.892679458
1610679344665,161.962550595,242.922899860,317.892684575
1610679344759,160.962550714,243.922900104,314.892700758
1610679344853,158.962550694,243.922900063,314.892698018
1610679344947,163.962550686,242.922900046,315.892696931
1610679345041,161.962550818,241.922900319,316.892715006
1610679345135,160.962550619,245.922899908,318.892687784
1610679345229,156.962550837,244.922900357,316.892717543
1610679345323,156.962550614,245.922899898,317.892687112
1610679345417,160.962550445,242.922899550,315.892664068
1610679345511,162.962550596,237.922899862,314.892684723
1610679345605,161.962550829,243.922900341,317.892716456
1610679345694,162.962550511,244.922899686,315.892673067
1610679345788,162.962550721,244.922900119,321.892701723
1610679345882,161.962550595,242.922899860,317.892684575
1610679345976,160.962550761,242.922900200,318.892707149
1610679346070,161.962550711,244.922900099,315.892700449
1610679346164,161.962550584,240.922899838,316.892683124
1610679346258,161.962550783,241.922900246,317.892710198
1610679346352,161.962550479,240.922899620,319.892668700
1610679346446,160.962550643,243.922899959,316.892691142
1610679346540,161.962550676,244.922900027,316.892695641
1610679346634,160.962550668,241.922900009,314.892694500
1610679346728,158.962550506,244.922899676,314.892672395
1610679346822,160.962550831,242.922900346,316.892716765
1610679346915,158.962550786,244.922900254,318.892710667
1610679347009,160.962550526,244.922899717,314.892675135
1610679347103,162.962550780,245.922900240,314.892709756
1610679347197,160.962550842,244.922900367,317.892718215
1610679347291,160.962550630,244.922899932,323.892689367
1610679347385,156.962550497,243.922899658,319.892671237
1610679347479,158.962550648,241.922899968,314.892691760
1610679347573,159.962550691,244.922900058,315.892697709
1610679347667,160.962550714,243.922900104,314.892700758
1610679347761,160.962550725,242.922900128,319.892702341
1610679347855,162.962550744,245.922900167,315.892704948
1610679347949,160.962550537,243.922899741,319.892676718
1610679348043,160.962550480,242.922899623,314.892668877
1610679348132,162.962550582,241.922899833,317.892682816
1610679348226,162.962550745,242.922900169,319.892705081
1610679348320,163.962550813,246.922900308,314.892714255
1610679348414,161.962550595,242.922899860,317.892684575
1610679348508,160.962550491,244.922899645,315.892670327
1610679348602,160.962550654,245.922899981,317.892692592
1610679348696,160.962550831,242.922900346,316.892716765
1610679348790,164.962550518,245.922899700,322.892674032
1610679348884,161.962550595,242.922899860,317.892684575
1610679348978,160.962550714,243.922900104,314.892700758
1610679349072,159.962550727,244.922900131,314.892702517
1610679349166,160.962550844,241.922900372,309.892718540
1610679349260,162.962550581,244.922899831,313.892682683
1610679349350,160.962550514,245.922899693,309.892673552
1610679349444,161.962550536,247.922899737,304.892676468
1610679349538,162.962550806,246.922900294,284.892713366
1610679349632,157.962550584,240.922899836,279.892683029
1610679349726,161.962550568,242.922899804,246.892680920
1610679349820,160.962550784,243.922900249,312.892710374
1610679349914,161.962550485,242.922899633,356.892669574
1610679350008,159.962550797,241.922900275,328.892712073
1610679350102,158.962550758,243.922900196,659.892706867
1610679350196,157.962550776,244.922900231,623.892709202
1610679350290,157.962550628,243.922899927,788.892689054
1610679350384,158.906143474,245.924332825,912.958094508
1610679350478,156.962550651,238.922899975,425.892692230
1610679350569,154.962550483,243.922899629,271.892669266
1610679350663,155.148556285,242.188282023,28.501808283
1610679350757,153.962550471,243.922899604,289.892667608
1610679350851,155.582357162,249.257727573,519.800414986
1610679350945,146.962550693,239.922900061,308.892697910
1610679351039,104.962550841,247.922900366,309.892718098
1610679351133,30.962550608,329.922899887,312.892686364
1610679351227,-16.037449502,354.922899660,318.892671352
1610679351321,79.962550474,461.922899611,314.892668130
1610679351415,-17.037449235,363.922900210,316.892707760
1610679351509,-80.037449499,497.922899666,315.892671775
1610679351603,157.962550459,247.922899579,317.892665988
1610679351697,237.962550648,-33.077100030,313.892691859
1610679351788,128.962550790,121.922900261,319.892711164
1610679351882,133.962550599,184.922899868,319.892685129
1610679351976,136.962550496,218.922899656,315.892671099
1610679352070,143.962550560,230.922899789,317.892679870
1610679352164,151.962550463,236.922899587,314.892666524
1610679352258,153.962550469,240.922899600,317.892667356
1610679352352,152.962550609,245.922899888,316.892686440
1610679352446,157.962550544,240.922899755,316.892677644
1610679352540,159.962550681,242.922900036,314.892696259
1610679352634,159.962550728,241.922900133,318.892702650
1610679352728,160.962550665,244.922900005,322.892694175
1610679352822,157.962550565,244.922899799,318.892680545
1610679352916,161.962550712,241.922900101,319.892700582
1610679353009,159.962550681,242.922900036,314.892696259
1610679353103,160.962550678,243.922900031,315.892695950
1610679353197,161.962550677,241.922900029,320.892695774
1610679353291,156.962550837,244.922900357,316.892717543
1610679353385,158.962550563,245.922899794,319.892680236
1610679353479,163.962550534,240.922899734,318.892676248
1610679353573,159.962550773,243.922900227,318.892708908
1610679353667,163.962550534,240.922899734,318.892676248
1610679353761,161.962550853,241.922900392,315.892719814
1610679353855,163.962550650,242.922899974,316.892692123
1610679353949,160.962550573,243.922899814,318.892681526
1610679354043,160.962550842,244.922900367,317.892718215
1610679354137,162.962550547,241.922899761,318.892678007
1610679354228,164.962550848,241.922900380,322.892719020
1610679354322,163.962550661,244.922899995,317.892693573
1610679354416,162.962550663,243.922900000,316.892693882
1610679354510,160.962550704,238.922900084,317.892699440
1610679354604,160.404668564,247.891905583,514.567407317
1610679354698,161.962550737,239.922900152,317.892703940
1610679354792,162.962550511,244.922899686,315.892673067
1610679354886,162.962550837,246.922900358,319.892717597
1610679354980,164.962550801,242.922900283,318.892712629
1610679355074,162.962550593,243.922899855,318.892684266
1610679355168,160.962550842,244.922900367,317.892718215
1610679355262,159.962550798,241.922900278,316.892712266
1610679355356,162.962550698,243.922900073,315.892698690
1610679355444,161.962550711,244.922900099,315.892700449
1610679355538,160.962550678,243.922900031,315.892695950
1610679355632,160.962550806,244.922900295,318.892713407
1610679355726,159.962550600,240.922899869,315.892685192
1610679355820,160.962550441,248.922899543,319.892663611
1610679355914,162.962550617,241.922899906,316.892687624
1610679356008,161.962550570,244.922899809,319.892681217
1610679356102,163.962550462,243.922899587,316.892666500
1610679356196,160.962550455,244.922899572,316.892665519
1610679356290,160.962550689,245.922900053,316.892697400
1610679356384,161.962550584,240.922899838,316.892683124
1610679356478,158.962550786,244.922900254,318.892710667
1610679356572,160.962550689,245.922900053,316.892697400
1610679356665,157.962550753,243.922900186,318.892706168
1610679356759,159.962550656,244.922899985,316.892692901
1610679356853,160.962550842,244.922900367,317.892718215
1610679356947,163.962550545,242.922899756,319.892677698
1610679357041,157.962550590,242.922899850,316.892683903
1610679357135,159.894300960,248.899951679,579.343023448
1610679357229,163.962550696,244.922900068,316.892698381
1610679357323,159.962550525,249.922899715,317.892674986
1610679357417,159.962550844,243.922900372,316.892718524
1610679357511,158.962550623,243.922899917,316.892688402
1610679357605,161.962550570,244.922899809,319.892681217
1610679357699,161.962550442,243.922899545,316.892663760
1610679357793,164.962550624,242.922899920,323.892688588
1610679357884,159.962550529,240.922899724,317.892675576
1610679357978,160.962550796,242.922900273,317.892711957
1610679358072,161.962550818,241.922900319,316.892715006
1610679358166,161.962550606,244.922899882,318.892686025
1610679358260,161.962550711,244.922900099,315.892700449
1610679358354,160.962550562,241.922899792,317.892680075
1610679358448,162.962550475,244.922899613,316.892668259
1610679358542,157.962550753,243.922900186,318.892706168
1610679358636,159.962550691,244.922900058,315.892697709
1610679358730,162.962550500,242.922899664,314.892671617
1610679358824,160.962550770,247.922900220,315.892708466
1610679358918,160.962550491,241.922899647,319.892670459
1610679359012,159.962550844,243.922900372,316.892718524
1610679359103,160.962550668,241.922900009,314.892694500
1610679359197,162.962550501,239.922899666,318.892671749
1610679359291,160.962550643,243.922899959,316.892691142
1610679359385,160.962550806,244.922900295,318.892713407
1610679359479,162.962550770,240.922900220,317.892708439
1610679359573,160.962550714,243.922900104,314.892700758
1610679359667,159.962550739,240.922900156,323.892704232
