1618476596932,-9.093776686,259.134113368,379.986905413
1618476597027,-9.943574438,261.521005187,381.007879031
1618476597122,-10.077263147,241.819599549,381.709939597
1618476597217,-2.428697091,284.742114497,383.359046064
1618476597312,-7.790789153,271.165243229,380.168849183
1618476597410,-6.068280345,270.603029482,380.130101465
1618476597504,-12.494186386,236.969940588,377.651722167
1618476597598,-8.458052038,258.770578447,379.936039515
1618476597692,-6.591023236,266.776285213,381.057107818
1618476597786,-8.883015867,242.613180982,379.737063481
1618476597880,-7.757845900,272.469424616,382.173449242
1618476597974,-8.367761892,256.604272132,378.948647256
1618476598068,-8.989726860,260.094856993,379.001434499
1618476598162,-4.731204482,280.948913790,377.316805188
1618476598256,-7.953453527,269.663282420,380.146135405
1618476598350,-8.762605879,271.425473362,383.172784578
1618476598444,-8.836316573,270.744865984,381.162491923
1618476598538,-8.036707452,260.661061895,379.994874324
1618476598627,-9.528086683,265.357409608,382.065896017
1618476598721,-8.406014750,276.718056040,381.222577483
1618476598815,-6.691756246,274.079663151,378.182677727
1618476598909,-8.694072712,263.824778318,380.042718417
1618476599003,-6.363200737,277.113379052,381.228555855
1618476599097,-11.617100788,237.835010977,379.634558910
1618476599191,-6.719385125,276.824552012,382.178819745
1618476599285,-9.089090232,249.943889961,380.847923961
1618476599379,-11.860311967,243.822817348,381.740233759
1618476599473,-4.133992726,287.463266008,382.400197359
1618476599567,-9.306415826,257.170710770,379.957213366
1618476599661,-2.218868237,287.679568329,379.388345694
1618476599755,-12.170341068,213.259677689,379.278035036
1618476599852,-6.183069378,277.776621191,381.253708650
1618476599946,-11.245597124,257.732280002,379.965705837
1618476600040,-5.088531533,299.116527493,381.546181220
1618476600134,-4.265486209,276.015625733,384.242200306
1618476600228,-10.288174653,248.105644808,382.820124639
1618476600322,-6.873638643,282.633748563,380.296916273
1618476600416,-6.247304126,260.716518406,380.965467479
1618476600510,-8.523045639,265.403956067,380.066599927
1618476600604,-10.792662209,232.213965339,381.610044242
1618476600698,-8.916724241,270.002422120,382.151264130
1618476600792,-10.860528516,252.054313599,379.879839370
1618476600886,-7.343984303,256.823822400,380.951967460
1618476600980,-5.346636669,293.733314815,381.510140490
1618476601071,-13.412450613,229.491151744,379.523499562
1618476601165,-8.093102612,260.140337423,379.986999538
1618476601259,-8.802274074,263.825701495,380.027609627
1618476601353,-12.789280697,226.011692764,379.470880573
1618476601447,-9.108779652,245.528592031,378.705538763
1618476601541,-14.223497876,249.702837553,381.829155836
1618476601635,-11.012053545,241.421712133,381.719045195
1618476601729,-8.874679365,244.690156039,381.738227556
1618476601823,-8.317511186,259.068261812,380.955664056
1618476601917,-3.520868835,273.657551335,380.206539736
1618476602011,-9.714552489,245.168686864,379.760587008
1618476602105,-9.524706773,227.454634963,379.507824578
1618476602199,-4.245324498,298.668780319,380.524287301
1618476602289,-7.310143992,261.136286766,380.956692780
1618476602383,-1.597706045,289.415066796,379.475082204
1618476602477,-7.797628433,263.868597006,380.028258326
1618476602571,-9.130743390,261.792781461,380.981743536
1618476602665,-4.696649075,281.267980996,380.321630362
1618476602759,-9.614793465,265.556802902,380.053788641
1618476602853,-3.689699751,284.332147542,380.322600736
1618476602947,-8.013860201,260.872021896,379.998064619
1618476603041,-3.433070765,276.468234445,380.218799494
1618476603135,-7.115846041,268.163831832,380.123459589
1618476603229,-6.860927467,243.817134129,380.740147813
1618476603323,-13.184607674,231.594938557,378.555314604
1618476603417,-3.637095174,274.584375924,382.190310372
1618476603515,-9.087511843,240.724968253,378.708508512
1618476603611,-6.576727283,253.674791083,379.919468196
1618476603707,-3.324203477,305.173947353,380.652908817
1618476603803,-8.347067467,240.328362502,379.672265242
1618476603899,-1.287373748,294.280518744,380.518415718
1618476603995,-2.669536114,282.518328404,379.325416303
1618476604091,-2.856472353,281.792253432,382.299313303
1618476604187,-7.524849547,236.686812424,380.647440490
1618476604283,-4.372164824,253.563617677,379.948032449
1618476604379,-3.837298444,250.268808374,379.883083121
1618476604475,-4.849682580,242.920963743,379.741718003
1618476604571,3.819265251,286.031673731,380.393670496
1618476604667,0.660926265,269.102659863,381.092289000
1618476604769,13.586579303,265.416177510,379.081907499
1618476604861,14.764999764,257.830126316,379.967185543
1618476604953,21.847634974,253.359642421,379.839088531
1618476605045,42.333183141,281.076445117,379.046524311
1618476605137,64.688062347,294.886229250,382.816806472
1618476605229,71.099613565,368.153277191,380.153545474
1618476605321,63.774541239,409.984244457,378.409974479
1618476605413,23.392105884,528.320995284,383.473659584
1618476605505,-28.997593948,542.788720512,381.860700122
1618476605597,-135.656480315,317.471400281,381.629060116
1618476605689,-80.222333959,224.180576093,384.108590058
1618476605781,-50.879160628,202.648778311,386.737601811
1618476605873,75.649505955,278.296723208,382.671786769
1618476605970,-78.655931285,402.176957024,387.048044327
1618476606064,-14.637180329,261.883102378,401.771390935
1618476606158,-21.137077707,256.500797816,401.841223189
1618476606252,-35.546645036,281.419546894,430.202940454
1618476606346,-30.727456615,234.816040921,452.619149280
1618476606440,-17.845300165,282.895411780,468.300873340
1618476606534,-19.491084297,238.998583710,402.652155330
1618476606628,-17.921258800,243.260065026,325.731723397
1618476606722,-13.382318395,259.469864723,362.946614646
1618476606816,-7.500811787,282.076243760,389.348976268
1618476606910,-14.351864745,256.751058368,413.950867068
1618476607004,-11.779397841,256.803433344,358.891168121
1618476607098,-10.352475821,256.745416005,321.950781740
1618476607190,-8.977063655,264.211782646,360.003202736
1618476607285,-12.585881251,248.356772195,331.778554125
1618476607380,-8.488530870,276.956143802,353.211055275
1618476607475,-14.555233850,261.873250600,370.922469450
1618476607570,-10.370042592,250.349717539,370.808692940
1618476607665,-8.745058064,262.354005284,376.035599034
1618476607760,-9.597710833,272.948031072,376.195809838
1618476607855,-9.998723005,262.011791130,374.000178314
1618476607950,-7.511767260,274.741590686,378.207810642
1618476608045,-12.056884311,231.774271688,376.573149364
1618476608140,-9.274112429,266.702479812,377.101359927
1618476608235,-7.418423722,269.369982094,379.081208897
1618476608330,-10.959119070,252.143978137,379.866072595
1618476608424,-8.177906782,260.357298484,376.975157835
1618476608517,-8.692847833,256.602592473,379.903253605
1618476608610,-10.262514784,267.809566616,381.102979374
1618476608703,-9.683184532,255.691818519,379.904602948
1618476608796,-7.732465950,271.703770275,381.176993193
1618476608889,-9.337345349,247.651627392,381.813258647
1618476608982,-11.474028382,258.623060945,379.933808644
1618476609075,-8.974033381,250.006266906,379.863990022
1618476609168,-10.472586527,247.402878554,380.794374130
1618476609261,-13.223795206,231.233100643,380.549842620
1618476609354,-9.826066691,265.606012469,383.024287325
1618476609447,-10.255602000,258.639900018,380.964308798
1618476609540,-6.627341107,276.674440060,380.191672390
1618476609639,-8.209957894,279.528346195,380.249954049
1618476609734,-6.337320569,266.118847716,380.092533805
1618476609829,-9.226358446,249.676424488,375.828756397
1618476609924,-12.097632122,240.631522704,381.707095358
1618476610019,-8.477118356,277.061521198,379.212648871
1618476610114,-10.042004401,253.378656788,378.854498831
1618476610209,-8.683058069,257.692986222,377.904620607
1618476610304,-10.635646049,255.130764902,381.911241024
1618476610399,-13.165690777,250.236599156,380.837227779
1618476610494,-10.161021523,282.980199963,380.256787321
1618476610589,-9.187570045,251.034577030,379.834172649
1618476610684,-9.283901440,275.845588772,387.239628879
1618476610779,-9.106296043,272.252011696,379.124793111
1618476610878,-8.734838203,246.981378812,377.757754395
1618476610972,-8.031513462,280.176012100,380.274871289
1618476611066,-8.777389985,272.288964386,380.170720187
1618476611160,-11.117956640,260.910847861,379.983529024
1618476611254,-10.078809923,261.272308914,379.988995310
1618476611348,-8.755966329,271.486779625,381.173711698
1618476611442,-8.587839174,280.039180999,381.197188276
1618476611536,-9.451747441,246.595296167,378.797284014
1618476611630,-8.980072723,275.417494189,379.142418411
1618476611724,-6.791668922,272.157119878,380.168726336
1618476611818,-10.282285283,261.393520037,381.960582855
1618476611912,-9.868747661,266.211917914,383.018327532
1618476612006,-9.245122252,258.736664723,380.965772146
1618476612096,-7.387640402,267.654219746,380.085507352
1618476612191,-7.154102113,287.277586066,380.397389367
1618476612286,-10.557157409,229.155002157,379.503293306
1618476612381,-3.447115738,284.572046004,378.356474161
1618476612476,-5.861029298,281.750176902,377.298676990
1618476612571,-7.036165699,269.899559928,378.134585821
1618476612666,-9.957251980,244.927722143,378.726697458
1618476612761,-12.070606081,261.348059051,379.990140860
1618476612856,-6.460665978,277.213434163,377.214946213
1618476612951,-9.900830246,243.448691987,379.734575955
1618476613046,-6.882383118,264.086014985,382.016423533
1618476613141,-8.902376196,264.901408976,378.013631783
1618476613236,-3.840591224,272.705396016,381.161895029
1618476613330,-6.930003504,269.879808107,380.149409869
1618476613424,-12.960533485,242.897422385,380.726239243
1618476613518,-10.429883426,261.030673213,378.939972863
1618476613612,-7.324936857,258.999696910,378.954627166
1618476613706,-6.159389982,295.462256306,380.536286840
1618476613800,-12.874235937,236.460754669,378.598653625
1618476613894,-10.923185809,251.475767754,379.871090166
1618476613988,-8.609187463,265.608565907,380.054571440
1618476614082,-11.372140271,250.330348627,381.808400028
1618476614176,-8.173109505,266.635089879,380.115463556
1618476614270,-7.006820195,282.404017269,380.278319354
1618476614364,-9.297651550,259.251635680,379.958437173
1618476614458,-13.666968120,247.608056937,382.767231492
1618476614549,-7.662982959,264.111845416,380.047059661
1618476614643,-12.854874848,252.106516721,379.880628825
1618476614737,-5.822395262,258.406416835,378.885164139
1618476614831,-5.538948516,275.490612678,380.204015164
1618476614925,-6.233785858,297.775322298,379.525898509
1618476615019,-5.031839610,272.939504857,381.135189898
1618476615113,-14.003074833,227.037625514,379.441027248
1618476615207,-5.498095895,296.334816692,380.488991352
1618476615301,-10.136196546,258.742429771,379.980982080
1618476615395,-7.033030127,261.695016462,378.995387810
1618476615489,-8.831094398,257.326093400,379.883949428
1618476615583,-8.010603899,278.369080456,378.277791013
1618476615677,-11.058390446,243.993860552,379.712574903
1618476615767,-10.465026560,238.239187715,378.655793924
1618476615861,-8.808980523,275.997273284,377.166309016
1618476615955,-8.396695917,276.804101446,376.223878727
1618476616049,-7.202564372,259.129622733,374.971714752
1618476616143,-11.668617841,235.359328492,375.627365283
