1618477987633,-94.038437657,224.241330045,233.199540236
1618477987727,-92.321946559,178.766468091,237.671311330
1618477987821,-95.802501350,265.588940016,231.974731297
1618477987915,-92.933009009,241.036485839,232.652231719
1618477988009,-89.941257699,238.800680035,231.695052888
1618477988103,-92.897259313,243.392449603,232.466645415
1618477988197,-89.783524568,261.432011898,233.876217710
1618477988291,-91.860747519,248.862589768,233.277102852
1618477988385,-89.895369202,243.675623172,230.456833336
1618477988479,-91.984168572,230.371839883,234.917814792
1618477988573,-93.034594843,222.817054536,232.179591150
1618477988667,-92.744881718,265.221423605,230.675612260
1618477988761,-91.230474955,192.470601356,236.196457586
1618477988855,-93.402840555,167.647055707,235.091253856
1618477988949,-92.044390455,225.349491188,233.230442812
1618477989043,-93.848260830,252.733326017,231.212281087
1618477989137,-90.738586034,266.164633082,234.642929672
1618477989231,-86.761645092,264.709960967,231.762635453
1618477989325,-95.894417919,251.818142938,232.451894969
1618477989419,-92.031396382,223.296242904,236.162987080
1618477989513,-92.130499925,209.448704560,237.677460271
1618477989607,-93.760956643,264.813103316,231.759061529
1618477989701,-92.106682645,208.016972319,232.553818354
1618477989795,-93.853621560,249.930189900,232.240110077
1618477989887,-88.994373950,229.842886092,232.970793657
1618477989981,-91.962470174,233.622660025,233.805172563
1618477990075,-94.252328158,191.196588428,234.309903454
1618477990169,-90.908916961,240.645919014,233.527163404
1618477990263,-93.808928604,258.626018919,233.008096902
1618477990357,-95.144505728,207.350377000,233.750168167
1618477990451,-92.174350143,203.879133212,233.905098567
1618477990545,-92.950579505,237.404101591,232.743444894
1618477990639,-92.320727947,179.949038640,233.664985186
1618477990733,-93.930105805,238.471439431,231.637160401
1618477990827,-95.227391189,200.932606379,234.180448926
1618477990921,-90.745304380,265.158100951,230.677806416
1618477991015,-93.015273378,226.711766268,233.079288221
1618477991106,-94.199101804,199.170877986,234.033591106
1618477991200,-88.778416218,259.197336932,232.849698889
1618477991294,-93.125241777,211.236472067,232.650163809
1618477991388,-90.938321988,238.240503645,232.679812823
1618477991482,-92.756994527,266.406701415,229.738493116
1618477991576,-92.022176430,224.677561789,232.115123824
1618477991670,-94.884621883,247.285769704,232.401041110
1618477991764,-91.766882885,259.925242998,230.789826247
1618477991858,-93.836773278,252.454373117,233.152646111
1618477991952,-91.790499483,260.387041077,230.912426371
1618477992046,-92.788921773,261.623411088,233.904236054
1618477992140,-94.214940163,195.797999692,232.115812295
1618477992234,-93.219194158,196.160672785,235.137895930
1618477992323,-94.990015634,234.495842126,232.948168467
1618477992417,-91.238890540,192.209791542,232.240145155
1618477992511,-90.995555060,230.665933924,230.976925121
1618477992605,-92.966902246,232.958653968,231.828180641
1618477992699,-97.016387597,226.544835778,231.085072430
1618477992793,-94.958934862,236.152314949,231.786819806
1618477992887,-91.044722112,221.299802928,235.232164530
1618477992981,-94.084477454,216.343719412,231.438545226
1618477993075,-92.049502754,222.583574522,232.256982133
1618477993169,-92.910611544,241.392039251,231.535960440
1618477993263,-91.447473299,309.778689502,229.131685030
1618477993357,-92.959424761,234.078919126,229.789363001
1618477993451,-90.790405104,256.401180786,230.911936424
1618477993539,-92.601032685,134.954219482,236.120122604
1618477993633,-93.083375747,218.508775490,236.432825966
1618477993727,-92.892916486,243.043085297,233.444100625
1618477993821,-94.396344887,174.620226500,237.057533095
1618477993915,-92.907653775,240.835167567,234.520605865
1618477994009,-96.258884879,193.214270785,232.343941157
1618477994103,-92.045099987,220.243190202,235.234126184
1618477994197,-93.174686646,200.828718917,230.906845442
1618477994291,-96.101645459,213.771635648,234.527668965
1618477994385,-93.188542801,201.752811276,231.978776479
1618477994479,-93.030146902,224.483438154,232.156500689
1618477994573,-92.122930263,207.582779575,235.638164114
1618477994667,-94.120144108,212.000196946,232.623700434
1618477994760,-96.776728118,265.450245568,231.840935503
1618477994854,-92.983368882,228.491648122,236.913663388
1618477994948,-93.121834553,211.746937151,233.632475988
1618477995042,-95.132954704,208.080933447,233.690203688
1618477995136,-93.307995360,182.856615024,234.598886896
1618477995230,-92.967431251,233.879399282,233.830926847
1618477995324,-99.005307995,230.204764472,233.027555232
1618477995418,-93.149840223,207.551171230,238.777860969
1618477995512,-93.008302404,229.756146771,235.043100016
1618477995606,-94.155822555,206.654907519,234.808916868
1618477995700,-92.930296035,238.442939512,231.638147935
1618477995794,-92.007303905,223.905740396,232.037916537
1618477995888,-94.049639376,220.563106073,235.257691373
1618477995980,-91.933602311,235.947598257,232.655311709
1618477996074,-94.016629691,225.508565610,236.086329206
1618477996168,-89.041729341,220.748175149,237.216628252
1618477996262,-91.951221781,236.307876771,232.746779123
1618477996356,-92.119452602,209.103797242,237.620110642
1618477996450,-92.977515830,231.368543383,237.883278614
1618477996544,-89.892982886,246.033137236,237.444445330
1618477996638,-91.717240420,266.362599725,240.532118838
1618477996732,-92.095338433,212.716544544,242.494927491
1618477996826,-96.247717202,192.887394701,255.285966738
1618477996920,-89.004993027,228.251952408,267.025920151
1618477997014,-90.968065385,232.784394299,294.834218808
1618477997108,-91.677479853,278.319465946,313.325711021
1618477997199,-90.140454903,206.957265210,302.729139245
1618477997293,-87.026301283,226.059582741,219.136537047
1618477997387,-88.095910420,210.630850235,152.497896833
1618477997481,-86.023110798,219.537576303,171.119974377
1618477997575,-81.075622865,212.670300242,197.392578665
1618477997669,-77.872753914,244.063810403,246.339431283
1618477997763,-66.798394430,258.204232462,202.953411166
1618477997857,-48.113997796,216.921027875,167.591793271
1618477997951,-17.791721098,298.204020609,177.918768104
1618477998045,-10.824016165,381.365623971,216.086420498
1618477998139,-91.936757213,496.474935746,225.671689656
1618477998233,-116.989355665,481.594717735,229.944742387
1618477998327,-218.883689611,320.425441293,229.396201433
1618477998418,-157.259860853,121.068051851,233.349007702
1618477998512,-118.084725903,142.306497208,232.439834990
1618477998606,-12.062022762,218.707846357,231.321976871
1618477998700,-55.131065921,405.363907946,232.680398507
1618477998794,-131.957422910,257.378833297,232.778970854
1618477998888,-113.932704987,257.082034022,230.650653456
1618477998982,-117.802709098,269.557815497,230.975809775
1618477999076,-113.079255679,217.126037673,233.411437583
1618477999170,-106.176788311,202.513850647,231.917755755
1618477999264,-102.112163471,213.195843567,234.582270796
1618477999358,-98.314341430,181.905856676,235.631831056
1618477999452,-96.838588682,251.182392211,231.162070359
1618477999546,-96.004032269,228.395891738,231.020932595
1618477999634,-96.849174892,249.596382720,232.217026227
1618477999728,-97.033586269,220.968157557,234.174355370
1618477999822,-95.154308638,204.881720227,233.801057716
1618477999916,-91.923767678,238.421007708,229.604257478
1618478000010,-93.965805044,237.123035020,231.822484771
1618478000104,-93.848087501,253.759293986,231.211381286
1618478000198,-92.872201730,246.146537720,232.336564748
1618478000292,-95.004253485,225.362749565,234.022080985
1618478000386,-94.155884142,203.645680765,239.809236579
1618478000480,-94.143640779,206.479962337,233.745677982
1618478000574,-94.939214687,238.106760896,232.684447063
1618478000668,-92.002831106,229.575848183,233.014697031
1618478000762,-97.072590127,217.124660248,234.376834908
1618478000854,-92.985024067,229.243670891,233.922255899
1618478000948,-96.152894345,207.093607404,236.793715740
1618478001042,-91.885802268,246.108926236,234.407168807
1618478001136,-92.988364380,232.743230425,230.939596363
1618478001230,-94.175948814,203.639622842,232.913397698
1618478001324,-94.060622880,216.917574636,230.314709701
1618478001418,-92.001167549,229.825079561,231.006061064
1618478001512,-97.216555684,196.555964871,237.124198899
1618478001606,-94.742021990,266.649863470,233.660766646
1618478001700,-94.747814061,266.782104448,234.690834846
1618478001794,-94.009644995,228.555001943,234.050069765
1618478001888,-93.205602454,198.196960683,241.067337733
1618478001982,-91.878578516,246.191177601,230.369668361
1618478002071,-91.994424900,227.835252811,232.971058153
1618478002165,-90.517397268,148.484347415,236.685948618
1618478002259,-96.867892940,249.792073949,231.314196657
1618478002353,-94.898013965,241.279388808,232.470563017
1618478002447,-93.949804046,236.520279573,232.739419280
1618478002541,-95.010374221,226.445750389,233.053855376
1618478002635,-92.772208505,263.127366953,231.817472974
1618478002729,-91.745474393,265.132629935,229.678688997
1618478002823,-91.848273426,249.731438972,229.212346474
1618478002917,-92.762065792,263.646932344,231.764819421
1618478003011,-95.014380398,223.845551239,230.074652518
1618478003105,-97.179155483,203.159204670,230.930044381
1618478003199,-93.076954242,217.470835295,234.399490206
1618478003292,-94.068572149,216.726627504,231.355976499
1618478003386,-92.627417684,281.819702177,233.065824812
1618478003480,-94.135454383,206.706435335,234.703180199
1618478003574,-92.990484424,229.425608773,233.950602081
1618478003668,-91.953744883,232.929869618,232.759877223
1618478003762,-91.018738183,222.192674548,231.097274959
1618478003856,-95.050541519,221.427948297,237.262374645
1618478003950,-94.129378717,210.616682227,233.671639777
1618478004044,-92.080754726,217.901452774,235.419219540
1618478004138,-93.970551213,234.411971391,233.847123412
1618478004232,-93.113425520,213.006765302,231.588822434
1618478004326,-93.980680567,232.894407299,230.899707620
1618478004420,-94.024497833,226.329772896,232.127174849
1618478004511,-94.981097956,230.831874743,232.901874398
1618478004605,-92.707476338,273.825439371,229.481430854
1618478004699,-93.093531810,210.987209988,235.485548824
1618478004793,-93.119290225,212.128124384,231.619267696
1618478004887,-95.904714044,242.275593430,232.505344931
1618478004981,-94.765347994,259.155197960,229.781858215
1618478005075,-93.191748797,199.272493982,234.995419667
1618478005169,-96.965916978,234.106265204,230.823065852
1618478005263,-94.902866356,241.552411239,233.495753083
1618478005357,-93.855010644,247.722079490,236.247321187
1618478005451,-96.836919261,251.432502169,232.153403948
1618478005545,-92.998361769,229.245437231,232.991495501
1618478005639,-95.171391772,201.322351789,231.889740864
1618478005730,-94.841252171,253.783352389,232.175897250
1618478005824,-96.162005737,202.728552903,235.841015429
1618478005918,-96.968112615,232.777318398,233.834463991
1618478006012,-96.994822372,226.775704117,231.973121540
