1610679342413,0.775134
1610679342507,0.845895
1610679342601,-1.602071
1610679342695,-0.071332
1610679342789,1.494107
1610679342883,-1.266506
1610679342977,-0.596334
1610679343071,1.725257
1610679343165,-0.823113
1610679343256,-1.056077
1610679343350,1.457523
1610679343444,0.001964
1610679343538,-1.420278
1610679343632,-0.720662
1610679343726,0.828833
1610679343820,-1.599783
1610679343914,0.825722
1610679344008,1.198592
1610679344102,-1.616674
1610679344196,0.049710
1610679344290,1.599669
1610679344384,-1.281934
1610679344477,-0.582915
1610679344571,1.632123
1610679344665,-0.505683
1610679344759,-1.559374
1610679344853,1.704557
1610679344947,-0.067307
1610679345041,-1.369075
1610679345135,1.408352
1610679345229,0.530963
1610679345323,-1.562358
1610679345417,0.611169
1610679345511,1.125863
1610679345605,-1.559861
1610679345694,0.139448
1610679345788,1.564802
1610679345882,-1.302280
1610679345976,-0.493125
1610679346070,1.669473
1610679346164,-0.788590
1610679346258,-1.038691
1610679346352,1.633982
1610679346446,-0.153175
1610679346540,-1.584138
1610679346634,1.283410
1610679346728,0.389692
1610679346822,-1.635175
1610679346915,0.825460
1610679347009,0.123803
1610679347103,-1.669706
1610679347197,0.173528
1610679347291,1.439837
1610679347385,-1.317835
1610679347479,-0.512821
1610679347573,1.563242
1610679347667,-0.769930
1610679347761,-1.056144
1610679347855,1.672248
1610679347949,-0.101799
1610679348043,-1.617956
1610679348132,1.545662
1610679348226,0.579735
1610679348320,-1.614551
1610679348414,0.967801
1610679348508,1.146435
1610679348602,-1.669384
1610679348696,0.104499
1610679348790,1.584309
1610679348884,-1.353858
1610679348978,-0.614371
1610679349072,1.599017
1610679349166,-0.910150
1610679349260,1.531651
1610679349350,1.354239
1610679349444,-0.309430
1610679349538,-1.978723
1610679349632,0.567187
1610679349726,-0.528808
1610679349820,-1.756031
1610679349914,1.379630
1610679350008,1.369945
1610679350102,4.437813
1610679350196,5.335542
1610679350290,9.842239
1610679350384,6.336583
1610679350478,1.315133
1610679350569,0.906126
1610679350663,-1.344387
1610679350757,-1.737050
1610679350851,1.319596
1610679350945,-0.192736
1610679351039,-1.867802
1610679351133,0.989363
1610679351227,0.887885
1610679351321,-1.725539
1610679351415,0.429772
1610679351509,-0.610676
1610679351603,-1.566109
1610679351697,-0.433607
1610679351788,1.598545
1610679351882,-0.911017
1610679351976,-0.923985
1610679352070,1.647086
1610679352164,-0.403959
1610679352258,-1.195900
1610679352352,1.315412
1610679352446,0.265410
1610679352540,-1.719633
1610679352634,-1.493673
1610679352728,1.056271
1610679352822,-1.545934
1610679352916,0.313981
1610679353009,1.283522
1610679353103,-1.440484
1610679353197,-0.353363
1610679353291,1.527911
1610679353385,-0.683515
1610679353479,-1.072869
1610679353573,1.724252
1610679353667,-0.068837
1610679353761,-1.338092
1610679353855,1.319237
1610679353949,0.564742
1610679354043,-1.510945
1610679354137,0.773994
1610679354228,1.107985
1610679354322,-1.512191
1610679354416,-0.159615
1610679354510,1.706072
1610679354604,-1.035970
1610679354698,-0.830566
1610679354792,1.882607
1610679354886,-0.266152
1610679354980,-1.390419
1610679355074,1.565200
1610679355168,0.283425
1610679355262,-1.739478
1610679355356,0.771534
1610679355444,1.043866
1610679355538,-1.599138
1610679355632,0.192518
1610679355726,1.513045
1610679355820,-1.212536
1610679355914,-0.475958
1610679356008,0.844006
1610679356102,-0.629650
1610679356196,-1.214140
1610679356290,1.529485
1610679356384,0.267479
1610679356478,-1.548947
1610679356572,1.157755
1610679356665,0.882540
1610679356759,-1.738714
1610679356853,0.384196
1610679356947,1.532042
1610679357041,-1.423721
1610679357135,1.564592
1610679357229,1.636292
1610679357323,-0.875051
1610679357417,-1.055439
1610679357511,1.634245
1610679357605,0.056053
1610679357699,-1.743101
1610679357793,1.387878
1610679357884,0.547634
1610679357978,-1.619785
1610679358072,0.526846
1610679358166,1.354598
1610679358260,1.566661
1610679358354,-0.247381
1610679358448,1.796446
1610679358542,-0.858257
1610679358636,-0.913036
1610679358730,1.551721
1610679358824,-0.278237
1610679358918,-1.373418
1610679359012,1.318578
1610679359103,0.494287
1610679359197,-1.600938
1610679359291,0.791851
1610679359385,0.881580
1610679359479,-1.615698
1610679359573,-0.034770
1610679359667,1.705653
