1610678718313,-0.000753
1610678718404,-0.174335
1610678718498,-4.208994
1610678718592,-0.014803
1610678718686,0.100286
1610678718780,-0.092724
1610678718874,-0.000155
1610678718968,-0.001350
1610678719062,0.052855
1610678719156,-0.014206
1610678719250,-0.138362
1610678719344,0.068003
1610678719438,-0.039713
1610678719532,-0.114647
1610678719621,-0.024468
1610678719715,-0.137765
1610678719809,-0.092126
1610678719903,-0.014803
1610678719997,0.007120
1610678720091,-0.069606
1610678720185,0.040598
1610678720279,-0.000753
1610678720373,-0.061039
1610678720467,-0.069009
1610678720561,0.052855
1610678720655,0.046080
1610678720749,0.001040
1610678720840,0.045483
1610678720934,0.008315
1610678721028,-0.185793
1610678721122,-0.061636
1610678721216,-0.069009
1610678721310,-0.025066
1610678721404,-0.070204
1610678721498,-0.092126
1610678721592,-0.014206
1610678721686,0.007717
1610678721780,0.030238
1610678721874,0.005925
1610678721968,0.029640
1610678722058,-0.040311
1610678722152,0.006522
1610678722246,0.052855
1610678722340,-0.038518
1610678722434,-0.000753
1610678722528,0.007120
1610678722622,-0.137765
1610678722716,-0.092724
1610678722810,-0.039116
1610678722904,-0.116342
1610678722998,0.051563
1610678723092,0.007120
1610678723186,-0.115842
1610678723278,-0.038518
1610678723372,-0.039116
1610678723466,-0.069009
1610678723560,-0.023871
1610678723654,-0.015998
1610678723748,-0.036726
1610678723842,0.007717
1610678723936,0.046080
1610678724030,0.022365
1610678724124,-0.039713
1610678724218,0.045483
1610678724312,-0.068911
1610678724406,-0.115842
1610678724500,-0.015998
1610678724594,0.009510
1610678724688,-0.015998
1610678724782,-0.015401
1610678724876,-0.067814
1610678724970,-0.068411
1610678725064,-5.299137
1610678725158,-0.505649
1610678725252,-1.097533
1610678725346,-3.413957
1610678725440,-9.940259
1610678725534,3.291783
1610678725628,1.545028
1610678725725,-0.142830
1610678725819,-1.965768
1610678725913,1.435464
1610678726007,2.919543
1610678726101,0.609994
1610678726195,-0.053157
1610678726289,3.507210
1610678726383,0.112095
1610678726477,0.203117
1610678726571,0.002463
1610678726665,0.011715
1610678726759,0.037426
1610678726853,0.010107
1610678726944,0.033823
1610678727039,-0.013608
1610678727134,0.047275
1610678727229,-0.084156
1610678727324,-0.061636
1610678727419,-0.037921
1610678727514,-0.015401
1610678727609,-0.115842
1610678727704,0.008912
1610678727799,0.023560
1610678727894,0.000442
1610678727989,0.008315
1610678728084,0.007717
1610678728177,-0.085949
1610678728271,-0.037921
1610678728365,-0.000155
1610678728459,-0.115842
1610678728553,-0.008028
1610678728647,-0.039116
1610678728741,0.014492
1610678728835,-0.014206
1610678728929,-0.015998
1610678729023,0.022365
1610678729117,-0.068911
1610678729211,4.646745
1610678729305,3.256667
1610678729395,-0.108469
1610678729490,0.007120
1610678729585,-0.062831
1610678729680,0.001040
1610678729775,0.083248
1610678729870,-0.138960
1610678729965,0.021767
1610678730060,-0.040311
1610678730155,0.022365
1610678730250,0.007120
1610678730345,-0.000155
1610678730440,-0.046989
1610678730535,-0.068411
1610678730630,-0.064826
1610678730724,-0.090334
1610678730818,0.138649
1610678730912,0.047275
1610678731006,-0.085351
1610678731100,-0.085351
1610678731194,0.007717
1610678731288,0.037610
1610678731382,0.091718
1610678731476,0.054050
1610678731570,0.007120
1610678731664,-0.108469
1610678731758,0.022365
1610678731851,-0.137167
1610678731946,0.069796
1610678732041,-0.015998
1610678732136,0.061325
1610678732231,0.200130
1610678732326,-0.138960
1610678732421,0.113836
1610678732516,-0.016595
