1618476774892,-7.580446678,262.105288028,379.005736224
1618476774986,-9.580442331,263.105278759,382.005736284
1618476775080,-9.580447151,260.105289036,380.005736218
1618476775174,-85.064009650,423.076597151,378.973708527
1618476775268,-11.580437428,261.105268302,380.005736351
1618476775362,-10.580435877,261.105264995,382.005736372
1618476775456,-6.580438846,259.105271326,380.005736331
1618476775550,-109.424257066,476.158202015,375.626977706
1618476775644,-13.580449002,259.105292983,380.005736193
1618476775739,-8.580444226,261.105282800,378.005736258
1618476775832,-5.580439924,261.105273624,377.005736317
1618476775925,-6.580449947,259.105295000,379.005736180
1618476776018,-9.580440052,261.105273898,380.005736315
1618476776111,-5.580431919,259.105256555,379.005736426
1618476776204,-9.580438095,264.105269724,380.005736342
1618476776297,-8.580442504,262.105279126,381.005736281
1618476776390,-8.580449368,263.105293765,378.005736188
1618476776483,-9.580444054,262.105282432,379.005736260
1618476776576,-10.580432781,263.105258391,381.005736414
1618476776669,-10.580442976,260.105280134,382.005736275
1618476776762,-5.580433965,263.105260916,378.005736398
1618476776855,-8.580437945,258.105269404,377.005736344
1618476776950,-7.580435577,262.105264355,380.005736376
1618476777044,-9.580446011,259.105286606,379.005736233
1618476777138,-7.580442676,261.105279493,380.005736279
1618476777232,-8.580437362,260.105268161,381.005736352
1618476777326,-9.580432953,262.105258759,380.005736412
1618476777420,-8.580438502,261.105270591,382.005736336
1618476777514,-8.580446506,263.105287661,380.005736227
1618476777608,-9.580445194,263.105284863,380.005736245
1618476777702,-6.580440891,263.105275687,379.005736303
1618476777796,-7.580437534,259.105268528,380.005736349
1618476777890,-9.580437772,259.105269037,378.005736346
1618476777984,-9.580447151,260.105289036,380.005736218
1618476778078,-10.580434503,262.105262065,378.005736391
1618476778171,-8.580448463,260.105291834,380.005736200
1618476778265,-9.580432719,264.105258259,377.005736415
1618476778359,-7.580448635,259.105292202,379.005736198
1618476778453,-5.580446440,262.105287520,381.005736228
1618476778547,-7.580450915,261.105297063,381.005736166
1618476778641,-6.580431747,260.105256187,380.005736428
1618476778735,-9.580434910,259.105262932,380.005736385
1618476778829,-7.580447818,263.105290459,380.005736209
1618476778923,-8.580449603,261.105294265,381.005736184
1618476779017,-9.580433858,265.105260690,378.005736400
1618476779111,-5.580433059,260.105258985,380.005736411
1618476779205,-9.580450336,265.105295828,380.005736174
1618476779299,-9.580445777,261.105286106,376.005736237
1618476779396,-9.580436050,260.105265363,381.005736370
1618476779490,-8.580448463,260.105291834,380.005736200
1618476779584,-7.580440953,262.105275820,383.005736303
1618476779678,-9.580435815,262.105264863,378.005736373
1618476779772,-7.580437534,259.105268528,380.005736349
1618476779866,-9.580440052,261.105273898,380.005736315
1618476779960,-4.580447518,264.105289818,378.005736213
1618476780054,-9.580434910,259.105262932,380.005736385
1618476780148,-5.580444160,260.105282659,379.005736259
1618476780242,-9.580449196,264.105293398,379.005736190
1618476780336,-7.580449541,262.105294133,377.005736185
1618476780430,-8.580433360,259.105259626,382.005736406
1618476780524,-8.580434265,262.105261557,380.005736394
1618476780616,-12.580432202,267.105257157,380.005736422
1618476780711,-8.580449603,261.105294265,381.005736184
1618476780806,-11.580447389,260.105289545,378.005736215
1618476780901,-9.580435815,262.105264863,378.005736373
1618476780996,-9.580444054,262.105282432,379.005736260
1618476781091,-10.580445839,260.105286238,380.005736236
1618476781186,-9.580434327,261.105261689,384.005736393
1618476781281,-8.580443992,263.105282300,375.005736261
1618476781376,-11.580437428,261.105268302,380.005736351
1618476781471,-8.580440224,260.105274265,379.005736313
1618476781566,-9.580432953,262.105258759,380.005736412
1618476781661,-9.580443149,259.105280502,381.005736273
1618476781756,-8.580436222,259.105265730,380.005736367
1618476781850,-9.580431813,261.105256328,379.005736428
1618476781944,-9.580438912,260.105271467,379.005736330
1618476782038,-9.580438912,260.105271467,379.005736330
1618476782132,-9.580443149,259.105280502,381.005736273
1618476782226,84.526233364,59.419537551,382.292383230
1618476782320,-8.580436222,259.105265730,380.005736367
1618476782414,-6.580432887,261.105258618,381.005736413
1618476782508,65.640887196,109.355864484,379.965817580
1618476782602,-7.580434437,261.105261924,379.005736392
1618476782696,-10.580438740,261.105271100,380.005736333
1618476782790,-8.580431986,260.105256696,378.005736425
1618476782884,-9.580450013,260.105295141,378.005736179
1618476782978,-9.580442914,261.105280002,378.005736276
1618476783068,-9.580433858,265.105260690,378.005736400
1618476783163,-8.580443087,260.105280369,377.005736273
1618476783258,-10.580433364,261.105259635,377.005736406
1618476783353,-9.580443497,259.105281245,374.005736268
1618476783448,-11.580436054,262.105265372,376.005736370
1618476783543,-9.580448639,261.105292211,374.005736197
1618476783638,70.258577008,88.845808270,371.097312728
1618476783733,-9.580448405,263.105291711,371.005736201
1618476783828,-9.580432162,261.105257072,372.005736423
1618476783923,-9.580438584,261.105270768,354.005736335
1618476784018,-9.580446032,260.105286651,347.005736233
1618476784113,-8.580432938,259.105258727,335.005736412
1618476784208,-9.580432672,259.105258161,314.005736416
1618476784303,-10.580441322,258.105276606,312.005736298
1618476784397,-9.580432766,260.105258360,336.005736415
1618476784491,-9.580436071,261.105265407,349.005736369
1618476784585,-9.580442030,259.105278116,348.005736288
1618476784679,-10.580446281,261.105287182,395.005736230
1618476784773,-11.580439921,260.105273618,417.005736317
1618476784867,-9.580438449,258.105270479,396.005736337
1618476784961,-12.580436465,261.105266248,373.005736364
1618476785055,-11.580448550,262.105292020,347.005736199
1618476785149,-10.580432828,259.105258492,340.005736414
1618476785243,-14.580448871,262.105292705,317.005736194
1618476785337,-14.580441122,259.105276180,290.005736300
1618476785431,-14.580437120,258.105267645,291.005736355
1618476785522,-15.580433174,262.105259231,273.005736409
1618476785616,-21.580437709,264.105268902,349.005736347
1618476785710,-19.580443482,261.105281212,436.005736268
1618476785804,-25.580437306,265.105268042,442.005736352
1618476785898,-26.580449822,262.105294733,481.005736181
1618476785992,-26.580433225,266.105259339,466.005736408
1618476786086,-30.580449389,265.105293808,456.005736187
1618476786180,-49.580436087,279.105265441,446.005736369
1618476786274,-45.580448667,310.105292269,429.005736197
1618476786368,-11.580447650,392.105290100,419.005736211
1618476786462,2.419564631,389.105263911,408.005736379
1618476786556,-10.580448565,291.105292052,400.005736199
1618476786650,-94.580450511,320.105296202,394.005736172
1618476786742,-43.580432041,413.105256814,391.005736424
1618476786836,37.419558389,385.105277221,388.005736294
1618476786930,50.419563667,271.105265968,388.005736366
1618476787024,31.419551965,239.105290923,386.005736206
1618476787118,-17.580435308,222.105263781,387.005736380
1618476787212,-35.580443537,244.105281330,384.005736267
1618476787306,-59.580441995,253.105278042,386.005736288
1618476787400,-94.580451032,306.105297313,382.005736165
1618476787494,-116.580436811,367.105266986,380.005736359
1618476787588,-174.580437706,462.105268894,382.005736347
1618476787682,-102.580439052,602.105271766,381.005736329
1618476787776,-10.580433484,526.105259891,380.005736405
1618476787870,-10.580438768,491.105271159,381.005736332
1618476787961,6.419564780,518.105263594,380.005736381
1618476788055,67.419558319,426.105277371,381.005736293
1618476788149,56.419551166,377.105292625,386.005736195
1618476788243,57.419563063,361.105267255,380.005736357
1618476788337,64.419553649,331.105287331,380.005736229
1618476788431,60.419564626,303.105263922,381.005736379
1618476788525,52.419563146,283.105267079,384.005736359
1618476788619,37.419568045,279.105256631,380.005736426
1618476788713,32.419567917,266.105256904,379.005736424
1618476788807,22.419551501,263.105291910,380.005736199
1618476788901,20.419565549,258.105261953,379.005736391
1618476788995,13.419566494,258.105259937,380.005736404
1618476789089,8.419565956,257.105261086,380.005736397
1618476789180,6.419556339,258.105281595,380.005736266
1618476789274,4.419566062,259.105260860,380.005736398
1618476789368,4.419551864,257.105291138,380.005736204
1618476789462,1.419558897,259.105276140,379.005736301
1618476789556,0.419551736,257.105291411,383.005736203
1618476789650,-0.580434477,258.105262009,380.005736391
1618476789744,-0.580438479,259.105270544,379.005736336
1618476789838,-3.580448158,259.105291185,383.005736204
1618476789932,-3.580451021,259.105297289,381.005736165
1618476790026,-2.580435855,259.105264948,379.005736372
1618476790120,-6.580434932,265.105262979,380.005736385
1618476790214,-3.580435917,258.105265081,383.005736371
1618476790308,-4.580445472,260.105285457,379.005736241
1618476790398,-3.580450115,256.105295358,383.005736177
1618476790492,-6.580435166,263.105263479,383.005736382
1618476790586,-4.580435511,261.105264214,381.005736377
1618476790680,-5.580440158,259.105274124,380.005736313
1618476790774,-5.580447257,258.105289263,380.005736216
1618476790868,-7.580434437,261.105261924,379.005736392
1618476790962,-8.580433125,261.105259126,379.005736410
1618476791056,-98.012677569,444.557544812,378.810343739
1618476791150,-9.580440052,261.105273898,380.005736315
1618476791244,-6.580444222,259.105282791,383.005736258
1618476791338,-5.580433059,260.105258985,380.005736411
1618476791432,-7.580445773,259.105286097,381.005736237
1618476791526,-7.580445538,261.105285598,378.005736240
1618476791617,-9.580438912,260.105271467,379.005736330
1618476791711,-6.580446850,261.105288396,378.005736222
1618476791805,-8.580448463,260.105291834,380.005736200
1618476791899,-6.580443988,261.105282291,380.005736261
1618476791993,-9.580434910,259.105262932,380.005736385
1618476792087,-8.580444226,261.105282800,378.005736258
1618476792181,-9.580432631,257.105258071,378.005736416
1618476792275,-8.580436222,259.105265730,380.005736367
1618476792369,-7.580449775,260.105294632,380.005736182
1618476792463,-9.580441192,262.105276328,381.005736299
1618476792557,-6.580449947,259.105295000,379.005736180
1618476792651,-8.580446506,263.105287661,380.005736227
1618476792745,-6.580441709,259.105277430,378.005736292
1618476792835,-3.580443922,260.105282150,381.005736262
1618476792929,-7.580449775,260.105294632,380.005736182
1618476793023,-8.580441364,261.105276696,380.005736297
1618476793117,-11.580440525,259.105274906,381.005736308
1618476793211,-6.580447990,262.105290826,379.005736206
1618476793305,-10.580437600,260.105268669,379.005736348
1618476793399,-10.580439880,262.105273530,381.005736317
1618476793493,-7.580449775,260.105294632,380.005736182
1618476793587,-7.580439579,263.105272890,379.005736321
1618476793681,-6.580439637,260.105273013,388.005736321
1618476793775,-9.580432953,262.105258759,380.005736412
1618476793869,-7.580435577,262.105264355,380.005736376
1618476793963,-8.580441364,261.105276696,380.005736297
1618476794053,-7.580433298,260.105259494,378.005736407
1618476794147,-6.580449364,261.105293756,383.005736188
1618476794241,-7.580435577,262.105264355,380.005736376
1618476794335,-6.580438846,259.105271326,380.005736331
1618476794429,-7.580434437,261.105261924,379.005736392
1618476794523,-6.580436889,262.105267153,380.005736358
1618476794617,-14.580449969,261.105295047,382.005736179
1618476794711,-90.843174574,433.268331671,378.908366744
1618476794805,-9.580443149,259.105280502,381.005736273
1618476794899,-9.580440052,261.105273898,380.005736315
1618476794993,-7.580438440,262.105270459,378.005736337
1618476795087,-8.580444783,264.105283987,383.005736250
1618476795181,-9.580438329,262.105270224,383.005736338
1618476795272,-9.580443149,259.105280502,381.005736273
1618476795366,-9.580431813,261.105256328,379.005736428
1618476795460,-8.580441364,261.105276696,380.005736297
1618476795554,-9.580448874,259.105292710,377.005736194
1618476795648,-9.580445194,263.105284863,380.005736245
1618476795742,-7.580438117,257.105269771,376.005736341
1618476795836,-7.580438440,262.105270459,378.005736337
1618476795930,-8.580436222,259.105265730,380.005736367
1618476796024,-9.580440052,261.105273898,380.005736315
1618476796118,-11.580449669,262.105294406,380.005736183
1618476796212,-9.580435232,264.105263620,382.005736381
1618476796306,-9.580450248,258.105295640,381.005736176
1618476796400,-9.580434910,259.105262932,380.005736385
1618476796495,-9.580434910,259.105262932,380.005736385
1618476796589,-8.580448463,260.105291834,380.005736200
1618476796683,-7.580440397,259.105274632,378.005736310
1618476796777,-8.580436222,259.105265730,380.005736367
1618476796871,-8.580434265,262.105261557,380.005736394
1618476796965,-6.580435984,259.105265222,382.005736371
1618476797059,-9.580449430,262.105293897,382.005736187
1618476797153,-9.580442009,258.105278071,380.005736288
1618476797247,nan,nan,nan
