1610679456054,-47.599375504,130.124599408,496.229708751
1610679456147,230.621029815,259.677868645,301.635540965
1610679456240,305.190364136,340.304136530,152.439983037
1610679456333,-29.485508349,140.709999760,474.530409891
1610679456426,164.051695035,219.336267765,386.318762030
1610679456519,340.003498199,354.418003465,133.797648006
1610679456612,13.856092315,181.523133730,417.074959089
1610679456705,-48.127842321,132.124599350,507.286654201
1610679456798,358.117365150,356.946470213,134.797644827
1610679456897,76.840026498,209.750867406,347.505661088
1610679456991,10.327625572,152.295399866,472.001961507
1610679457085,341.003498208,343.832603275,166.025380598
1610679457179,155.523228384,258.677868605,279.936282044
1610679457273,-32.013975062,133.653066309,501.758141095
1610679457367,298.661897498,305.547936006,219.480837880
1610679457461,242.677962905,301.491002440,198.310058255
1610679457555,-48.656309001,119.539199190,501.229713377
1610679457649,236.149496425,261.677868561,298.107091370
1610679457743,291.604964374,337.304136829,157.968388897
1610679457837,336.475031471,353.418003468,132.269180599
1610679457931,162.580161511,227.393201053,358.619530793
1610679458025,343.003498109,357.946470136,125.212260327
1610679458116,0.270692154,172.466200290,416.074954152
1610679458210,97.539293876,180.523133724,422.603426923
1610679458304,358.117365188,357.946470239,140.326106212
1610679458398,74.840026549,215.807800905,344.977187262
1610679458492,13.384558697,149.766932901,474.530475857
1610679458586,352.588898354,351.889536705,166.553854331
1610679458680,144.409361383,247.564001626,287.993225739
1610679458774,-2.257774605,139.181532951,504.286626256
1610679458868,309.247297729,316.133336226,208.895432769
1610679458962,169.108628620,271.263268828,256.293942808
1610679459056,-34.013975485,127.124599287,514.343600520
1610679459150,247.263363271,277.791735433,276.936302506
1610679459244,291.604964115,334.775669918,164.553825429
1610679459335,-32.013975275,142.709999627,485.115837313
1610679459429,172.637095161,235.978601377,346.505637873
1610679459523,340.475031639,356.946470316,132.269157110
1610679459617,-1.257774614,167.937733533,435.717292801
1610679459711,102.067760590,187.580067176,408.018029250
1610679459805,363.174298724,360.474937021,135.797629336
1610679459899,56.726159729,200.693934052,352.562572256
1610679459993,34.555359664,163.880800224,468.473461769
1610679460087,-3.257774747,163.880799978,434.717311510
1610679460181,129.767027704,243.035534881,294.578628593
1610679460275,-2.314708019,132.124599521,499.758152462
1610679460369,331.418098155,318.661802982,202.838494541
1610679460463,203.393295542,287.377135483,232.594731450
1610679460554,-39.599375344,124.596132786,506.286619789
1610679460648,275.962630214,287.377135504,254.765527530
1610679460742,256.848763476,316.604869491,192.196166267
1610679460836,-32.013975208,132.124599477,492.172761354
1610679460930,197.336362322,243.035534866,322.806365562
1610679461024,320.832698031,348.889536888,142.854549935
1610679461118,-8.843174903,167.409266738,447.302705995
1610679461212,-31.013975377,117.539199165,503.286651895
1610679461306,348.060431687,356.946470214,133.269177854
1610679461400,39.555359439,184.051600461,395.375692024
1610679461494,63.254626560,179.523133727,438.245759945
1610679461588,358.117365364,356.946470360,144.383014911
1610679461682,97.539293691,233.450134578,318.277917603
1610679461774,15.856092345,152.295399894,491.644289541
1610679461868,341.531965020,337.304136598,177.139236328
1610679461962,177.165561912,259.677868514,251.237033498
1610679462056,-25.485508737,128.124599297,503.758198187
1610679462150,299.661897560,313.604869513,236.594696069
1610679462244,236.149496255,308.547935960,195.781580046
1610679462338,113.653160724,188.108533865,401.961104504
1610679462432,232.621029609,266.206335235,296.578636462
1610679462526,295.133430542,340.304136441,145.383067857
1610679462620,-31.013975447,135.653066045,470.001994461
1610679462714,170.637095107,233.450134607,365.147979120
1610679462808,337.946564811,353.946470250,128.740703838
1610679462902,14.384558897,180.523133627,419.074980076
1610679462991,93.010827101,181.523133695,422.131899699
1610679463085,359.645831887,356.946470216,138.326110844
1610679463179,58.254626247,205.222400637,361.619535671
1610679463273,22.441492427,148.766933084,464.473505131
1610679463367,341.003498124,350.889536682,163.025392293
1610679463461,304.718831034,314.604869520,204.366960832
1610679463555,-15.371641674,135.653066122,489.644312256
1610679463649,325.889631340,321.661802924,217.423906440
1610679463743,195.336362281,284.377135622,217.480836096
1610679463837,-49.127842064,129.124599526,500.229684736
1610679463931,273.434163728,279.320202209,265.350893263
1610679464025,269.905697084,319.661803054,173.082279091
1610679464119,-40.599375394,131.124599484,481.587359756
1610679464211,200.393295638,250.092468229,329.863319751
1610679464305,317.304231170,353.889536799,138.326101267
1610679464399,-7.314707844,154.823866766,447.831126898
1610679464493,124.767027783,202.222400883,379.790285796
1610679464587,329.889631625,348.889536977,141.854531699
1610679464681,25.969958962,185.580067001,390.375731308
1610679464775,60.254626545,174.466200253,424.717295271
1610679464869,359.174298608,349.889536745,122.326112374
1610679464963,83.425426839,226.393201166,283.806373673
1610679465057,6.799158839,147.766933133,457.286629060
1610679465151,335.946564954,328.718736491,130.139218059
1610679465245,168.108628569,264.206335329,603.822416649
1610679465339,-34.013975223,118.539199270,966.758163687
1610679465431,306.247297937,293.962535977,418.537737231
1610679465525,236.206429921,308.547936099,135.838485185
1610679465619,-49.599375292,130.596132822,467.229679026
1610679465713,128.880894627,272.263268734,263.936295659
1610679465807,267.604964175,348.775669959,145.968416888
1610679465901,-109.013975511,341.238466197,466.002003445
1610679465995,-76.362904634,480.393201321,353.091009328
1610679466089,123.946564986,487.946470370,132.797612760
1610679466183,-175.729308115,367.409266641,428.131925373
1610679466277,145.539294076,134.637000790,418.603398836
1610679466371,395.231232157,194.946470268,128.740700192
1610679466465,25.669226318,145.165467356,366.676431695
1610679466559,18.555359228,145.880799925,468.001989598
1610679466650,347.117365265,351.946470292,145.383028862
1610679466743,122.767027884,242.035535005,297.107070014
1610679466836,-33.485508210,160.880800248,453.888056697
1610679466929,329.418098184,323.718736466,186.724623506
1610679467022,192.336362136,274.791735327,234.594723335
1610679467115,-37.542442152,127.596132599,505.286657941
1610679467208,278.491097117,297.962535818,238.651636683
1610679467301,259.848763558,314.604869548,184.196154666
1610679467394,-43.599375498,125.596132681,491.172774436
1610679467487,210.978695793,261.677868396,311.220991993
1610679467580,320.832697912,353.418003538,144.383033387
1610679467673,-37.013975392,148.766933011,469.001986680
1610679467766,159.523228247,219.336267726,382.790303236
1610679467865,346.060432015,354.946470439,129.740665208
1610679467959,-11.843175067,132.124599304,499.758196812
1610679468053,75.896959995,181.523133573,436.245791466
1610679468147,362.174298870,354.946470389,136.269142087
1610679468241,74.368493442,208.222400820,353.562564825
1610679468335,25.441492443,146.766933094,470.001969629
1610679468429,352.588898640,343.832603437,150.439947349
1610679468523,136.352427612,252.092468148,290.050202178
1610679468617,-16.900108535,128.596132570,505.286663996
1610679468711,317.304231073,322.661802876,209.895449589
1610679468805,210.450228967,288.377135456,218.480870019
1610679468899,-40.542442154,127.596132598,503.286658191
1610679468993,271.434163748,283.848668955,263.350890425
1610679469086,186.750961964,230.450134559,346.505655377
1610679469180,-29.013975364,119.539199173,492.701249994
1610679469274,203.393295569,245.564001449,338.448729677
1610679469368,322.832697978,347.361070119,138.326090744
1610679469462,-11.843174966,152.295399766,453.888115097
1610679469556,135.352427958,207.750867601,392.375688872
1610679469650,363.174298656,374.588803902,132.740705383
1610679469744,35.555359077,188.580066945,400.432676210
1610679469838,73.840026765,173.466200269,452.359625678
1610679469932,354.117365118,352.946470191,126.740715792
1610679470026,90.482360413,223.393201242,336.920225114
1610679470120,15.384558747,149.766932936,488.644335717
1610679470214,358.645832139,357.946470390,148.854542198
1610679470304,154.994761595,259.677868566,275.407823311
1610679470398,-36.542442179,132.124599312,507.286661827
1610679470492,300.190364020,309.076402594,213.952400600
1610679470586,222.564096220,297.962535875,222.009291316
1610679470680,-41.070908601,131.124599526,496.229684804
1610679470774,266.905696899,282.377135607,267.350906804
1610679470868,277.491097223,326.718736479,167.553820425
1610679470962,-34.013974996,142.709999819,494.172731568
1610679471056,191.807895340,244.564001426,334.920267639
1610679471150,335.946564557,345.361069879,136.326139695
1610679471244,-8.314707922,162.880800176,436.245737710
1610679471338,267.905696963,323.661802971,179.667696244
1610679471432,nan,nan,nan
