1618476609429	-91.862384	155.328771	227.659433
1618476609523	-66.785421	180.472858	240.732451
1618476609617	-70.537199	174.365304	228.957323
1618476609711	-78.912597	181.053365	234.051774
1618476609805	-91.980854	104.73737	217.965665
1618476609899	-84.934079	151.169094	231.630649
1618476609993	-109.402389	181.414655	220.955324
1618476610087	-102.956924	151.351766	226.833348
1618476610181	-60.251243	212.546655	226.526711
1618476610275	-65.954436	110.58106	246.507588
1618476610369	-98.963945	137.377849	255.766172
1618476610463	-90.016876	161.836289	236.586745
1618476610557	-85.026587	162.911968	224.318627
1618476610651	-104.286895	209.382246	242.089363
1618476610742	-121.513047	186.375971	249.679124
1618476610837	-90.748529	197.251624	243.960433
1618476610932	-107.257088	127.249392	208.021377
1618476611027	-99.319305	124.858272	236.233793
1618476611122	-98.454021	171.645458	240.408997
1618476611217	-100.806021	100.467678	245.499106
1618476611312	-74.492925	140.662757	235.279134
1618476611407	-102.276809	115.092408	225.681455
1618476611502	-86.496614	170.217571	257.449696
1618476611597	-126.455108	203.657558	232.470792
1618476611692	-106.602429	121.156069	234.112694
1618476611787	-94.558849	124.933008	244.348489
1618476611882	-103.882655	185.017723	226.553848
1618476611983	-90.540776	198.692457	281.212356
1618476612077	-115.545767	222.526854	256.05876
1618476612171	-97.904534	135.675949	229.468469
1618476612265	-97.671467	163.91657	237.307704
1618476612359	-106.000709	163.698608	231.635218
1618476612453	-96.506219	191.718745	235.496357
1618476612547	-88.616842	167.279952	229.714896
1618476612641	-128.276478	153.948907	232.863264
1618476612735	-101.614037	185.445734	242.359443
1618476612829	-92.053886	166.566011	228.565261
1618476612923	-78.46886	175.968195	225.240578
1618476613017	-118.534967	163.652284	255.007182
1618476613111	-80.783739	154.201444	247.728329
1618476613202	-69.599973	187.312822	235.144415
1618476613297	-118.169288	107.476808	241.235628
1618476613392	-92.7097	163.928015	214.262841
1618476613487	-82.583264	159.760136	205.43856
1618476613582	-90.311493	150.030159	231.744984
1618476613677	-95.824883	125.131152	231.804298
1618476613772	-106.307655	129.277612	244.561264
1618476613867	-98.544654	171.325004	211.828841
1618476613962	-128.353617	110.748343	254.215055
1618476614057	-74.581067	183.927629	248.505288
1618476614152	-91.033245	220.36226	259.48725
1618476614247	-133.468995	104.662319	247.095581
1618476614342	-88.350397	163.209268	225.468723
1618476614439	-108.995809	150.323539	242.320337
1618476614533	-69.95908	160.621619	252.71218
1618476614627	-99.917383	152.033465	231.888815
1618476614721	-95.632284	70.130395	234.73912
1618476614815	-142.065308	171.761577	234.889738
1618476614909	-93.988444	202.04146	223.252451
1618476615003	-95.164502	117.803418	229.39865
1618476615097	-74.185982	184.900104	229.503785
1618476615191	-83.888654	202.208405	238.719217
1618476615285	-83.739018	141.559631	228.374489
1618476615379	-66.400199	153.995565	248.797145
1618476615473	-123.55171	145.199415	252.823787
1618476615567	-85.80438	159.54381	223.210109
1618476615659	-94.890071	127.805519	213.577871
1618476615754	-99.570819	165.878864	234.94934
1618476615849	-115.638497	190.145277	232.537555
1618476615944	-98.506974	127.689231	242.19471
1618476616039	-97.908105	135.464742	258.307174
1618476616134	-102.739033	137.178777	228.656414
1618476616229	-100.894733	121.440389	233.511579
1618476616324	-86.402336	162.261729	228.834356
1618476616419	-71.907456	98.670838	246.272936
1618476616514	-93.22054	180.872298	248.601086
1618476616609	-103.146108	193.956032	243.459828
1618476616704	-99.312572	141.256315	251.501204
1618476616799	-122.945054	159.461154	233.29744
1618476616890	-120.807279	152.655809	235.415639
1618476616984	-106.539709	185.817766	242.889451
1618476617078	-108.86101	168.276907	240.279193
1618476617172	-117.56161	218.004849	226.366466
1618476617266	-148.547657	209.792804	246.451266
1618476617360	-128.03624	238.716859	218.354902
1618476617454	-171.670503	175.688843	223.873237
1618476617548	-177.962197	304.170304	165.769131
1618476617642	-157.044224	518.299291	163.880388
1618476617736	-41.399545	413.869079	142.511572
1618476617830	-4.554461	279.611682	214.413033
1618476617924	-38.323813	98.40249	239.083643
1618476618018	-66.029892	60.18361	267.474423
1618476618111	-127.890322	116.629886	242.041898
1618476618206	-134.651108	113.777724	266.812726
1618476618301	-220.09004	100.160542	259.71906
1618476618396	-236.333992	133.887725	228.874144
1618476618491	-228.905172	291.775539	193.082632
1618476618586	-195.795515	521.257716	113.152658
1618476618681	-128.975621	636.701787	77.249734
1618476618776	-62.637071	538.536411	109.625714
1618476618871	-44.952905	573.201489	108.780702
1618476618966	-37.063857	372.190701	121.653033
1618476619061	6.208522	272.093479	152.122953
1618476619156	1.984097	266.95027	173.668584
1618476619251	-13.727591	246.278053	160.129447
1618476619346	-9.635375	189.963938	157.245274
1618476619440	-54.429808	170.912202	116.308391
1618476619534	-63.509801	162.889366	157.595103
1618476619628	-66.464956	141.856	185.096386
1618476619722	-96.655741	161.078082	227.593762
1618476619816	-56.07261	144.799009	225.486767
1618476619910	-98.768377	124.520578	268.745724
1618476620004	-96.357464	165.851516	300.32067
1618476620098	-60.863862	141.062065	248.738473
1618476620192	-95.384271	173.591124	230.526646
1618476620286	-114.326618	205.157909	180.828884
1618476620380	-87.084532	110.076345	170.836405
1618476620474	-78.226794	142.44774	135.57318
1618476620564	-86.795676	136.976955	123.51667
1618476620659	-73.746555	153.798523	75.44392
1618476620754	-80.738527	147.013831	172.062014
1618476620849	-62.819487	165.725168	282.349149
1618476620944	-124.800972	188.368984	302.554376
1618476621039	-98.667814	138.788783	360.717026
1618476621134	-86.523687	156.517253	356.240235
1618476621229	-65.957666	163.859097	358.245601
1618476621324	-107.733597	169.361533	337.746242
1618476621419	-102.836726	143.605877	299.095434
1618476621514	-64.013931	156.573923	293.043454
1618476621609	-105.172035	209.82854	301.035351
1618476621704	-91.720797	141.636075	271.619075
1618476621797	-65.010719	175.391143	279.833486
1618476621891	-94.774183	193.38153	252.814598
1618476621985	-106.738508	138.644975	265.939151
1618476622079	-86.283923	149.683019	247.08003
1618476622173	-95.033666	158.673312	267.116544
1618476622267	-102.735565	190.041463	225.054442
1618476622361	-102.062454	200.549405	231.395375
1618476622455	-106.00022	161.058704	245.576836
1618476622549	-100.373593	149.68104	274.864658
1618476622643	-90.02673	129.563773	223.676858
1618476622737	-84.355801	197.88897	230.639513
1618476622831	-118.911065	219.80541	248.087382
1618476622925	-89.89206	150.193273	242.989088
1618476623016	-112.855833	132.888554	242.208283
1618476623110	-76.170909	182.4916	237.572839
1618476623204	-66.658613	197.420445	231.094596
1618476623298	-83.798594	177.214189	240.160148
1618476623392	-84.135287	155.116387	244.896642
1618476623486	-110.328277	78.942427	234.80622
1618476623580	-72.97148	153.808352	233.372813
1618476623674	-95.506479	210.772638	246.631137
1618476623768	-99.624989	176.828145	216.222119
1618476623862	-103.920452	120.350916	231.349715
1618476623956	-90.141884	152.483899	221.285266
1618476624050	-48.769058	192.656606	246.376879
1618476624144	-116.423168	104.889304	252.950165
1618476624240	-101.758004	140.650446	246.118612
1618476624333	-79.684203	168.805264	220.431502
1618476624426	-70.652371	195.152418	226.622578
1618476624519	-87.700951	195.27296	248.813732
1618476624612	-89.506684	108.727248	269.053198
1618476624705	-97.785688	155.914695	228.979475
1618476624798	-93.976195	171.033791	224.60822
1618476624891	-64.565688	152.384901	230.499496
1618476624984	-60.917781	117.953449	207.117332
1618476625077	-81.196038	155.2741	250.717283
1618476625170	-82.495952	142.227069	250.750299
1618476625263	-98.99749	149.91958	256.134134
1618476625356	-109.935484	158.357666	215.359623
1618476625454	-96.990398	77.563505	216.169125
1618476625548	-110.581968	184.014037	230.929622
1618476625642	-92.711686	173.509881	223.980776
1618476625736	-104.156324	132.684121	242.312605
1618476625830	-98.348164	157.049585	231.873063
1618476625924	-92.029437	153.346604	210.940862
1618476626018	-136.068789	123.860671	225.473146
1618476626112	-129.175437	183.962603	230.051399
1618476626206	-88.25425	215.362215	251.012118
1618476626300	-103.230662	166.106605	266.453736
1618476626394	-87.167425	109.96126	257.997321
1618476626488	-129.922095	142.687696	239.989614
1618476626582	-98.183421	120.544738	231.49009
1618476626672	-117.435058	147.200849	268.465138
1618476626766	-103.034093	146.787556	232.629395
1618476626860	-72.587055	141.627969	222.842688
1618476626954	-74.885601	186.149705	247.002554
1618476627048	-99.652902	95.18548	216.320485
1618476627142	-111.907008	162.299826	244.425189
1618476627236	-123.804204	207.734142	251.945504
1618476627330	-106.489591	186.334594	259.675318
1618476627424	-131.683408	136.366844	232.699229
1618476627518	-117.557006	202.698485	236.94783
1618476627612	-104.285644	148.58089	206.841488
1618476627706	-84.192126	140.23898	238.016804
1618476627800	-97.274037	162.503837	255.789662
1618476627891	-106.133491	126.790691	227.184684
1618476627985	-88.445742	161.926483	238.005398
1618476628079	-127.969064	149.379096	242.448806
1618476628173	-84.421973	146.446192	236.646918
1618476628267	-81.215652	169.223479	230.278821
1618476628361	-94.823757	176.425184	237.598311
1618476628455	-85.559789	145.738216	238.245279
1618476628549	-118.629049	134.510323	242.989076
1618476628643	-73.733371	142.48358	271.639795
1618476628737	-80.849125	130.636058	249.063542
1618476628831	-88.006606	136.763323	223.328372
1618476628925	-93.696356	132.739442	222.427081
1618476629019	-86.553425	141.082821	231.395914
1618476629111	-93.991351	128.212836	219.949444
