1618477205830,-11.249939813,257.710743978,378.841604475
1618477205925,-9.249932094,256.710758694,376.841605018
1618477206020,-8.249928587,256.710765380,378.841605265
1618477206115,-11.249926693,256.710768989,378.841605398
1618477206210,-9.249925622,256.710771031,375.841605474
1618477206305,-9.249930466,257.710761798,379.841605133
1618477206400,-10.249934191,251.710754697,376.841604870
1618477206495,-8.249931273,258.710760259,377.841605076
1618477206590,-11.249932989,255.710756988,381.841604955
1618477206685,-7.249926532,254.710769297,379.841605410
1618477206780,55.313503648,381.700040593,381.457263975
1618477206870,-12.249940592,262.710742493,376.841604420
1618477206964,-12.249931300,252.710760208,379.841605074
1618477207058,-12.249930200,256.710762304,376.841605151
1618477207152,-12.249928572,257.710765408,379.841605266
1618477207246,-10.249936306,257.710750664,380.841604721
1618477207340,-10.249927325,256.710767786,378.841605354
1618477207434,-10.249933796,256.710755449,379.841604898
1618477207528,-9.249938389,255.710746693,379.841604575
1618477207622,-11.249933341,257.710756316,377.841604930
1618477207716,-11.249929203,257.710764205,379.841605222
1618477207810,-11.249937127,255.710749099,379.841604664
1618477207904,-12.249939182,257.710745182,378.841604519
1618477207998,-9.249938389,255.710746693,379.841604575
1618477208090,58.319751967,384.524726316,383.598503645
1618477208184,-12.249929848,254.710762976,380.841605176
1618477208278,-12.249932534,256.710757855,379.841604987
1618477208372,-10.249937758,255.710747896,379.841604619
1618477208466,-12.249932534,256.710757855,379.841604987
1618477208560,-15.249934426,254.710754248,381.841604854
1618477208654,-10.249929834,257.710763002,379.841605177
1618477208748,-12.249940634,255.710742414,377.841604417
1618477208842,-11.249937127,255.710749099,379.841604664
1618477208936,-11.249939460,255.710744651,382.841604499
1618477209030,-9.249926504,258.710769351,379.841605412
1618477209124,-11.249937303,256.710748763,377.841604651
1618477209218,-11.249926693,256.710768989,378.841605398
1618477209307,-11.249930832,256.710761101,376.841605107
1618477209401,-12.249937554,258.710748286,381.841604634
1618477209495,-10.249924815,255.710772571,377.841605530
1618477209589,-11.249930655,255.710761437,378.841605119
1618477209683,-12.249936496,255.710750302,379.841604708
1618477209777,-10.249936306,257.710750664,380.841604721
1618477209871,-10.249937758,255.710747896,379.841604619
1618477209965,-9.249938389,255.710746693,379.841604575
1618477210059,-16.249940443,255.710742778,380.841604430
1618477210153,-8.249939021,255.710745489,379.841604530
1618477210247,-11.249929203,257.710764205,379.841605222
1618477210341,-10.249929834,257.710763002,379.841605177
1618477210435,-9.249938389,255.710746693,379.841604575
1618477210528,-10.249931110,254.710760569,380.841605087
1618477210622,-7.249940004,257.710743614,375.841604461
1618477210716,-11.249933165,256.710756652,379.841604943
1618477210810,71.757297354,414.048275226,384.614905317
1618477210904,-11.249937127,255.710749099,379.841604664
1618477210998,-9.249936056,255.710751141,376.841604739
1618477211092,-10.249933973,257.710755113,377.841604886
1618477211186,-7.249931728,257.710759392,379.841605044
1618477211280,-10.249924815,255.710772571,377.841605530
1618477211374,-9.249931741,254.710759366,380.841605043
1618477211468,-8.249925901,254.710770500,379.841605454
1618477211562,-12.249936496,255.710750302,379.841604708
1618477211656,-7.249931728,257.710759392,379.841605044
1618477211744,-7.249930670,254.710761408,377.841605118
1618477211838,-2.249925550,254.710771169,381.841605479
1618477211932,84.246256160,417.605967959,392.930927543
1618477212026,1.750074082,255.710770469,376.841605453
1618477212120,3.750069034,253.710760845,378.841605097
1618477212214,12.750074181,259.710770657,380.841605460
1618477212308,16.750065009,260.710753171,379.841604814
1618477212402,35.750071591,269.710765720,379.841605277
1618477212496,61.750062130,288.710747682,379.841604611
1618477212590,62.750075379,381.710772940,381.841605544
1618477212684,54.750061181,409.710745873,380.841604545
1618477212778,21.750065908,509.710754885,383.841604877
1618477212872,-34.249929081,518.710764439,380.841605230
1618477212963,-149.249936918,363.710749498,382.841604678
1618477213057,-94.249937995,220.710747444,379.841604603
1618477213151,-26.249937940,191.710747550,381.841604606
1618477213245,60.750070392,241.710763434,386.841605193
1618477213339,42.750061258,445.710746021,390.841604550
1618477213433,-80.249940346,305.710742962,401.841604437
1618477213527,-27.249940653,315.710742378,402.841604415
1618477213621,-36.249929372,285.710763882,425.841605210
1618477213715,-33.249935353,257.710752481,456.841604789
1618477213809,-29.249940522,263.710742627,468.841604425
1618477213903,-19.249926840,256.710768711,392.841605388
1618477213997,-19.249927578,254.710767303,251.841605336
1618477214091,-13.249927496,255.710767460,317.841605342
1618477214182,-12.249934909,255.710753327,355.841604820
1618477214276,-16.249932695,255.710757548,392.841604976
1618477214370,-12.249935925,256.710751391,398.841604748
1618477214464,-14.249939766,259.710744068,332.841604478
1618477214558,-13.249927983,256.710766531,352.841605307
1618477214652,-13.249925691,255.710770900,322.841605469
1618477214746,-12.249928438,255.710765664,354.841605275
1618477214840,-12.249938829,258.710745854,368.841604544
1618477214934,-13.249940532,258.710742609,371.841604424
1618477215028,-14.249930566,255.710761606,373.841605126
1618477215122,-12.249928043,257.710766416,371.841605303
1618477215216,-13.249928117,258.710766275,377.841605298
1618477215310,-11.249932284,254.710758332,375.841605005
1618477215400,-11.249931889,259.710759084,378.841605032
1618477215494,-12.249927691,255.710767088,375.841605328
1618477215588,-12.249939182,257.710745182,378.841604519
1618477215682,-11.249929203,257.710764205,379.841605222
1618477215776,-13.249935865,255.710751506,379.841604753
1618477215870,-12.249936496,255.710750302,379.841604708
1618477215964,-11.249929380,258.710763869,377.841605209
1618477216058,-10.249931287,255.710760233,378.841605075
1618477216152,-13.249938374,256.710746721,380.841604576
1618477216246,-10.249924991,256.710772235,375.841605518
1618477216340,-9.249937114,258.710749125,378.841604665
1618477216434,-12.249932534,256.710757855,379.841604987
1618477216528,-13.249925255,255.710771732,380.841605499
1618477216619,-12.249936848,257.710749630,375.841604683
1618477216714,-13.249924155,259.710773828,377.841605577
1618477216809,-12.249939182,257.710745182,378.841604519
1618477216904,-14.249935233,255.710752709,379.841604797
1618477216999,-13.249932079,257.710758723,377.841605019
1618477217094,-12.249927691,255.710767088,375.841605328
1618477217189,-12.249928572,257.710765408,379.841605266
1618477217284,-17.249934574,259.710753966,379.841604843
1618477217379,-11.249937127,255.710749099,379.841604664
1618477217474,-12.249930024,255.710762640,378.841605164
1618477217569,-13.249939785,261.710744033,378.841604477
1618477217664,-11.249924184,255.710773774,377.841605575
1618477217759,-12.249924610,258.710772961,379.841605545
1618477217853,-12.249932534,256.710757855,379.841604987
1618477217947,-12.249934691,255.710753743,384.841604835
1618477218041,-12.249936496,255.710750302,379.841604708
1618477218135,-11.249939108,256.710745323,372.841604524
1618477218229,-10.249940444,257.710742775,378.841604430
1618477218323,-11.249925241,258.710771758,379.841605500
1618477218417,-10.249931287,255.710760233,378.841605075
1618477218511,-13.249925431,256.710771396,378.841605487
1618477218605,-13.249934413,257.710754274,380.841604855
1618477218699,-11.249933165,256.710756652,379.841604943
1618477218793,-13.249927059,255.710768292,375.841605372
1618477218887,-12.249928572,257.710765408,379.841605266
1618477218981,-12.249936496,255.710750302,379.841604708
1618477219072,-15.249934779,256.710753576,377.841604829
1618477219166,-13.249929922,258.710762835,372.841605171
1618477219260,-12.249939006,256.710745518,380.841604531
1618477219354,-16.249930362,258.710761996,375.841605140
1618477219448,-11.249926517,255.710769326,380.841605411
1618477219542,-12.249932887,258.710757183,375.841604962
1618477219636,-11.249935851,258.710751531,378.841604754
1618477219730,-12.249936496,255.710750302,379.841604708
1618477219824,-13.249937099,259.710749153,379.841604666
1618477219918,-14.249928762,255.710765047,378.841605253
1618477220012,-13.249929569,256.710763507,376.841605196
1618477220106,-13.249936041,256.710751170,377.841604740
1618477220200,-12.249936848,257.710749630,375.841604683
1618477220292,59.353690379,388.402200074,383.741692695
1618477220386,-12.249935220,258.710752735,378.841604798
1618477220480,-8.249927135,258.710768148,379.841605367
1618477220574,-9.249934428,256.710754245,379.841604854
1618477220668,-12.249939182,257.710745182,378.841604519
1618477220762,-14.249924800,256.710772599,378.841605532
1618477220856,-14.249937743,256.710747924,380.841604620
1618477220950,-12.249936319,254.710750639,381.841604721
1618477221044,-14.249933958,258.710755141,378.841604887
1618477221138,-12.249940810,256.710742077,375.841604404
1618477221232,-12.249935396,259.710752398,376.841604786
