1610679874301	159.91783	251.007927	383.8676
1610679874395	181.411393	213.238187	275.901072
1610679874489	185.228282	262.342938	304.86187
1610679874583	179.895894	240.799107	313.667658
1610679874677	185.147246	224.035413	315.941507
1610679874771	159.55387	247.933984	318.140506
1610679874865	170.301812	244.809475	339.288732
1610679874959	109.86605	163.414041	332.825101
1610679875050	184.229833	204.555214	301.303536
1610679875144	163.793723	199.889138	337.05489
1610679875238	188.697407	258.961712	268.969522
1610679875332	125.642932	305.404052	324.795825
1610679875426	161.793506	214.429314	334.934679
1610679875520	173.940956	250.48038	316.269597
1610679875614	178.261234	299.099472	347.463814
1610679875708	157.292935	199.845169	333.509036
1610679875802	191.252869	237.092866	353.759971
1610679875896	169.008912	251.123557	348.646661
1610679875990	171.181646	257.054843	332.852041
1610679876084	140.916121	309.656888	328.376895
1610679876178	169.652498	223.2123	324.999369
1610679876270	164.292246	238.653949	331.171575
1610679876364	170.240226	247.809651	323.399687
1610679876458	151.361193	210.833326	335.054958
1610679876552	188.649449	202.541246	296.618222
1610679876646	123.719434	272.58877	308.587373
1610679876740	145.317638	203.393975	316.13048
1610679876834	138.377838	240.794976	317.147903
1610679876928	162.816395	243.207153	305.508261
1610679877022	171.02934	265.89187	304.958617
1610679877116	128.155008	173.469734	304.709699
1610679877210	158.879593	265.198995	348.102021
1610679877304	157.15244	231.71526	310.278241
1610679877398	179.959107	216.049812	324.49114
1610679877488	177.656135	182.445631	300.199194
1610679877582	178.314304	234.269922	333.808967
1610679877676	158.85523	276.419761	313.398568
1610679877770	160.591557	193.088176	301.971509
1610679877864	165.666843	232.570015	315.382172
1610679877958	151.425858	261.502676	336.673043
1610679878052	131.877231	255.581153	285.080751
1610679878146	174.491098	245.44205	301.765452
1610679878240	190.730447	194.894878	325.042512
1610679878334	170.883376	257.759139	324.446675
1610679878428	199.257946	240.050763	323.086772
1610679878522	179.41429	214.604792	321.792641
1610679878616	150.406371	211.965804	341.845517
1610679878707	127.488655	284.077691	329.513287
1610679878801	194.229778	264.215089	345.050168
1610679878895	199.763166	248.987696	310.946012
1610679878989	166.837459	234.151035	325.008975
1610679879083	190.051116	210.075984	309.663045
1610679879177	179.83013	194.451259	298.324098
1610679879271	114.265071	211.834823	344.287046
1610679879365	158.846633	198.094756	335.239963
1610679879459	162.173993	246.574025	332.751794
1610679879553	161.090985	269.585783	313.633294
1610679879647	123.189234	221.538519	293.451311
1610679879741	172.420064	252.257924	315.68636
1610679879835	161.089476	298.062988	328.0454
1610679879927	141.094464	202.857312	310.922859
1610679880021	205.937877	191.409212	299.543276
1610679880115	182.718036	192.732647	335.513133
1610679880209	187.595421	248.145433	310.875445
1610679880303	187.307228	250.36417	356.000787
1610679880397	145.830446	198.08985	296.785982
1610679880491	165.347109	215.942944	320.159729
1610679880585	180.70189	224.17043	313.337042
1610679880679	201.546047	290.752536	289.46314
1610679880773	190.184248	255.298688	327.701745
1610679880867	222.74573	261.708449	359.458587
1610679880961	159.234155	246.778683	308.28141
1610679881055	135.793975	239.195765	282.914876
1610679881144	194.018184	171.153423	331.093336
1610679881238	194.501929	211.564083	313.578985
1610679881332	190.002274	246.429368	319.947294
1610679881426	157.943897	273.325538	328.223435
1610679881520	187.495931	240.827509	312.452999
1610679881614	111.063844	257.051894	337.218909
1610679881708	155.979586	203.724094	362.46976
1610679881802	167.940986	158.404451	305.903683
1610679881896	177.399879	202.004939	308.734834
1610679881990	108.838458	288.307429	295.809071
1610679882084	178.053766	131.660821	297.417449
1610679882178	204.299841	225.919086	288.410887
1610679882272	168.787515	277.228691	299.695088
1610679882362	134.710378	285.398506	348.448556
1610679882456	175.138602	217.111012	330.239358
1610679882550	167.31526	155.686848	323.955849
1610679882644	93.961603	271.302926	352.536749
1610679882738	128.198431	303.169847	296.975336
1610679882832	158.427689	236.723728	310.273947
1610679882926	132.207523	197.845037	326.65505
1610679883020	163.635643	258.276375	314.600673
1610679883114	143.329493	204.427715	316.57025
1610679883208	203.337901	236.543505	300.497723
1610679883302	148.232346	224.895455	353.478254
1610679883396	154.130212	375.757427	304.508853
1610679883490	216.353058	226.004369	312.865667
1610679883584	200.996773	214.535662	331.444959
1610679883678	141.9877	252.976984	340.392399
1610679883772	153.083851	182.55583	314.712973
1610679883866	177.892534	169.808365	328.954132
1610679883960	160.785789	291.673032	301.96481
1610679884054	174.666019	261.71956	278.859064
1610679884148	143.376766	297.664516	299.627209
1610679884242	169.06404	201.39408	324.811964
1610679884336	160.621257	243.127005	291.946391
1610679884430	174.184999	242.203496	286.827517
1610679884524	195.832005	236.636607	315.829401
1610679884618	169.730811	293.699081	312.201211
1610679884712	90.189321	181.451533	298.917732
1610679884802	174.550854	287.370566	292.262282
1610679884896	120.68916	269.715667	318.060636
1610679884990	106.037987	158.153106	285.851243
1610679885084	56.273095	334.885584	288.896053
1610679885178	-18.689326	107.911377	292.545114
1610679885272	-310.726672	8.795065	337.041626
1610679885366	274.28132	-468.7556	319.617888
1610679885460	424.154892	-74.353619	311.390155
1610679885554	367.35423	221.507346	321.172173
1610679885648	340.213218	941.77693	315.071848
1610679885742	502.651957	-26.217028	302.618348
1610679885836	442.564225	395.423161	314.983517
1610679885930	368.320312	453.668677	321.106401
1610679886027	108.02271	407.200063	349.405795
1610679886121	113.072862	240.907723	339.729912
1610679886215	91.186638	237.659134	363.78044
1610679886309	169.437687	250.126206	281.843949
1610679886403	160.847816	207.103808	399.398931
1610679886497	165.987554	129.247923	413.974379
1610679886591	141.038323	315.608694	231.845205
1610679886685	156.813782	257.241316	263.054264
1610679886779	186.683286	228.362474	486.370645
1610679886873	115.904575	208.120304	284.558975
1610679886967	196.789464	265.975406	-290.849891
1610679887061	214.179846	235.612115	263.433618
1610679887155	123.282667	244.271812	281.494559
1610679887247	137.859785	242.377364	174.585652
1610679887341	136.38947	238.709614	150.666702
1610679887435	193.71141	272.206771	226.634806
1610679887529	183.863476	223.244801	247.496841
1610679887623	172.559467	222.76876	298.565196
1610679887717	137.517461	289.299188	287.558902
1610679887811	180.203753	129.981751	273.190316
1610679887905	139.169189	262.135296	299.568218
1610679887999	224.110058	272.628026	330.108864
1610679888093	194.078961	194.922415	280.738557
1610679888187	129.067235	282.119568	320.578567
1610679888281	178.059111	229.28298	313.101104
1610679888375	146.642638	226.361975	290.194554
1610679888463	77.664983	198.241447	291.897649
1610679888557	153.217363	248.212411	300.078193
1610679888651	153.996704	227.592207	332.726012
1610679888745	183.875567	228.410347	354.25141
1610679888839	117.201725	160.568282	355.281461
1610679888933	161.111935	262.299861	333.661703
1610679889027	142.860045	313.855173	326.885421
1610679889121	151.280808	218.085025	338.347161
1610679889215	136.229893	260.09325	300.825456
1610679889309	142.783147	253.75675	319.212402
1610679889403	139.06725	161.158165	342.355841
1610679889497	154.526127	178.270306	313.334158
1610679889591	108.905254	247.028522	382.13269
1610679889683	155.527595	291.3381	261.547907
1610679889778	163.715986	212.442073	328.507569
1610679889873	143.701488	122.617576	330.267354
1610679889968	99.327586	193.230853	344.155057
1610679890063	127.300825	249.869135	331.376489
1610679890158	141.651299	249.336068	335.003732
1610679890253	139.233265	235.860571	307.927971
1610679890348	174.106068	192.316881	320.282656
1610679890443	143.916369	172.195197	327.498448
1610679890538	183.119518	231.913542	328.102945
1610679890633	151.910375	263.767427	294.88926
1610679890728	167.18582	254.551459	360.924543
1610679890823	223.575442	204.479105	329.018557
1610679890919	166.49505	201.192208	339.140537
1610679891013	169.918453	262.47014	318.615395
1610679891107	135.252915	307.361982	322.030052
1610679891201	167.277319	251.607613	324.774779
1610679891295	150.741884	182.445352	369.019529
1610679891389	153.266374	252.028852	341.364804
1610679891483	149.565628	189.915163	312.637106
1610679891577	185.381856	264.202568	331.380891
1610679891671	208.049476	232.800694	309.895902
1610679891765	202.855882	267.716916	328.140801
1610679891859	169.505658	240.065369	319.28794
1610679891953	204.59429	255.269968	316.485383
1610679892047	150.906981	265.162155	321.807483
1610679892136	131.63398	152.156259	299.347569
1610679892231	194.771112	224.825825	321.495835
1610679892326	128.519575	245.749534	340.887244
1610679892421	122.481238	231.940091	304.156694
1610679892516	156.191794	307.68493	327.596168
1610679892611	173.816164	209.099982	344.820863
1610679892706	194.865553	197.94187	299.990359
1610679892801	161.304827	213.439685	347.287815
1610679892896	153.447736	232.396636	335.542531
1610679892991	162.77857	211.634496	325.037557
1610679893086	172.361091	309.739081	306.831002
1610679893181	147.525153	212.34874	363.74215
1610679893276	145.593599	288.288668	365.527357
1610679893373	176.90727	258.252999	328.455376
1610679893467	145.793504	188.742303	305.008904
1610679893561	143.166385	263.852108	326.726155
1610679893655	164.260927	222.420202	269.476972
1610679893749	188.08678	260.596042	330.686008
1610679893843	142.153927	267.346321	278.124329
1610679893937	178.831186	230.547225	311.869774
1610679894031	192.967408	227.390952	346.414894
1610679894125	149.277663	240.261007	305.969098
1610679894219	122.29146	256.258084	325.998158
1610679894313	217.588391	276.403918	345.661056
1610679894407	144.723466	225.182558	310.834367
1610679894501	178.185233	268.532374	309.490563
1610679894590	153.666623	295.546009	337.498938
1610679894685	160.698479	246.277412	290.2233
1610679894780	175.365038	294.224133	268.464943
1610679894875	114.258247	214.57953	348.030469
1610679894970	139.938401	217.589026	335.521333
1610679895065	173.275167	296.594456	338.781291
1610679895160	186.283516	258.017077	364.493724
1610679895255	159.435591	204.052331	308.419528
1610679895350	228.408421	227.154676	305.162732
1610679895445	132.407382	280.978507	337.894043
1610679895540	162.664563	223.08378	322.345795
1610679895635	197.878044	268.115461	262.596136
1610679895730	205.3972	229.063118	328.779592
1610679895823	152.341707	250.852767	290.139893
1610679895917	85.295996	229.554046	319.279664
1610679896011	196.684049	255.281406	333.738377
1610679896105	174.519039	294.023561	343.906817
1610679896199	151.352391	244.9114	289.699718
1610679896293	196.836899	292.830352	310.515776
1610679896387	150.10181	196.667058	321.008975
1610679896481	167.087692	271.543128	296.933244
1610679896575	138.547435	259.540058	332.53702
1610679896669	175.282868	210.062945	360.271635
1610679896763	198.557205	236.515156	299.714641
