1610679018422,163.204796927,246.685449733,326.000153858
1610679018516,160.496168624,243.237928149,327.000372758
1610679018610,164.809886900,243.291997185,324.999857173
1610679018704,163.304122123,242.461068826,327.001731023
1610679018798,162.453351365,245.375517779,326.998838045
1610679018890,163.752372525,246.380334264,331.999813964
1610679018984,165.460273942,244.293059258,325.000345791
1610679019078,163.764569865,245.361600210,324.999823128
1610679019172,158.472516805,247.738342264,323.001106261
1610679019266,161.979030443,246.568120438,327.999232974
1610679019360,166.110561060,239.150622718,327.003839424
1610679019454,166.235119086,239.102964512,325.000927911
1610679019548,163.223279027,247.728888880,324.998665198
1610679019642,162.963809235,251.127411912,323.998470266
1610679019736,165.121744425,245.741185109,327.001594008
1610679019830,164.500068348,242.696025491,325.001126960
1610679019924,161.217705236,244.665623693,325.000163556
1610679020018,162.908709836,246.140213752,326.999931416
1610679020109,165.175546978,245.730375110,326.000131884
1610679020203,162.236049199,247.173361983,325.999426065
1610679020297,159.564033341,247.205519891,324.998921198
1610679020391,163.360408933,241.374617182,329.001773310
1610679020485,168.536464347,238.032385335,326.003408121
1610679020579,163.187085481,240.176739952,327.000891825
1610679020673,159.120554888,245.278925156,326.000841842
1610679020767,161.847025171,246.770869054,327.999133802
1610679020861,162.251442119,244.077893754,325.000940174
1610679020955,162.648995371,248.610938625,332.998233755
1610679021049,158.712199857,250.049775053,334.997529966
1610679021143,163.212707453,248.209212875,366.999408529
1610679021237,160.976913160,243.035459379,435.999982655
1610679021327,163.459822232,245.829666068,534.999594179
1610679021421,165.539461406,242.171434202,198.000405282
1610679021515,168.298533829,236.861912894,196.003980642
1610679021609,164.891084940,242.095458014,190.001420720
1610679021703,161.042138139,252.078931571,237.997026567
1610679021797,159.279716866,245.642205267,306.998707599
1610679021891,163.831911698,238.722255990,226.000624992
1610679021985,155.994814028,246.151617290,352.996991014
1610679022079,148.996506715,254.900408624,345.991733379
1610679022173,149.870927352,236.270070404,332.998400486
1610679022267,118.110357580,195.150935245,327.003839271
1610679022361,59.115592748,182.502024703,325.996330479
1610679022455,23.221120487,186.693508878,330.009932664
1610679022546,220.761874595,268.686174801,324.003577465
1610679022640,237.851224324,212.399724682,327.027685309
1610679022734,173.421508343,208.568077980,326.995809033
1610679022828,157.839272827,325.025820208,325.025422513
1610679022922,264.887238798,433.449366341,327.035976363
1610679023016,330.704200830,367.597973885,325.996772684
1610679023110,249.579196485,213.894926444,324.004942769
1610679023204,205.772178533,207.847131649,328.010346658
1610679023298,165.396791062,251.821519705,325.991282829
1610679023392,156.756678745,259.876502593,323.989299385
1610679023486,163.145407942,243.920318137,327.997104151
1610679023580,158.179512240,249.475675967,325.994875955
1610679023674,152.936066146,264.600979147,326.989434154
1610679023766,155.122156902,250.027855756,323.995584138
1610679023860,169.963852457,234.840041349,327.004480478
1610679023954,166.092407218,239.250331484,325.002323240
1610679024048,157.404418133,248.522501011,324.997298738
1610679024142,165.580869548,243.107834898,327.000436391
1610679024236,169.396745868,232.175154723,326.004805699
1610679024330,165.196569305,241.162173623,329.000898950
1610679024424,158.075682043,250.347845943,326.000808130
1610679024518,160.725598569,247.957369753,324.999042577
1610679024612,161.765903869,247.431377340,324.998321585
1610679024706,156.390651749,255.151384046,327.995034579
1610679024800,157.379069418,253.633260477,325.995777150
1610679024894,166.597025310,241.475281985,328.002702346
1610679024984,166.961977624,235.378833953,328.003727797
1610679025078,164.993629293,240.937958808,329.001497759
