1618476452234,-3.742224
1618476452328,3.056506
1618476452422,2.233504
1618476452516,-3.287553
1618476452610,2.373857
1618476452704,2.823021
1618476452798,-3.323493
1618476452892,-0.760426
1618476452986,2.801234
1618476453080,-0.093840
1618476453172,-1.968020
1618476453265,3.185004
1618476453358,-1.020763
1618476453451,-2.640976
1618476453544,3.781150
1618476453637,0.287062
1618476453730,-4.119319
1618476453823,2.059799
1618476453916,1.450586
1618476454009,-3.367976
1618476454102,0.558115
1618476454195,-1.745133
1618476454288,-3.437927
1618476454386,-1.991768
1618476454480,3.826824
1618476454574,-2.098995
1618476454668,-2.447820
1618476454762,3.926330
1618476454856,-0.271150
1618476454950,-2.496576
1618476455044,3.050610
1618476455138,0.868487
1618476455232,-4.201313
1618476455326,-4.114877
1618476455420,1.727797
1618476455514,-3.977923
1618476455606,0.245535
1618476455700,2.460545
1618476455794,-3.377695
1618476455888,-1.482606
1618476455982,3.703520
1618476456076,-2.075501
1618476456170,-1.306131
1618476456264,3.922108
1618476456358,-0.217027
1618476456452,-2.957088
1618476456546,2.794015
1618476456640,1.339646
1618476456734,-4.354524
1618476456824,1.408311
1618476456918,1.991880
1618476457012,-3.630942
1618476457106,0.570126
1618476457200,2.573988
1618476457294,-2.260804
1618476457388,-1.745904
1618476457482,3.512214
1618476457576,0.895725
1618476457670,-1.854042
1618476457764,3.617862
1618476457858,-1.098138
1618476457952,-3.278335
1618476458046,2.662773
1618476458139,1.387602
1618476458232,-3.622712
1618476458325,2.077265
1618476458418,2.918313
1618476458511,-3.398832
1618476458604,0.080194
1618476458697,2.645686
1618476458790,-3.003020
1618476458883,-0.515572
1618476458976,2.896384
1618476459069,-2.240426
1618476459162,-2.014354
1618476459260,2.862715
1618476459354,-0.488722
1618476459448,-2.724115
1618476459542,3.110043
1618476459636,1.402223
1618476459730,-4.018361
1618476459824,-3.646496
1618476459918,2.053796
1618476460012,-3.873039
1618476460106,0.198753
1618476460200,3.580791
1618476460294,-3.085741
1618476460388,-1.265322
1618476460481,3.352301
1618476460575,-2.408419
1618476460669,-1.586653
1618476460763,3.736777
1618476460857,-1.316053
1618476460951,-3.138978
1618476461045,2.507105
1618476461139,0.421486
1618476461233,-4.289155
1618476461327,1.085308
1618476461421,0.995542
1618476461515,-5.931717
1618476461609,-3.369976
1618476461701,-1.074448
1618476461795,-5.334472
1618476461889,-0.535630
1618476461983,4.452787
1618476462077,3.174032
1618476462171,-0.292355
1618476462265,4.817607
1618476462359,0.349824
1618476462453,-2.407652
1618476462547,1.493881
1618476462641,-2.401372
1618476462735,-8.767829
1618476462829,-2.834742
1618476462919,-3.866226
1618476463013,-8.790738
1618476463107,-2.869360
1618476463201,1.558555
1618476463295,-4.921492
1618476463389,-0.128748
1618476463483,2.292721
1618476463577,-2.870972
1618476463671,-1.618569
1618476463765,3.518675
1618476463859,-1.191994
1618476463953,-1.103064
1618476464047,3.727534
1618476464138,-0.442819
1618476464232,-3.195791
1618476464326,3.376576
1618476464420,1.056116
1618476464514,-4.052869
1618476464608,2.318265
1618476464702,1.722141
1618476464796,-4.286865
1618476464890,0.045835
1618476464984,3.464796
1618476465078,-2.751703
1618476465172,-0.247052
1618476465266,3.873475
1618476465359,-2.449841
1618476465453,-0.585495
1618476465547,3.782035
1618476465641,-0.094988
1618476465735,-2.790425
1618476465829,2.795501
1618476465923,1.410289
1618476466017,-3.351211
1618476466111,2.590630
1618476466205,1.551412
1618476466299,-3.917704
1618476466393,1.723707
1618476466487,2.507283
1618476466576,-3.505832
1618476466670,-0.085266
1618476466764,3.035083
1618476466858,-2.074694
1618476466952,-1.739061
1618476467046,3.466125
1618476467140,-1.235226
1618476467234,-2.015966
1618476467328,4.007173
1618476467422,1.001517
1618476467516,-3.023738
1618476467610,2.965109
1618476467704,-3.545406
1618476467793,-3.730070
1618476467887,1.685031
1618476467981,2.398238
1618476468075,-3.943254
1618476468169,0.946408
1618476468263,2.559094
1618476468357,-2.522914
1618476468451,-0.318774
1618476468545,3.215404
1618476468639,-2.952539
1618476468733,-1.683406
1618476468827,0.238018
1618476468921,-1.208448
1618476469014,-2.061128
1618476469108,3.400602
1618476469202,-0.183038
1618476469296,-3.069824
1618476469390,2.847695
1618476469484,0.733196
1618476469578,-4.054437
1618476469672,1.398310
1618476469766,2.705286
1618476469860,-3.361762
1618476469954,4.090259
1618476470048,3.183476
1618476470142,-2.797714
1618476470230,0.089277
1618476470324,3.698287
1618476470418,-1.915423
1618476470512,-1.876657
1618476470606,4.048741
1618476470700,-0.965097
1618476470794,-2.339699
1618476470888,3.359616
1618476470982,0.833766
1618476471076,2.195367
1618476471170,3.909589
1618476471264,1.692260
1618476471358,-3.602013
1618476471456,1.811012
1618476471550,2.710578
1618476471644,-4.326859
1618476471738,0.392999
1618476471832,3.633078
1618476471926,-3.196622
1618476472020,-1.257904
1618476472114,3.605419
1618476472208,-2.753604
1618476472302,-2.208900
1618476472396,3.034017
1618476472490,-0.599600
1618476472584,-2.686459
1618476472675,2.801908
1618476472770,0.464462
1618476472865,-3.680528
1618476472960,2.185670
1618476473055,1.334683
1618476473150,-3.096857
1618476473245,0.770815
1618476473340,-3.391803
1618476473435,-3.171630
1618476473530,-0.470338
1618476473625,3.984493
