1618477314562,1.959813
1618477314656,-1.153397
1618477314750,-0.648762
1618477314844,1.496761
1618477314938,-0.781928
1618477315032,-0.943112
1618477315126,1.499131
1618477315220,0.049488
1618477315314,-1.549967
1618477315408,1.000665
1618477315502,0.544230
1618477315593,-1.529828
1618477315687,0.658806
1618477315781,1.421589
1618477315875,-1.295401
1618477315969,0.009894
1618477316063,1.591969
1618477316157,-1.112709
1618477316251,-0.696032
1618477316345,1.948072
1618477316439,-0.589141
1618477316533,-1.130115
1618477316627,1.662681
1618477316721,0.373885
1618477316815,-1.475637
1618477316908,1.041649
1618477317001,0.799394
1618477317094,-1.842044
1618477317187,0.608985
1618477317280,1.471340
1618477317373,-1.361807
1618477317466,-0.361230
1618477317559,1.731311
1618477317652,-1.140631
1618477317745,1.433769
1618477317838,1.851327
1618477317931,-0.498628
1618477318028,-1.026263
1618477318122,1.758447
1618477318216,0.361252
1618477318310,-1.686818
1618477318404,1.135188
1618477318498,1.080304
1618477318592,-1.870459
1618477318686,0.585750
1618477318780,1.479851
1618477318874,0.266710
1618477318968,-0.511668
1618477319062,1.524035
1618477319156,-0.751767
1618477319248,-0.995461
1618477319342,2.197523
1618477319436,-0.367951
1618477319530,-1.491200
1618477319624,1.594711
1618477319718,0.357588
1618477319812,-1.822992
1618477319906,1.110304
1618477320000,-1.064896
1618477320094,-1.364996
1618477320188,0.257906
1618477320282,1.568291
1618477320376,-1.396401
1618477320465,-0.224116
1618477320559,1.884833
1618477320653,-0.557220
1618477320747,-1.211360
1618477320841,1.805627
1618477320935,0.091328
1618477321029,-1.419476
1618477321123,-1.104186
1618477321217,1.024334
1618477321311,-1.373225
1618477321405,1.167750
1618477321499,1.933005
1618477321593,-1.303994
1618477321684,0.438353
1618477321778,2.313603
1618477321872,-0.247345
1618477321966,0.560022
1618477322060,2.325090
1618477322154,-0.517049
1618477322248,-2.450408
1618477322342,4.132237
1618477322436,-1.675470
1618477322530,-5.322423
1618477322624,-1.611194
1618477322718,1.087775
1618477322812,-0.203166
1618477322904,3.231731
1618477322998,5.574931
1618477323092,-1.489857
1618477323186,0.118480
1618477323280,-2.923053
1618477323374,-3.512228
1618477323468,-5.702595
1618477323562,-2.047243
1618477323656,-2.899979
1618477323750,-3.691398
1618477323844,-0.241797
1618477323938,-0.315946
1618477324032,-2.221566
1618477324123,-0.128181
1618477324217,1.260056
1618477324311,-1.639458
1618477324405,-0.437101
1618477324499,0.813394
1618477324593,-0.997475
1618477324687,-1.076253
1618477324781,1.704744
1618477324875,-0.379417
1618477324969,-1.320543
1618477325063,1.674845
1618477325157,0.153646
1618477325251,-1.785554
1618477325342,0.732861
1618477325437,1.204356
1618477325532,-1.377076
1618477325627,1.624536
1618477325722,1.472437
1618477325817,-1.441844
1618477325912,-0.954016
1618477326007,1.894156
1618477326102,-0.615813
1618477326197,-1.294303
1618477326292,1.403215
1618477326387,0.002872
1618477326482,-1.295257
1618477326573,0.749934
1618477326667,0.921406
1618477326761,1.115073
1618477326855,-0.099088
1618477326949,1.448790
1618477327043,-1.261105
1618477327137,-0.569765
1618477327231,1.314536
1618477327325,-0.689128
1618477327419,-1.128167
1618477327513,1.541593
1618477327607,0.245484
1618477327701,-1.544451
1618477327794,0.963513
1618477327888,0.230193
1618477327982,-1.828950
1618477328076,0.189163
1618477328170,1.190481
1618477328264,-1.698277
1618477328358,-0.323998
1618477328452,1.346517
1618477328546,-0.742428
1618477328640,-1.070407
1618477328734,1.751668
1618477328828,-0.196588
1618477328922,-1.561882
1618477329011,-0.567187
1618477329106,0.509503
1618477329201,-1.960869
1618477329296,0.338789
1618477329391,1.396282
1618477329486,-1.559404
1618477329581,-0.009958
1618477329676,1.723006
1618477329771,-1.142015
1618477329866,-1.197373
1618477329961,1.753143
1618477330056,-0.414742
1618477330151,-1.184731
1618477330247,1.564380
1618477330339,0.890543
1618477330431,-1.696866
1618477330523,0.714241
1618477330615,1.316002
1618477330707,-1.574437
1618477330799,-0.011537
1618477330891,1.451510
1618477330983,-1.150753
1618477331075,-0.681830
1618477331167,1.581120
1618477331259,-1.551936
1618477331351,-1.265315
1618477331446,nan
