1618476570037,3.685732
1618476570132,-4.042621
1618476570227,-3.264456
1618476570322,3.242953
1618476570417,0.361876
1618476570510,-3.855826
1618476570604,2.182743
1618476570698,1.595513
1618476570792,-4.105113
1618476570886,1.259203
1618476570980,2.827637
1618476571074,-3.851150
1618476571168,-0.191944
1618476571262,-1.653127
1618476571356,-3.236810
1618476571450,-1.492297
1618476571544,3.729371
1618476571638,-2.090057
1618476571730,-2.355220
1618476571824,3.678852
1618476571918,-0.911729
1618476572012,-3.608572
1618476572106,3.322249
1618476572200,0.231608
1618476572294,-3.861684
1618476572388,3.208474
1618476572482,1.674698
1618476572576,-4.088094
1618476572670,1.298036
1618476572764,2.789569
1618476572858,-3.900943
1618476572948,-0.190897
1618476573042,3.280576
1618476573136,-3.132783
1618476573230,-1.278328
1618476573324,3.859849
1618476573418,-2.032556
1618476573512,3.144236
1618476573606,3.868351
1618476573700,-1.021146
1618476573794,-3.381543
1618476573888,3.338117
1618476573982,0.487650
1618476574076,-4.011410
1618476574166,2.460695
1618476574260,1.516251
1618476574354,-4.045971
1618476574448,1.226234
1618476574542,2.682997
1618476574636,-0.652396
1618476574730,0.102603
1618476574824,3.570553
1618476574918,-3.066322
1618476575012,-1.153499
1618476575106,3.725572
1618476575200,-2.329551
1618476575294,-2.341125
1618476575386,3.906876
1618476575481,-0.685334
1618476575576,-3.076767
1618476575671,3.386730
1618476575766,-3.557226
1618476575861,-3.605260
1618476575956,2.948744
1618476576051,2.276945
1618476576146,-2.954817
1618476576241,3.493046
1618476576336,5.642841
1618476576431,0.698371
1618476576526,5.542907
1618476576619,9.295851
1618476576714,0.573932
1618476576809,-2.522150
1618476576904,-6.644882
1618476576999,-5.357951
1618476577094,-4.446729
1618476577189,3.837203
1618476577284,3.517862
1618476577379,-0.748528
1618476577474,1.770534
1618476577569,-1.588480
1618476577664,-5.902565
1618476577759,-0.021064
1618476577851,1.130370
1618476577945,-1.904970
1618476578039,2.176570
1618476578133,1.486246
1618476578227,-3.803366
1618476578321,1.226327
1618476578415,3.395460
1618476578509,-2.588449
1618476578603,-0.933354
1618476578697,3.731854
1618476578791,-2.223527
1618476578885,-2.319533
1618476578979,3.596730
1618476579073,-0.922002
1618476579167,3.655820
1618476579261,3.243150
1618476579355,0.118010
1618476579449,-3.961985
1618476579543,2.353769
1618476579637,1.607267
1618476579731,-4.100862
1618476579825,1.127795
1618476579919,2.692484
1618476580013,-3.896783
1618476580107,0.130404
1618476580201,3.327298
1618476580294,0.675333
1618476580389,-1.448139
1618476580484,3.959356
1618476580579,-2.099745
1618476580674,-2.358735
1618476580769,3.567838
1618476580864,-0.912121
1618476580959,-3.207652
1618476581054,3.340606
1618476581149,0.421757
1618476581244,-3.735429
1618476581339,2.455110
1618476581434,-3.181406
1618476581527,-4.037690
1618476581622,1.283964
1618476581717,2.503030
1618476581812,-3.493448
1618476581907,0.000636
1618476582002,3.006222
1618476582097,-3.205987
1618476582192,-1.179169
1618476582287,3.656320
1618476582382,-2.270898
1618476582477,-2.528561
1618476582572,-3.514319
1618476582667,-0.918215
1618476582762,-3.332918
1618476582855,3.220522
1618476582948,0.225836
1618476583041,-3.960543
1618476583134,2.432456
1618476583227,1.526449
1618476583320,-4.016444
1618476583413,1.477772
1618476583506,2.554663
1618476583599,-3.785849
1618476583692,1.155665
1618476583785,3.179076
1618476583878,-3.314628
1618476583977,-1.353957
1618476584071,3.669257
1618476584165,-2.196799
1618476584259,-2.245847
1618476584353,3.683450
1618476584447,-1.090671
1618476584541,-3.258500
1618476584635,3.464861
1618476584729,0.215966
1618476584823,3.723775
1618476584917,2.549277
1618476585011,1.549515
1618476585105,-4.132141
1618476585195,1.294375
1618476585289,2.545330
1618476585383,-3.807781
1618476585477,0.226684
1618476585571,3.173713
1618476585665,-3.205576
1618476585759,-1.075430
1618476585853,3.738641
1618476585947,1.732903
1618476586041,-2.418899
1618476586135,3.522245
1618476586229,-1.137511
1618476586323,-3.353297
1618476586413,3.209735
1618476586507,0.024245
1618476586601,-3.807216
1618476586695,2.402782
1618476586789,1.666302
1618476586883,-4.272502
1618476586977,1.421929
1618476587071,-2.447790
1618476587165,-3.921802
1618476587259,0.005335
1618476587353,3.219849
1618476587447,-3.110455
1618476587541,-1.139280
1618476587632,3.637901
1618476587726,-2.272359
1618476587820,-2.304601
1618476587914,3.553343
1618476588008,-1.017081
1618476588102,-3.282142
1618476588196,-3.906194
1618476588290,0.458405
1618476588384,-3.806865
1618476588478,2.386449
1618476588572,1.464208
1618476588666,-4.076400
1618476588760,1.270992
1618476588851,2.727919
