1618476517102,-94.066498876,228.357515476,236.991882306
1618476517196,-92.066502493,230.357480535,236.991881864
1618476517290,-94.066499048,227.357513818,233.991882285
1618476517384,-95.066500718,228.357497679,236.991882081
1618476517478,-92.066502664,229.357478876,233.991881843
1618476517572,-93.066501593,227.357489228,233.991881974
1618476517666,-90.066498825,227.357515965,236.991882312
1618476517760,-93.066499033,229.357513955,235.991882287
1618476517850,-93.066501981,225.357485478,235.991881927
1618476517946,-94.066501773,233.357487491,236.991881952
1618476518042,-94.066500333,229.357501402,236.991882128
1618476518138,-93.066499188,231.357512459,232.991882268
1618476518234,-95.066499821,224.357506346,235.991882190
1618476518330,-93.066502507,228.357480398,234.991881863
1618476518426,-92.066500665,228.357498195,234.991882087
1618476518522,-92.066499579,228.357508684,236.991882220
1618476518618,-95.066500701,231.357497843,236.991882083
1618476518714,-95.066501804,228.357487190,234.991881948
1618476518810,-93.066501421,228.357490886,236.991881995
1618476518906,-95.066499416,229.357510259,233.991882240
1618476519002,-97.066500015,228.357504472,236.991882167
1618476519092,-93.066499033,229.357513955,235.991882287
1618476519186,-95.066501416,230.357490940,232.991881996
1618476519280,-93.066501421,228.357490886,236.991881995
1618476519374,-94.066499419,228.357510232,235.991882240
1618476519468,-96.066499801,228.357506536,233.991882193
1618476519562,-96.066499630,229.357508195,236.991882214
1618476519656,-95.066500718,228.357497679,236.991882081
1618476519750,-95.066502718,229.357478360,235.991881837
1618476519844,-96.066499630,229.357508195,236.991882214
1618476519938,-94.066500532,231.357499475,241.991882104
1618476520032,-95.066499244,230.357511917,236.991882261
1618476520126,-93.066500119,229.357503466,233.991882154
1618476520220,-92.066501036,229.357494609,236.991882042
1618476520313,-93.066499050,226.357513791,235.991882285
1618476520408,-93.066499576,229.357508710,234.991882220
1618476520503,-92.066499208,227.357512269,234.991882265
1618476520598,-95.066502718,229.357478360,235.991881837
1618476520693,-93.066500119,229.357503466,233.991882154
1618476520788,-93.066502878,229.357476812,236.991881817
1618476520883,-93.066502490,231.357480561,234.991881865
1618476520978,-96.066502543,231.357480046,236.991881858
1618476521073,-94.066502332,230.357482083,235.991881884
1618476521168,-94.066500876,229.357496157,235.991882062
1618476521263,-97.066501472,229.357490397,236.991881989
1618476521358,-96.066501629,230.357488876,235.991881970
1618476521453,-93.066501050,227.357494472,234.991882040
1618476521545,-97.066502015,229.357485153,235.991881923
1618476521639,-93.066500679,226.357498058,232.991882086
1618476521733,-91.066499194,229.357512406,236.991882267
1618476521827,-98.066499469,229.357509743,235.991882233
1618476521921,-93.066499576,229.357508710,234.991882220
1618476522015,-94.066502875,230.357476839,234.991881818
1618476522109,-93.066500119,229.357503466,233.991882154
1618476522203,-92.066499751,227.357507025,233.991882199
1618476522297,-93.066501964,228.357485642,235.991881929
1618476522391,-91.066502124,228.357484094,236.991881909
1618476522485,-93.066502878,229.357476812,236.991881817
1618476522579,-96.066499070,232.357513603,237.991882282
1618476522673,-93.066499033,229.357513955,235.991882287
1618476522763,-93.066500662,229.357498221,232.991882088
1618476522858,-96.066499259,228.357511780,234.991882259
1618476522953,-92.066500122,228.357503439,235.991882154
1618476523048,-96.066501258,229.357492461,233.991882015
1618476523143,-92.066503035,230.357475290,235.991881798
1618476523238,-98.066499995,232.357504662,234.991882169
1618476523333,-93.066500490,230.357499880,235.991882109
1618476523428,-93.066500164,229.357503034,241.991882149
1618476523523,-95.066500175,228.357502924,237.991882147
1618476523618,-88.066500071,227.357503928,235.991882160
1618476523713,-93.066501050,227.357494472,234.991882040
1618476523808,-94.066500333,229.357501402,236.991882128
1618476523903,-94.066500876,229.357496157,235.991882062
1618476523999,-92.066501579,229.357489365,235.991881976
1618476524093,-94.066501435,226.357490749,234.991881993
1618476524187,-93.066500291,228.357501807,230.991882133
1618476524281,-95.066499804,227.357506509,235.991882193
1618476524375,-91.066501210,227.357492924,235.991882021
1618476524469,-93.066499033,229.357513955,235.991882287
1618476524563,-94.066499574,230.357508737,232.991882221
1618476524657,-96.066500172,229.357502950,235.991882148
1618476524751,-93.066502119,230.357484147,232.991881910
1618476524845,-96.066502017,228.357485126,237.991881922
1618476524939,-95.066502003,230.357485263,239.991881924
1618476525033,-93.066500817,231.357496726,229.991882069
1618476525127,-93.066500136,226.357503302,233.991882152
1618476525218,-96.066500172,229.357502950,235.991882148
1618476525313,-93.066500490,230.357499880,235.991882109
1618476525408,-93.066502507,228.357480398,234.991881863
1618476525503,-94.066500333,229.357501402,236.991882128
1618476525598,-95.066502175,229.357483605,236.991881903
1618476525693,-94.066502349,227.357481919,235.991881882
1618476525788,-95.066499261,227.357511754,236.991882259
1618476525883,-94.066502332,230.357482083,235.991881884
1618476525978,-95.066498873,229.357515503,234.991882306
1618476526073,-93.066501964,228.357485642,235.991881929
1618476526168,-94.066500876,229.357496157,235.991882062
1618476526263,-94.066499419,228.357510232,235.991882240
1618476526358,-94.066501806,227.357487164,236.991881948
1618476526452,-92.066499950,229.357505098,238.991882175
1618476526546,-95.066502701,232.357478524,235.991881839
1618476526640,-95.066500347,227.357501265,234.991882126
1618476526734,-94.066499419,228.357510232,235.991882240
1618476526828,-95.066499261,227.357511754,236.991882259
1618476526922,-96.066501103,227.357493957,236.991882034
1618476527016,-94.066499419,228.357510232,235.991882240
1618476527110,-95.066498873,229.357515503,234.991882306
1618476527204,-95.066502718,229.357478360,235.991881837
1618476527298,-96.066499630,229.357508195,236.991882214
1618476527392,-96.066500018,227.357504445,238.991882166
1618476527486,-97.066501489,226.357490234,236.991881987
1618476527580,-97.066502557,229.357479909,234.991881856
1618476527674,-95.066500347,227.357501265,234.991882126
1618476527769,-98.066501486,227.357490261,234.991881987
1618476527864,-98.066501857,228.357486675,236.991881942
1618476527959,-97.066502403,227.357481404,237.991881875
1618476528054,-100.066500783,227.357497053,234.991882073
1618476528149,-100.066502240,228.357482979,234.991881895
1618476528244,-106.066500673,228.357498113,233.991882086
1618476528339,-103.066502819,231.357477383,235.991881825
1618476528434,-105.066503047,229.357475182,236.991881797
1618476528529,-105.066502659,231.357478931,234.991881844
1618476528624,-105.066501185,233.357493169,234.991882024
1618476528719,-110.066501267,229.357492380,232.991882014
1618476528814,-108.066502900,227.357476593,233.991881815
1618476528903,-109.066502726,229.357478278,234.991881836
1618476528997,-116.066498935,239.357514908,235.991882299
1618476529091,-118.066499146,240.357512870,236.991882273
1618476529185,-109.066502979,251.357475838,236.991881805
1618476529279,-107.066501413,231.357490968,235.991881996
1618476529373,-138.066501027,245.357494693,233.991882043
1618476529467,-115.066500121,258.357503446,240.991882154
1618476529561,-168.066500965,268.357495295,235.991882051
1618476529655,-180.066499440,309.357510030,235.991882237
1618476529749,-162.066499992,392.357504692,234.991882170
1618476529843,-55.066501991,421.357485379,236.991881926
1618476529937,3.933500938,369.357513681,233.991882283
1618476530031,1.933497866,285.357483995,235.991881908
1618476530121,-41.066502224,178.357483131,231.991881897
1618476530216,-89.066502913,146.357476470,234.991881813
1618476530311,-125.066500759,166.357497287,236.991882076
1618476530406,-127.066501754,183.357487670,230.991881954
1618476530501,-157.066499929,163.357505301,233.991882177
1618476530596,-199.066502207,186.357483296,231.991881899
1618476530691,-209.066501283,245.357492220,231.991882012
1618476530786,-206.066499384,313.357510572,229.991882244
1618476530881,-177.066502286,439.357482527,229.991881890
1618476530976,-124.066500544,492.357499358,235.991882102
1618476531071,-114.066501082,464.357494161,230.991882037
1618476531166,-74.066502794,483.357477618,231.991881827
1618476531261,-39.066502539,439.357480081,229.991881859
1618476531358,-32.066502147,393.357483877,228.991881907
1618476531452,-21.066499774,362.357506802,225.991882196
1618476531546,-10.066499994,323.357504674,220.991882169
1618476531640,-12.066502723,284.357478306,206.991881836
1618476531734,-17.066502834,259.357477235,188.991881823
1618476531828,-32.066502419,244.357481244,159.991881873
1618476531922,-47.066500847,236.357496431,159.991882065
1618476532016,-55.066501460,230.357490513,177.991881990
1618476532110,-65.066501270,228.357492346,214.991882014
1618476532204,-70.066498792,226.357516283,214.991882316
1618476532298,-77.066499989,228.357504721,249.991882170
1618476532392,-80.066500565,226.357499160,277.991882100
1618476532486,-82.066501844,230.357486798,276.991881943
1618476532576,-84.066501367,225.357491406,246.991882002
1618476532671,-83.066502648,225.357479032,216.991881845
1618476532766,-87.066499369,223.357510710,206.991882246
1618476532861,-87.066500376,229.357500980,196.991882123
1618476532956,-90.066500794,229.357496948,165.991882072
1618476533051,-87.066498929,224.357514960,161.991882299
1618476533146,-91.066501632,228.357488845,148.991881969
1618476533241,-91.066499540,222.357509064,160.991882225
1618476533336,-92.066498710,227.357517082,243.991882326
1618476533431,-89.066502391,225.357481518,253.991881877
1618476533526,-90.066498967,228.357514600,295.991882295
1618476533621,-90.066500901,227.357495912,313.991882059
1618476533716,-90.066499228,227.357512078,308.991882263
1618476533811,-94.066501821,229.357487025,306.991881946
1618476533905,-90.066499293,229.357511446,289.991882255
1618476533999,-90.066501048,228.357494487,275.991882041
1618476534093,-94.066500140,228.357503260,266.991882151
1618476534187,-96.066500849,229.357496410,258.991882065
1618476534281,-95.066502652,227.357478991,254.991881845
1618476534375,-91.066499101,224.357513306,247.991882278
1618476534469,-93.066500380,228.357500943,246.991882122
1618476534563,-95.066501848,228.357486758,242.991881943
1618476534657,-94.066500549,228.357499311,241.991882102
1618476534751,-90.066502172,227.357483635,246.991881904
1618476534845,-95.066500934,227.357495589,241.991882055
1618476534939,-92.066499967,226.357504934,238.991882173
1618476535028,-92.066501950,230.357485779,237.991881931
1618476535122,-93.066501421,228.357490886,236.991881995
1618476535216,-92.066500338,227.357501348,240.991882127
1618476535310,-94.066499247,229.357511891,238.991882261
1618476535404,-92.066501950,230.357485779,237.991881931
1618476535498,-92.066501967,227.357485615,237.991881929
1618476535592,-95.066502718,229.357478360,235.991881837
1618476535686,-92.066501596,226.357489201,235.991881974
1618476535780,-92.066502509,227.357480371,236.991881862
1618476535874,-92.066501036,229.357494609,236.991882042
1618476535968,-95.066502158,232.357483768,236.991881905
1618476536062,-94.066500876,229.357496157,235.991882062
1618476536156,-93.066499964,227.357504961,236.991882173
1618476536247,-91.066500279,229.357501917,234.991882134
1618476536341,-91.066500667,227.357498168,236.991882087
1618476536435,-93.066500335,228.357501375,238.991882128
1618476536529,-93.066500335,228.357501375,238.991882128
1618476536623,-94.066500876,229.357496157,235.991882062
1618476536717,-93.066499033,229.357513955,235.991882287
1618476536811,-90.066500437,230.357500396,233.991882115
1618476536905,-94.066499962,228.357504988,234.991882173
1618476536999,-96.066502560,228.357479882,236.991881856
1618476537093,-92.066501579,229.357489365,235.991881976
1618476537187,-92.066499579,228.357508684,236.991882220
1618476537281,-92.066499579,228.357508684,236.991882220
1618476537375,-95.066501804,228.357487190,234.991881948
1618476537466,-98.066502538,233.357480099,232.991881859
1618476537560,-96.066500189,226.357502787,235.991882145
1618476537654,-92.066498820,229.357516019,232.991882313
1618476537748,-94.066499048,227.357513818,233.991882285
1618476537842,-95.066501261,228.357492435,235.991882015
1618476537936,-93.066499576,229.357508710,234.991882220
1618476538030,-94.066501961,229.357485669,233.991881929
1618476538124,-95.066500330,230.357501428,234.991882128
1618476538218,-91.066501719,233.357488006,234.991881959
1618476538312,-91.066502279,230.357482598,233.991881890
1618476538406,-94.066501961,229.357485669,233.991881929
1618476538500,-92.066500122,228.357503439,235.991882154
1618476538594,-93.066502878,229.357476812,236.991881817
1618476538687,-94.066499247,229.357511891,238.991882261
1618476538781,-96.066502000,231.357485290,237.991881924
1618476538875,-94.066499402,231.357510396,235.991882242
1618476538969,-92.066499036,228.357513928,237.991882286
1618476539063,-90.066501739,229.357487816,236.991881956
1618476539157,-90.066499894,230.357505640,234.991882182
1618476539251,-91.066499194,229.357512406,236.991882267
1618476539345,-94.066502349,227.357481919,235.991881882
1618476539439,-94.066500333,229.357501402,236.991882128
1618476539533,-98.066500349,236.357501240,236.991882126
1618476539627,-95.066498873,229.357515503,234.991882306
1618476539721,-94.066499419,228.357510232,235.991882240
1618476539815,-91.066499194,229.357512406,236.991882267
1618476539904,-92.066500665,228.357498195,234.991882087
1618476539998,-89.066499897,229.357505613,236.991882181
1618476540092,-93.066501421,228.357490886,236.991881995
1618476540186,-92.066499751,227.357507025,233.991882199
1618476540280,-95.066502192,226.357483441,236.991881901
1618476540374,-91.066499194,229.357512406,236.991882267
1618476540468,-90.066499739,228.357507135,237.991882200
1618476540562,-97.066499644,227.357508058,234.991882212
1618476540656,-94.066502720,228.357478334,237.991881837
1618476540750,-93.066502318,232.357482220,237.991881886
1618476540844,-91.066502107,231.357484257,236.991881911
1618476540938,-91.066500667,227.357498168,236.991882087
1618476541032,-95.066500158,231.357503087,237.991882149
1618476541124,-73.911192615,402.766544960,240.208148700
1618476541218,-92.066500665,228.357498195,234.991882087
1618476541312,-93.066499593,226.357508547,234.991882218
1618476541406,-92.066501036,229.357494609,236.991882042
1618476541500,-94.066500876,229.357496157,235.991882062
1618476541594,-94.066499419,228.357510232,235.991882240
1618476541688,-96.066500389,228.357500860,240.991882121
1618476541782,-95.066501787,231.357487354,234.991881950
1618476541876,-96.066502206,224.357483304,234.991881899
1618476541970,-92.066500665,228.357498195,234.991882087
1618476542064,-91.066502124,228.357484094,236.991881909
1618476542158,-96.066502560,228.357479882,236.991881856
1618476542252,-96.066499801,228.357506536,233.991882193
1618476542343,-93.066500507,227.357499716,235.991882107
1618476542437,-89.066502284,228.357482545,237.991881890
1618476542531,-97.066501067,234.357494310,234.991882038
1618476542625,-93.066502878,229.357476812,236.991881817
1618476542719,-94.066501978,226.357485505,233.991881927
