1618476517149,-7.931167700,264.592875817,382.013987633
1618476517241,-10.931169182,260.592863052,380.013987332
1618476517333,-9.931168838,261.592866019,381.013987402
1618476517425,-8.931170785,261.592849251,380.013987006
1618476517517,-9.931167485,258.592877669,381.013987677
1618476517609,-8.931167596,264.592876713,380.013987654
1618476517701,-7.931169992,263.592856082,380.013987168
1618476517793,-11.931169202,263.592862879,380.013987328
1618476517885,-8.931170785,261.592849251,380.013987006
1618476517983,-8.931169107,262.592863696,381.013987347
1618476518077,-9.931168672,260.592867447,383.013987436
1618476518171,-5.931171877,262.592839845,383.013986785
1618476518265,-9.931168838,261.592866019,381.013987402
1618476518359,-9.931170232,262.592854010,377.013987119
1618476518453,-10.931167671,262.592876069,379.013987639
1618476518547,-8.931169107,262.592863696,381.013987347
1618476518641,-9.931171253,263.592845215,381.013986911
1618476518735,-10.931169182,260.592863052,380.013987332
1618476518829,-9.931168389,262.592869883,380.013987493
1618476518923,-5.931169793,262.592857794,379.013987208
1618476519017,-8.931170460,265.592852046,381.013987072
1618476519111,-9.931168389,262.592869883,380.013987493
1618476519200,-7.931167576,261.592876886,380.013987658
1618476519295,-9.931170805,264.592849079,380.013987002
1618476519390,-7.931170281,267.592853586,380.013987109
1618476519485,-8.931167596,264.592876713,380.013987654
1618476519580,-6.931167846,262.592874562,380.013987604
1618476519675,-9.931170681,261.592850147,378.013987028
1618476519770,-8.931171847,260.592840097,380.013986790
1618476519865,-7.931168929,264.592865236,380.013987384
1618476519960,-9.931170314,267.592853301,383.013987102
1618476520055,-9.931168838,261.592866019,381.013987402
1618476520150,-6.931170586,260.592850964,379.013987047
1618476520245,-8.931171233,260.592845388,381.013986915
1618476520340,-7.931168639,260.592867732,380.013987442
1618476520436,-9.931171253,263.592845215,381.013986911
1618476520530,-9.931168555,263.592868455,378.013987460
1618476520624,-8.931169066,264.592864055,385.013987356
1618476520718,-7.931171951,260.592839202,382.013986769
1618476520812,-10.931168244,264.592871138,382.013987523
1618476520906,-6.931170876,264.592848467,379.013986988
1618476521000,-9.931170515,260.592851575,380.013987061
1618476521094,-9.931170190,264.592854369,381.013987127
1618476521188,-9.931171087,262.592846643,383.013986945
1618476521282,-6.931171773,262.592840741,381.013986806
1618476521376,-9.931170066,261.592855438,379.013987152
1618476521470,-7.931169992,263.592856082,380.013987168
1618476521564,-8.931167596,264.592876713,380.013987654
1618476521655,-14.931169746,263.592858200,380.013987218
1618476521750,-7.931170606,263.592850791,379.013987043
1618476521845,-6.931169930,262.592856614,384.013987180
1618476521940,-9.931171419,264.592843788,379.013986878
1618476522035,-6.931167846,262.592874562,380.013987604
1618476522130,-8.931169722,262.592858405,380.013987222
1618476522225,-9.931168672,260.592867447,383.013987436
1618476522320,-9.931168962,264.592864951,383.013987377
1618476522415,-8.931170785,261.592849251,380.013987006
1618476522510,-7.931171503,261.592843065,381.013986860
1618476522605,-4.931169282,262.592862189,382.013987312
1618476522700,-10.931169921,263.592856693,381.013987182
1618476522795,-7.931169501,266.592860304,383.013987267
1618476522891,-9.931168838,261.592866019,381.013987402
1618476522985,-9.931167775,262.592875173,381.013987618
1618476523079,-9.931171867,263.592839925,380.013986786
1618476523173,-6.931167846,262.592874562,380.013987604
1618476523267,-9.931169410,263.592861088,384.013987286
1618476523361,-7.931171096,260.592846568,376.013986943
1618476523455,-12.931170285,265.592853553,380.013987108
1618476523549,-8.931167879,262.592874278,383.013987597
1618476523643,-10.931171149,263.592846111,379.013986932
1618476523737,-7.931171054,262.592846928,380.013986952
1618476523831,-9.931168389,262.592869883,380.013987493
1618476523925,-9.931170025,263.592855797,383.013987161
1618476524019,-9.931167775,262.592875173,381.013987618
1618476524108,-6.931171324,263.592844604,380.013986897
1618476524202,-10.931167505,261.592877497,381.013987673
1618476524296,-8.931168825,264.592866131,378.013987405
1618476524390,-7.931170889,261.592848355,382.013986985
1618476524484,-4.931170511,262.592851607,380.013987062
1618476524578,-8.931168210,264.592871422,379.013987530
1618476524672,-8.931168210,264.592871422,379.013987530
1618476524766,-6.931171324,263.592844604,380.013986897
1618476524860,-7.931168314,264.592870526,381.013987508
1618476524954,-13.931169567,265.592859739,379.013987254
1618476525048,-10.931168244,264.592871138,382.013987523
1618476525142,-9.931170190,264.592854369,381.013987127
1618476525236,-7.931167866,265.592874390,380.013987600
1618476525325,-8.931169273,263.592862268,379.013987314
1618476525419,-8.931171357,263.592844320,383.013986890
1618476525513,-7.931167576,261.592876886,380.013987658
1618476525607,-9.931170066,261.592855438,379.013987152
1618476525701,-9.931167609,261.592876601,383.013987652
1618476525795,-7.931169992,263.592856082,380.013987168
1618476525889,-9.931169742,265.592858233,380.013987218
1618476525983,-7.931171054,262.592846928,380.013986952
1618476526077,-8.931169722,262.592858405,380.013987222
1618476526171,-8.931170170,261.592854542,381.013987131
1618476526265,-7.931168639,260.592867732,380.013987442
1618476526359,-9.931171867,263.592839925,380.013986786
1618476526453,-13.931167890,266.592874184,380.013987595
1618476526544,-9.931171867,263.592839925,380.013986786
1618476526638,-9.931171419,264.592843788,379.013986878
1618476526732,-9.931169003,262.592864592,379.013987368
1618476526826,-10.931169182,260.592863052,380.013987332
1618476526920,-6.931170586,260.592850964,379.013987047
1618476527014,-12.931168933,262.592865203,380.013987383
1618476527108,-7.931170606,263.592850791,379.013987043
1618476527202,-9.931171867,263.592839925,380.013986786
1618476527296,-9.931169169,263.592863164,377.013987335
1618476527390,-11.931170106,267.592855092,379.013987144
1618476527484,-7.931171503,261.592843065,381.013986860
1618476527578,-9.931169169,263.592863164,377.013987335
1618476527672,-8.931170785,261.592849251,380.013987006
1618476527766,-8.931168086,261.592872491,377.013987555
1618476527860,-9.931167658,265.592876181,376.013987642
1618476527954,-11.931168023,267.592873041,375.013987568
1618476528048,-7.931170647,261.592850432,375.013987034
1618476528142,-11.931170879,262.592848435,379.013986987
1618476528236,-6.931168294,261.592870699,381.013987512
1618476528330,-9.931170846,262.592848719,376.013986994
1618476528424,-9.931168431,260.592869523,376.013987485
1618476528518,-8.931167680,260.592875994,372.013987637
1618476528612,-8.931168252,262.592871063,375.013987521
1618476528706,-6.931171980,261.592838954,375.013986764
1618476528800,-9.931170115,265.592855018,372.013987143
1618476528894,-5.931168696,262.592867237,366.013987431
1618476528982,-7.931168247,262.592871105,355.013987522
1618476529076,-7.931171725,263.592841147,355.013986815
1618476529170,-11.931171475,264.592843302,345.013986866
1618476529264,-7.931167690,263.592875905,332.013987635
1618476529358,-10.931168938,265.592865155,320.013987382
1618476529452,-12.931167569,267.592876950,344.013987660
1618476529546,-9.931168337,263.592870330,334.013987504
1618476529640,-10.931169820,260.592857560,342.013987202
1618476529734,-9.931170553,263.592851242,323.013987053
1618476529828,-8.931169131,262.592863495,344.013987343
1618476529922,-13.931171900,262.592839644,373.013986780
1618476530016,-11.931169311,263.592861942,402.013987306
1618476530110,-13.931168564,262.592868376,408.013987458
1618476530201,-10.931169623,262.592859259,398.013987243
1618476530295,-13.931171900,262.592839644,373.013986780
1618476530389,-10.931170501,262.592851691,367.013987064
1618476530483,-11.931168687,262.592867321,353.013987433
1618476530577,-13.931171267,264.592845093,341.013986908
1618476530671,-11.931171242,261.592845308,321.013986913
1618476530765,-17.931168998,263.592864636,286.013987369
1618476530859,-13.931170783,260.592849263,260.013987007
1618476530953,-21.931170559,267.592851191,327.013987052
1618476531047,-38.722424096,103.737445601,387.195355927
1618476531141,-19.931171817,267.592840359,418.013986797
1618476531235,-22.931170611,264.592850745,463.013987042
1618476531329,-26.931167772,265.592875203,472.013987619
1618476531424,-26.931171009,266.592847321,465.013986961
1618476531518,-34.931171149,263.592846112,460.013986932
1618476531612,-41.931169779,277.592857911,445.013987211
1618476531706,-29.931170740,293.592849634,427.013987015
1618476531800,-36.931170454,286.592852102,417.013987074
1618476531894,-2.931169281,319.592862199,406.013987312
1618476531988,0.068831896,292.592872342,402.013987551
1618476532082,-71.931171627,305.592841995,395.013986835
1618476532176,-96.931169616,408.592859317,395.013987244
1618476532270,12.068831628,459.592870028,390.013987497
1618476532364,83.068829698,385.592853411,388.013987105
1618476532458,66.068831620,282.592869960,392.013987495
1618476532552,47.068831548,214.592869338,387.013987480
1618476532642,0.068830755,178.592862511,383.013987319
1618476532737,-35.931167614,215.592876558,384.013987651
1618476532832,-40.931170192,210.592854354,385.013987127
1618476532927,-72.931168751,212.592866769,381.013987420
1618476533022,-112.931170250,290.592853858,386.013987115
1618476533117,-137.931168432,380.592869515,386.013987485
1618476533212,-81.931170087,537.592855259,381.013987148
1618476533307,-9.931168607,517.592868007,382.013987449
1618476533402,-26.931167693,488.592875882,382.013987635
1618476533497,42.068830628,463.592861421,380.013987294
1618476533592,50.068828152,414.592840095,382.013986790
1618476533687,58.068831625,390.592870006,380.013987496
1618476533782,71.068832210,355.592875045,381.013987615
1618476533876,67.068830542,308.592860675,377.013987276
1618476533970,56.068831391,289.592867986,380.013987448
1618476534064,42.068828211,277.592840598,380.013986802
1618476534158,32.068830170,270.592857473,381.013987200
1618476534252,22.068830611,267.592861271,380.013987290
1618476534346,16.068829814,263.592854407,380.013987128
1618476534440,15.068832499,260.592877535,380.013987674
1618476534534,8.068828653,261.592844404,379.013986892
1618476534628,5.068830401,262.592859460,381.013987247
1618476534722,1.068828160,264.592840163,380.013986792
1618476534816,0.068829948,259.592855564,382.013987155
1618476534910,-0.931169333,259.592861751,381.013987301
1618476535004,-3.931169428,260.592860934,380.013987282
1618476535095,-2.931171658,258.592841730,382.013986829
1618476535190,-2.931168021,262.592873055,381.013987568
1618476535285,-1.931167552,260.592877091,380.013987663
1618476535380,-1.931171479,260.592843270,381.013986865
1618476535475,-7.931168639,260.592867732,380.013987442
1618476535570,-3.931170657,260.592850352,378.013987032
1618476535665,-4.931168096,260.592872411,380.013987553
1618476535760,-4.931170221,258.592854104,380.013987121
1618476535855,-5.931168116,263.592872239,380.013987549
1618476535950,-7.931171171,259.592845920,385.013986928
1618476536045,-5.931169627,261.592859222,381.013987242
1618476536140,-8.931168535,260.592868628,378.013987464
1618476536235,-9.931169286,260.592862156,382.013987311
1618476536327,-6.931167680,261.592875990,382.013987637
1618476536421,-11.931167850,260.592874529,380.013987603
1618476536515,-7.931171054,262.592846928,380.013986952
1618476536609,-5.931169178,262.592863085,380.013987333
1618476536703,-7.931171669,262.592841637,379.013986827
1618476536797,-5.931169951,257.592856427,380.013987176
1618476536891,-5.931170690,260.592850068,381.013987026
1618476536985,-6.931168460,262.592869271,379.013987479
1618476537079,-5.931167950,262.592873667,382.013987582
1618476537173,-3.931169428,260.592860934,380.013987282
1618476537267,-8.931170950,262.592847823,378.013986973
1618476537361,-8.931170336,262.592853114,379.013987098
1618476537455,-9.931171984,260.592838917,385.013986763
1618476537546,-6.931169689,262.592858690,377.013987229
1618476537640,-6.931171158,262.592846032,382.013986931
1618476537734,-5.931168116,263.592872239,380.013987549
1618476537828,-8.931170336,262.592853114,379.013987098
1618476537922,-8.931170170,261.592854542,381.013987131
1618476538016,-5.931170199,263.592854290,384.013987125
1618476538110,-7.931171503,261.592843065,381.013986860
1618476538204,-8.931168825,264.592866131,378.013987405
1618476538298,-8.931170170,261.592854542,381.013987131
1618476538392,-10.931167671,262.592876069,379.013987639
1618476538486,-8.931170619,260.592850679,382.013987040
1618476538580,-5.931168281,264.592870811,378.013987515
1618476538674,-10.931171722,265.592841180,382.013986816
1618476538771,-9.931171984,260.592838917,385.013986763
1618476538864,-6.931170502,264.592851682,387.013987064
1618476538957,-8.931170170,261.592854542,381.013987131
1618476539050,-9.931171585,265.592842360,377.013986844
1618476539143,-7.931169992,263.592856082,380.013987168
1618476539236,-7.931168929,264.592865236,380.013987384
1618476539329,-6.931171200,260.592845673,378.013986922
1618476539422,-8.931170785,261.592849251,380.013987006
1618476539515,-8.931168900,263.592865483,387.013987389
1618476539608,-8.931168045,263.592872850,381.013987563
1618476539701,-9.931169452,261.592860729,380.013987277
1618476539794,-9.931170970,265.592847651,378.013986969
1618476539887,-10.931171432,261.592843676,382.013986875
1618476539983,-4.931170511,262.592851607,380.013987062
1618476540077,-4.931168096,260.592872411,380.013987553
1618476540171,-9.931170515,260.592851575,380.013987061
1618476540265,-5.931168564,262.592868376,381.013987458
1618476540359,-8.931171565,262.592842533,377.013986848
1618476540453,-6.931168909,261.592865408,380.013987388
1618476540547,-7.931171503,261.592843065,381.013986860
1618476540641,-6.931171158,262.592846032,382.013986931
1618476540735,-5.931171594,264.592842281,380.013986842
1618476540829,-9.931170066,261.592855438,379.013987152
1618476540923,-7.931171951,260.592839202,382.013986769
1618476541017,-8.931169349,262.592861620,388.013987298
1618476541111,-9.931169901,260.592856865,381.013987186
1618476541202,-4.931168385,264.592869915,380.013987494
1618476541296,-10.931167505,261.592877497,381.013987673
1618476541390,-10.931170983,262.592847539,381.013986966
1618476541484,-6.931168867,263.592865768,384.013987396
1618476541578,-9.931170515,260.592851575,380.013987061
1618476541672,-12.931171962,264.592839108,379.013986767
1618476541766,-10.931169182,260.592863052,380.013987332
1618476541860,-8.931169722,262.592858405,380.013987222
1618476541954,-6.931168129,260.592872127,383.013987546
1618476542048,-7.931170889,261.592848355,382.013986985
1618476542142,-4.931170062,263.592855471,379.013987153
1618476542236,-7.931169253,260.592862441,379.013987318
1618476542330,-7.931167576,261.592876886,380.013987658
1618476542419,-9.931169452,261.592860729,380.013987277
1618476542513,-6.931169315,262.592861905,385.013987305
1618476542607,-7.931171054,262.592846928,380.013986952
1618476542701,-6.931167846,262.592874562,380.013987604
