1610679209598,190.559990827,220.524855658,359.351276706
1610679209692,127.406084390,185.936063366,500.176869341
1610679209786,133.923842859,190.947902448,502.682769435
1610679209880,192.065910225,216.513016450,384.904590496
1610679209974,175.524473973,221.524855677,387.410468553
1610679210068,122.900164980,182.936063582,505.694595145
1610679210162,173.524473991,213.501177829,409.963734990
1610679210256,192.065910282,213.513016635,354.833528843
1610679210350,125.912003966,182.430144212,497.682740019
1610679210444,159.500796002,198.971580178,451.564406623
1610679210538,199.583668625,225.536694259,351.327651988
1610679210632,128.417923291,193.453821629,476.117699885
1610679210726,148.465279139,193.453821741,467.599924451
1610679210816,128.923842791,182.430143798,492.153205284
1610679210910,141.947520691,201.971580111,453.070336184
1610679211004,151.465279206,189.947902479,490.153167392
1610679211098,204.595507719,227.042614191,359.845341712
1610679211192,152.465279142,198.477499656,429.011131040
1610679211286,129.417923406,187.441983047,508.694596947
1610679211380,198.077749264,221.018936204,373.880870626
1610679211474,167.006715535,205.983419314,397.434150415
1610679211568,120.900164954,177.418305069,507.694607733
1610679211662,192.065910359,215.007097406,387.916364053
1610679211756,179.536312905,225.030775086,378.386800911
1610679211850,116.888325953,185.441982822,502.682792029
1610679211944,179.042232334,207.489338592,397.434180439
1610679212037,192.065910291,226.536694571,362.351282795
1610679212131,129.417923398,189.453821973,498.659084130
1610679212225,162.994876600,201.477499899,455.070289154
1610679212319,199.583668707,224.030775049,352.327611705
1610679212413,129.417923315,192.959741183,469.105849234
1610679212507,147.465279231,199.465660991,482.635396591
1610679212601,205.089588204,229.536694590,352.327602020
1610679212695,143.453440215,199.971580265,446.552554515
1610679212789,132.417923402,181.924224603,496.659082171
1610679212883,199.583668669,223.524855448,356.845388945
1610679212977,167.006715546,208.995258304,412.469661853
1610679213071,207.595507638,219.018936022,352.327622842
1610679213165,192.065910290,219.513016660,374.374961442
1610679213254,177.030393446,207.995258283,389.916389745
1610679213348,114.382406588,176.924224753,502.682737406
1610679213442,185.054071281,213.501177528,404.951941597
1610679213536,181.042232400,218.513016714,369.869033740
1610679213630,124.406084392,181.430143898,499.659109652
1610679213724,166.006715525,203.983419282,432.517027921
1610679213818,196.077749200,223.524855474,349.821707080
1610679213912,125.406084369,192.947902254,480.635442943
1610679214006,153.477118083,198.971580140,472.611768096
1610679214100,196.583668702,226.030775031,348.315775515
1610679214194,182.042232343,213.007097052,373.880900638
1610679214288,144.947520685,188.453821661,487.647292345
1610679214382,212.113266131,227.536694657,358.845350292
1610679214473,150.465279116,206.983419047,421.493385596
1610679214567,129.417923348,181.924224429,495.176866918
1610679214661,204.595507633,224.524855481,368.363142399
1610679214755,171.018554452,211.995258150,398.940087708
1610679214849,132.417923323,191.947902253,510.200557295
1610679214943,187.054071308,205.489338661,397.434170150
1610679215037,179.536312848,214.513016471,373.880909388
1610679215131,127.912003886,182.430143954,507.682779040
1610679215225,176.030393436,206.983419297,417.481508837
1610679215319,141.441601268,196.465660809,452.070309802
1610679215413,124.406084386,184.936063353,487.647273935
1610679215507,161.994876558,198.971580286,448.046631799
1610679215601,204.089588136,220.018935939,346.315796479
1610679215693,130.417923336,191.453821775,472.611758345
1610679215787,143.453440168,189.947902207,474.623611006
1610679215881,204.595507698,230.548533598,352.327593754
1610679215975,144.453440262,199.971580416,440.540692767
1610679216069,141.947520765,184.936063492,490.659091950
1610679216163,197.583668650,227.030774864,361.857237084
1610679216257,156.983037608,205.983419250,407.963757542
1610679216351,129.417923360,181.430143944,501.188700066
1610679216445,120.406084338,175.418304767,504.188733793
1610679216539,175.524473948,214.007097166,387.410480839
1610679216633,124.406084403,175.418304980,515.200540616
1610679216727,184.548151834,213.501177622,408.457846831
1610679216821,179.548151808,216.513016492,357.351308809
1610679216911,116.394245427,181.430143859,502.682793354
1610679217005,159.500796017,202.983419180,440.034801879
1610679217099,182.559990822,225.030775119,352.327601131
1610679217193,111.406084453,195.453822001,482.635401984
1610679217287,135.477118136,209.477499789,458.082144709
1610679217381,141.583668735,420.042614093,352.327598021
1610679217475,-102.052479289,259.465660700,461.094004076
1610679217569,120.465279154,307.453821788,464.599917312
1610679217663,-7.404492410,264.513016391,349.327646199
1610679217757,70.477118070,211.983419050,416.999304592
1610679217851,198.417923423,106.936063625,491.670910810
1610679217945,232.583668800,64.513016919,359.363083348
1610679218039,149.512634911,147.007096896,384.940119056
1610679218130,104.912003810,157.430143707,482.200574791
1610679218224,183.065910311,205.007097251,316.916387428
1610679218318,167.524473949,214.513016647,507.386802348
1610679218412,109.382406547,182.936063572,445.670918725
1610679218506,174.030393430,200.477499800,764.999270308
1610679218600,194.583668772,227.042614212,697.845338539
1610679218694,185.548151862,212.007097189,782.422316295
1610679218788,158.488957026,191.959741153,627.094014806
1610679218882,201.583668731,226.030775125,296.327600227
1610679218976,131.923842860,198.465660879,426.093977112
1610679219070,142.947520678,191.453821639,453.635456701
1610679219164,200.089588145,222.524855447,336.327630643
1610679219258,144.465279159,197.465660758,419.011122688
1610679219350,133.923842857,182.430144011,493.176851033
1610679219444,199.583668718,212.513016652,359.363123626
1610679219538,164.500796000,206.489338603,394.940098381
1610679219632,116.900164984,174.912385688,502.682754246
1610679219726,192.065910234,214.007097003,398.446022293
1610679219820,203.595507609,235.054452787,353.833556758
1610679219914,122.406084438,173.912385616,509.200523662
1610679220008,177.030393431,204.983419279,420.999269953
1610679220102,192.065910290,230.042614042,360.351283628
1610679220196,128.417923348,187.947902334,490.659108687
1610679220290,153.477118078,203.983419078,452.564414656
1610679220384,202.089588214,230.042614100,350.327596955
1610679220478,130.417923456,188.947902684,454.576183178
1610679220568,145.453440141,189.441982642,479.635463321
1610679220662,209.101427173,234.054453069,351.327594578
1610679220756,143.959359615,202.971580015,431.022994819
1610679220850,127.923842845,180.430143971,497.670937517
1610679220944,192.065910253,216.513016540,359.857221084
1610679221038,169.006715582,211.501177898,400.445966164
1610679221132,113.382406426,178.924224230,507.694655408
1610679221226,193.065910230,217.513016466,387.916427084
1610679221320,179.536312842,216.513016451,375.386831959
1610679221414,129.417923304,179.924224286,502.682807965
1610679221508,185.042232349,211.501177596,418.987448133
1610679221602,192.065910231,222.018935946,352.327634334
1610679221696,126.912003867,186.441982844,487.153191283
1610679221787,162.994876557,198.971580280,444.552552197
1610679221881,200.583668705,227.030775042,345.821693407
1610679221975,135.429762322,193.959741357,464.093983937
1610679222069,148.465279246,204.983419469,437.022919152
1610679222163,196.583668689,222.524855512,348.821701422
1610679222257,151.477118140,193.959741369,429.022948363
1610679222351,128.923842817,184.430143880,490.153192903
1610679222445,194.065910258,227.536694463,361.351299203
1610679222539,164.500796091,203.983419422,401.951892626
1610679222633,125.912003941,173.912385702,500.682752209
1610679222727,190.559990769,219.513016516,391.422338906
1610679222821,179.536312855,221.018935969,371.880906147
1610679222915,118.394245490,181.936063541,505.694601343
1610679223006,176.030393438,211.501177734,415.987427365
1610679223100,194.065910356,225.030775304,349.327573156
1610679223194,124.406084396,182.924224433,497.176866299
1610679223288,154.983037566,192.453821730,450.564409299
1610679223382,199.583668689,228.536694466,352.327620845
1610679223476,136.935681729,193.959741129,468.611776888
1610679223570,138.453440255,199.453821964,482.635407672
1610679223664,204.595507638,223.030774975,345.315783988
1610679223758,147.959359751,204.983419410,431.517008620
1610679223852,131.923842847,187.441982931,493.670936525
1610679223946,197.077749171,221.018935903,359.351318696
1610679224040,169.512634994,217.007097165,398.940078377
1610679224134,126.912003901,176.912385572,505.188691243
1610679224224,190.065910246,219.513016518,388.916419231
1610679224318,131.417923397,182.430144063,502.682762665
1610679224412,118.394245457,182.430143956,494.670939858
1610679224506,175.524473895,207.995258040,421.493379619
1610679224600,192.065910282,224.030775064,358.845367890
1610679224694,122.900164889,189.441982764,481.141364387
1610679224788,155.477118163,197.465660922,461.082131717
1610679224882,204.595507662,226.536694529,347.315772249
1610679224976,135.429762386,193.959741562,457.082114033
1610679225070,138.441601315,186.947902530,482.635401135
1610679225164,209.101427193,234.548533660,352.833503936
1610679225258,146.959359674,206.983419159,423.505207599
1610679225352,126.912003861,184.936063349,502.188710933
1610679225441,157.983037620,200.971580335,456.070302390
1610679225535,176.524473886,217.513016442,398.940108523
1610679225629,125.912003827,178.430143760,504.694647256
1610679225723,182.042232336,214.501177552,397.434179503
1610679225817,188.559990766,217.513016508,366.363145438
1610679225911,116.888325974,179.418304983,505.188701196
1610679226005,172.018554453,203.983419202,424.999281715
1610679226099,196.077749217,232.042613956,343.809860267
1610679226193,127.912003894,186.441982931,475.623580744
1610679226287,154.983037644,192.453821982,467.599888024
1610679226381,207.101427090,231.548533325,342.809876590
1610679226475,134.429762301,201.477499718,447.552558030
1610679226569,187.054071391,215.513016836,392.434129607
1610679226662,200.583668691,218.513016566,351.327619766
1610679226756,159.488957070,206.983419201,412.469684481
1610679226850,129.417923334,179.924224382,499.682793468
1610679226944,202.089588154,221.524855474,380.398660375
1610679227038,175.524473982,222.513016753,382.904544763
1610679227132,118.900164893,181.430143823,503.188718272
1610679227226,181.536312897,212.501177676,403.963758151
1610679227320,193.065910285,220.524855596,367.869044458
1610679227414,123.406084489,177.924224733,489.153143001
1610679227508,162.994876525,208.983419131,440.034809209
1610679227602,204.089588275,232.054453251,346.315728129
1610679227696,200.583668692,224.536694475,353.833538936
1610679227790,150.465279175,191.453821855,472.611746200
1610679227880,210.101427157,227.030775114,346.327601997
1610679227974,149.465279226,198.465660974,440.034768026
1610679228068,131.923842829,183.936063396,490.153186901
1610679228162,204.595507716,222.018936275,354.845343092
1610679228256,164.500796108,211.995258427,406.457804196
1610679228350,121.900164890,179.924224340,500.176880406
1610679228444,184.548151876,213.513016713,389.422309187
1610679228538,179.536312930,227.524855688,372.880869551
1610679228632,129.417923384,181.430144021,505.694607949
1610679228726,nan,nan,nan
