1610679513723,252.099506998,290.017710822,244.661877335
1610679513817,134.407935647,234.956537003,323.984481497
1610679513911,97.885068888,198.864456429,397.168643849
1610679514005,244.961042774,284.740829130,260.784865768
1610679514099,164.223125635,251.787188704,300.015388673
1610679514193,83.192848552,194.726015579,405.583969445
1610679514284,231.699640831,274.187059271,278.615516608
1610679514379,87.762076705,204.710561374,379.476434680
1610679514474,78.915972182,189.879910331,403.583969394
1610679514569,203.022868646,256.356409704,302.153830519
1610679514664,216.007410461,273.756282071,250.938761121
1610679514759,77.054432729,199.864455108,394.030201906
1610679514854,177.346121804,243.802641566,332.969027932
1610679514949,236.838069502,289.879269637,245.092656466
1610679515044,85.900513962,204.572119942,382.045655631
1610679515139,143.961704952,221.971990392,354.938120797
1610679515234,249.530291078,294.017710378,241.384993621
1610679515329,100.592724451,216.695108105,357.938120907
1610679515424,121.284952431,211.418222758,384.184097330
1610679515517,89.608190230,199.295235064,399.583969333
1610679515611,132.977160178,238.525757602,330.830586070
1610679515705,94.177400490,194.156794171,398.876306648
1610679515799,245.822604314,285.740828830,257.646423905
1610679515893,161.084691651,251.648746168,297.876946779
1610679515987,85.192857775,184.879910161,406.153190301
1610679516081,225.561191570,276.187059930,279.477074820
1610679516175,191.899896246,268.479396572,273.338632934
1610679516269,75.777543175,194.587571951,406.722411144
1610679516363,210.868964165,258.494852349,304.153830583
1610679516457,217.145853800,278.325502857,250.369540191
1610679516551,74.346755485,195.587572715,398.876306606
1610679516645,200.884421161,258.633293884,308.292272398
1610679516738,233.838073962,292.448490161,245.523435515
1610679516833,90.331301415,201.433677359,383.045655573
1610679516928,143.961684818,223.971992180,359.645783697
1610679517023,251.530278723,297.725374234,239.954214627
1610679517118,103.592741644,217.125885658,354.507341707
1610679517213,126.423381913,208.849002935,380.476434658
1610679517308,245.530278932,299.586932376,247.661877384
1610679517403,133.838710103,232.387316494,327.692144289
1610679517498,98.454291934,197.726014401,395.737864754
1610679517593,248.530290491,285.740826751,254.507981902
1610679517688,163.084682200,253.217967926,306.153830524
1610679517783,252.668730678,295.725373336,245.661877315
1610679517878,232.699630335,274.187060203,277.907853922
1610679517971,191.899881793,266.340956016,279.046295794
1610679518065,73.777538428,191.018351453,406.722411177
1610679518159,208.730528235,257.494851825,308.723051461
1610679518253,217.145860548,276.756281338,258.215644742
1610679518347,74.915979698,191.587572423,395.737864743
1610679518441,179.053782208,241.802641775,329.399807029
1610679518535,239.976519819,290.310047965,248.231098247
1610679518629,83.762091590,201.433676374,380.045655495
1610679518723,151.669357434,225.541212224,352.368899949
1610679518817,247.391837301,291.017711438,236.246551865
1610679518911,198.745992936,274.617839113,272.338632989
1610679519005,118.284946677,211.849002349,383.184097371
1610679519099,250.530260581,295.586934005,247.800319352
1610679519190,130.131045454,241.664200341,334.538248900
1610679519285,93.177412578,205.572118616,398.876306563
1610679519380,238.684169591,284.602386359,252.507982016
1610679519475,157.084686619,251.787188454,302.153830493
1610679519570,78.054400428,194.156795217,406.722411329
1610679519665,223.561197042,278.894722204,281.184737541
1610679519760,193.607552219,267.479397174,277.615516660
1610679519855,70.639076430,195.156795082,401.860853157
1610679519950,207.299762164,259.494850670,293.153830450
1610679520045,103.592731225,211.418223824,341.215004538
1610679520140,73.777546648,193.587571643,339.307085602
1610679520235,177.915332663,244.371863379,434.399807083
1610679520330,231.838063825,291.448491061,183.661877426
1610679520427,85.900517627,206.141340536,636.753318365
1610679520520,149.669376494,228.679652372,823.938120736
1610679520613,242.391841695,294.017711048,369.384993673
1610679520706,87.592745835,221.264327126,272.507341677
1610679520799,105.284938455,216.418223999,341.614876508
1610679520892,224.099489246,305.448491478,226.661877458
1610679520985,80.977169080,357.525756812,319.830586008
1610679521078,-127.253361229,249.726013549,392.737864687
1610679521171,110.915977656,156.587572604,400.583969356
1610679521264,93.223128520,214.648746609,297.015388653
1610679521357,45.915974571,158.587572878,404.722411217
1610679521450,282.991974870,133.187059556,279.184737550
1610679521543,173.899873894,197.910177637,274.046295849
1610679521642,54.639078423,170.879911226,406.722411304
1610679521737,195.592075267,245.787190054,301.723051539
1610679521832,212.145848598,274.463945158,256.077202986
1610679521927,69.777540905,191.726013992,397.876306561
1610679522022,168.207668012,239.802642627,337.107469855
1610679522117,238.545735570,291.017711183,247.661877363
1610679522212,80.623639747,204.710560941,376.476434645
1610679522307,177.346105369,244.802643025,340.245911726
1610679522402,251.530279998,292.017711362,240.954214618
1610679522497,101.592740663,220.264327585,354.507341713
1610679522592,116.146483285,207.279783343,389.322539361
1610679522687,251.099487965,297.586933431,247.231098387
1610679522782,129.269491787,238.525758102,329.830586110
1610679522876,97.746628827,194.726014432,404.583969355
1610679522970,242.684169936,286.171607248,260.784865692
1610679523064,162.223125279,249.648746896,303.723051435
1610679523158,72.915964694,197.587573755,404.153190366
1610679523252,229.130404273,276.187060660,281.184737637
1610679523346,194.607557881,268.910175752,274.907853861
1610679523440,245.391843551,289.879269043,252.507981938
1610679523534,203.453641034,254.787189378,306.292272405
1610679523628,220.284286314,281.033166444,251.938761175
1610679523722,76.346756418,198.295235392,396.307085680
1610679523816,178.346107287,243.802642855,334.107469873
1610679523910,238.976501532,291.448491428,242.523435615
1610679524004,84.331322488,208.141338247,380.045655426
1610679524097,142.823274741,218.833547521,362.784225315
1610679524191,248.961048446,293.586933225,236.815772853
1610679524285,111.438835061,222.402770330,354.938120865
1610679524379,115.438830297,209.849003395,385.753318373
1610679524473,251.099489038,291.448491496,252.800319299
1610679524567,224.284308581,287.740827227,252.938761020
1610679524661,92.608183902,195.726014706,403.583969377
1610679524755,243.253394062,283.602386044,262.215644750
1610679524849,170.500010582,253.787188592,299.446167745
1610679524943,77.346751721,193.587573050,402.722411231
1610679525037,230.699643041,279.187059075,290.030842111
1610679525131,196.607550513,267.910176406,270.200191154
1610679525225,71.208301838,191.587573764,401.583969447
1610679525315,195.745976116,252.217968650,302.723051501
1610679525410,219.853504632,281.463945755,257.646423953
1610679525505,74.915985664,198.295234653,405.307085621
1610679525600,174.207683149,238.094978524,338.245911589
1610679525695,136.407923341,232.818096256,325.122923422
1610679525790,85.900527825,204.141339631,382.045655534
1610679525885,142.684800577,226.541213149,366.353446460
1610679525980,251.099507020,291.017710820,242.523435495
1610679526075,105.300395326,220.833549223,354.938120850
1610679526170,115.577279456,204.710560906,393.030202000
1610679526265,251.099495047,292.448490963,249.661877418
1610679526360,141.254026076,238.094980101,326.692144355
1610679526455,92.038971146,194.726013981,401.445527480
1610679526549,245.822609979,281.463944648,262.354086625
1610679526644,164.792343312,253.787188992,300.015388696
1610679526739,73.915974426,191.587572891,415.568515817
1610679526834,66.500637287,191.587573923,404.153190380
1610679526929,197.176754896,273.617840633,275.477074948
1610679527024,70.639079026,194.587573932,406.153190380
1610679527119,198.176752106,255.356410764,307.999935201
1610679527214,221.853530738,283.171606197,251.369540092
1610679527309,72.915976107,195.726014581,392.168643849
1610679527404,165.361583566,243.233419918,334.107469714
1610679527499,239.545717486,294.017712788,242.523435650
1610679527594,86.900524078,207.418223642,371.199550962
1610679527689,141.254029086,219.264328797,369.061109166
1610679527785,251.668723727,293.017711194,246.661877364
1610679527879,109.869621502,223.971990596,350.368899894
1610679527973,138.546366040,224.402770662,367.061109168
1610679528067,250.530285655,294.017710859,255.507981936
1610679528161,142.392483791,241.664199611,323.984481485
1610679528255,94.608192691,196.156793006,396.876306556
1610679528349,240.114952529,284.171606936,269.630970267
1610679528443,169.500025808,256.356408160,295.738504879
1610679528537,76.915969025,191.156794290,408.722411256
