1610678675162,147.373907566,250.066509829,323.939429411
1610678675256,212.302296354,227.375512660,325.175970305
1610678675350,138.989887072,257.220298370,324.897956236
1610678675444,188.775927158,237.959787681,326.090261288
1610678675538,228.347820711,225.885718725,329.230782720
1610678675628,152.602879268,251.253205152,324.947549787
1610678675722,151.549558143,252.637539775,324.943712428
1610678675816,139.793524756,254.197310218,325.908170181
1610678675910,172.678754823,244.103548001,329.038903818
1610678676004,131.549055839,259.935300466,324.870848512
1610678676098,145.798382649,250.181870099,324.948262026
1610678676192,162.652777082,245.126694306,324.998735031
1610678676286,174.406146900,242.662532355,324.023338262
1610678676380,168.295636759,243.797491782,327.012006349
1610678676474,170.754502832,245.900303506,326.020964254
1610678676568,153.829375923,249.075924697,325.959304251
1610678676662,180.888855529,241.932250081,327.050598550
1610678676756,222.373907465,224.795231185,327.201732922
1610678676846,168.839287089,242.869367522,328.021273132
1610678676940,149.532242209,250.643857993,326.943649345
1610678677034,157.863532395,249.333703981,324.966714895
1610678677128,195.942964572,235.344687164,327.116371553
1610678677222,148.213252209,252.665614092,324.953416544
1610678677316,195.100638556,234.016913000,326.109659767
1610678677410,193.676576486,237.171644289,327.108114864
1610678677504,180.176075742,241.367934012,325.066217340
1610678677598,153.890889825,250.688600703,326.963171457
1610678677692,180.705732008,239.999067984,327.049931412
1610678677786,196.857705535,233.375796385,326.116060945
1610678677880,109.302288130,265.958039330,327.800730529
1610678677974,168.571613639,241.602157038,325.023941074
1610678678067,185.482308707,241.256196073,326.067332979
1610678678161,127.385784172,258.994874848,326.870253696
1610678678255,152.691743437,249.126143883,324.958802842
1610678678349,124.354344426,261.830740900,325.851923636
1610678678443,117.824212710,264.213447985,323.828133685
1610678678537,121.346430823,265.198507277,327.848251702
1610678678631,177.418058714,240.739155021,325.052526492
1610678678725,158.682553734,248.034860400,327.969698675
1610678678819,171.011181805,245.806646772,327.021899362
1610678678913,205.183550492,233.067629222,327.139106658
1610678679007,153.711530824,249.118923884,324.958874929
1610678679101,175.901803176,242.751920111,326.032430198
1610678679195,160.400174049,246.313500427,324.986885458
1610678679293,165.408255092,245.851036343,325.001487316
1610678679389,138.503458563,254.303149243,323.907113439
1610678679485,149.490045288,250.294375887,326.947138721
1610678679581,165.414723035,243.754039716,325.012440192
1610678679677,153.982657556,249.019995468,324.959862672
1610678679773,152.531433519,247.549516455,324.954575711
1610678679869,168.867739339,246.318501379,327.006804369
1610678679965,173.264674640,243.714152593,325.022822863
1610678680061,141.276802496,255.750730124,326.902644603
1610678680157,160.074317546,249.621671803,326.963839703
1610678680253,175.137903763,244.125287478,329.018717919
1610678680349,218.010854592,227.481853601,325.174908552
1610678680445,218.175156694,233.516539847,325.164577809
1610678680545,191.910813407,243.127178915,324.988745771
1610678680637,208.927424845,241.566965658,325.014308018
1610678680729,291.405733257,227.905590390,326.110771259
1610678680821,372.606341057,252.387581359,324.816410643
1610678680913,197.235268992,379.440972257,326.055503674
1610678681005,146.666430116,239.689532273,325.933208892
1610678681097,84.427723633,264.695662190,324.903194425
1610678681189,172.538580830,217.182029682,324.958244854
1610678681281,148.575687955,352.911915394,325.911019683
1610678681373,58.694506658,442.665620160,326.973385326
1610678681465,71.779726814,210.850097079,324.141278591
1610678681557,126.495741301,198.751813015,316.932587055
1610678681649,184.068971594,220.042135182,199.069470253
1610678681745,235.674062090,215.307164657,64.246543669
1610678681839,179.765434470,239.707041559,314.042862705
1610678681933,178.192510179,239.186331786,410.048061691
1610678682027,173.250089150,242.084353401,385.019126623
1610678682121,138.970126489,256.132871978,328.908813559
1610678682215,143.811044521,250.731402144,361.922806425
1610678682309,161.150380133,246.134402690,261.978689225
1610678682403,166.043158060,245.619373665,320.003800334
1610678682497,202.149728039,232.444849191,329.135340335
1610678682591,136.479532157,255.406516095,335.896096960
1610678682685,139.971266364,254.132456061,326.908817712
1610678682779,179.963140655,242.540266138,331.054512283
1610678682873,150.556471254,249.175501844,329.958310031
1610678682964,189.231149827,237.063928806,326.099205920
1610678683058,193.728844888,238.247209265,325.097375971
1610678683152,167.776919404,242.892124173,325.021045920
1610678683246,172.815867162,244.783276347,324.032117124
1610678683340,205.652052635,234.707409465,326.162672086
1610678683434,129.707302255,260.607317434,325.864138811
1610678683528,183.144369111,237.649745350,325.073388038
1610678683622,127.983710995,260.141582855,325.868788902
1610678683716,189.314584088,237.857879760,327.081294358
1610678683810,136.428016109,257.425313212,322.895909282
1610678683904,155.579412660,248.072494398,324.969322922
1610678683998,174.080962647,242.686548606,327.033082894
1610678684092,112.348377091,262.116828089,323.819113958
1610678684184,163.000947169,244.729412139,324.992717242
1610678684278,162.104198553,245.597101279,325.004022711
1610678684372,167.752828128,243.265793441,328.017315049
1610678684466,136.872582401,253.438706013,327.915744405
