1616035601781,1.598375
1616035601875,1.456128
1616035601969,-2.311845
1616035602063,-2.395754
1616035602157,1.427397
1616035602251,2.031380
1616035602345,0.165844
1616035602439,-0.302857
1616035602533,-2.189813
1616035602627,-1.895676
1616035602721,2.513955
1616035602815,2.596286
1616035602909,-1.478863
1616035603009,-1.694339
1616035603103,-0.569500
1616035603197,-0.003521
1616035603291,2.110320
1616035603385,1.930961
1616035603479,-2.539791
1616035603573,-2.375600
1616035603667,0.978260
1616035603761,1.668961
1616035603855,0.714724
1616035603949,0.591041
1616035604043,-2.477325
1616035604137,-2.156812
1616035604228,2.131959
1616035604323,2.677043
1616035604418,-0.465617
1616035604513,-1.062073
1616035604608,-1.587266
1616035604703,-1.069360
1616035604798,2.457208
1616035604893,2.281916
1616035604988,-1.890428
1616035605083,-2.061102
1616035605178,0.317924
1616035605273,0.443562
1616035605368,1.579147
1616035605459,1.236588
1616035605553,-2.404893
1616035605647,-2.484932
1616035605741,1.496336
1616035605835,2.179953
1616035605929,0.078898
1616035606023,-0.407173
1616035606117,-2.033193
1616035606211,-1.677210
1616035606305,2.151889
1616035606399,2.293719
1616035606493,-1.613979
1616035606587,-2.182504
1616035606682,-1.051038
1616035606777,-0.668987
1616035606872,2.051607
1616035606967,1.868074
1616035607062,-2.638130
1616035607157,-2.773950
1616035607252,0.566598
1616035607347,0.984672
1616035607442,0.213657
1616035607537,0.045736
1616035607632,-3.416255
1616035607727,-3.344943
1616035607822,0.976899
1616035607915,0.776089
1616035608009,-2.006775
1616035608103,-2.902698
1616035608197,-3.640690
1616035608291,-3.817209
1616035608385,-1.020097
1616035608479,-1.744155
1616035608573,-6.009804
1616035608667,-6.263080
1616035608761,-2.944260
1616035608855,-1.050262
1616035608949,1.092237
1616035609043,1.999576
1616035609132,-1.058314
1616035609227,-0.042909
1616035609322,4.358887
1616035609417,5.255323
1616035609512,3.353429
1616035609607,2.469582
1616035609702,-0.483861
1616035609797,-0.563194
1616035609892,3.027248
1616035609987,2.951980
1616035610082,-0.737104
1616035610177,-1.455411
1616035610272,-0.612717
1616035610370,-0.212706
1616035610464,2.390377
1616035610558,2.197216
1616035610652,-2.183752
1616035610746,-2.163363
1616035610840,0.906088
1616035610934,1.218809
1616035611028,1.169470
1616035611122,0.879466
1616035611216,-2.455024
1616035611310,-2.293114
1616035611404,2.120139
1616035611498,2.114529
1616035611589,-0.498332
1616035611684,-0.707469
1616035611779,-1.610957
1616035611874,-1.152084
1616035611969,2.414359
1616035612064,2.562742
1616035612159,-1.807748
1616035612254,-2.385187
1616035612349,-0.112391
1616035612444,0.325778
1616035612539,1.883363
1616035612634,1.383326
1616035612729,-2.505011
1616035612824,-2.437185
1616035612918,1.729088
1616035613012,1.965902
1616035613106,0.435879
1616035613200,-0.099913
1616035613294,-2.152463
1616035613388,-1.818657
1616035613482,2.419318
1616035613576,2.294875
1616035613670,-1.361664
1616035613764,-1.560884
1616035613858,-0.926937
1616035613952,-0.419848
1616035614040,2.259933
1616035614135,1.939058
1616035614230,-2.344935
1616035614325,-2.641246
1616035614420,1.022831
1616035614515,1.445821
1616035614610,1.124813
1616035614705,0.714867
1616035614800,-2.197384
1616035614895,-2.061122
1616035614990,2.100922
1616035615085,2.564621
1616035615180,-0.578532
1616035615273,-0.855266
1616035615367,-1.204437
1616035615461,-1.184635
1616035615555,2.380151
1616035615649,2.266973
1616035615743,-1.936404
1616035615837,-2.208474
1616035615931,0.301226
1616035616025,0.722538
1616035616119,1.651778
1616035616213,1.391792
1616035616307,-2.489877
1616035616401,-2.266891
1616035616493,1.792486
1616035616587,2.216059
1616035616681,0.292053
1616035616775,-0.240241
1616035616869,-1.604488
1616035616963,-1.374395
1616035617057,2.595855
1616035617151,2.639511
1616035617245,-1.436385
1616035617339,-1.796690
1616035617433,-0.507547
nan,nan
nan,nan
