1618476551909	-108.588467	134.418508	241.991096
1618476552003	-62.647439	146.92186	238.787099
1618476552093	-94.789253	120.476669	234.003077
1618476552187	-76.173749	174.462187	250.168653
1618476552281	-114.336391	144.06146	229.707256
1618476552375	-125.617809	131.489867	237.013914
1618476552469	-93.283686	127.927233	217.710334
1618476552563	-125.440108	171.846575	234.352322
1618476552657	-102.326246	129.521752	236.5562
1618476552751	-116.033367	102.742846	242.037236
1618476552845	-97.256541	153.748348	235.453823
1618476552939	-75.63331	134.795267	221.797367
1618476553033	-104.196118	173.939015	251.138382
1618476553127	-112.354787	148.280469	246.489668
1618476553221	-94.892848	91.885175	253.072423
1618476553313	-95.638176	175.156579	264.510408
1618476553407	-91.732063	176.559033	245.171249
1618476553501	-95.771485	130.582107	232.069379
1618476553595	-116.572888	142.512118	255.189336
1618476553689	-91.263705	168.938934	263.132683
1618476553783	-102.632755	93.503231	237.828059
1618476553877	-113.237263	193.308266	253.34529
1618476553971	-82.741324	179.352996	241.278576
1618476554065	-102.366281	164.576579	241.620638
1618476554159	-82.272467	171.13643	254.752856
1618476554253	-84.738898	177.038935	231.367784
1618476554347	-103.262949	174.661529	237.253275
1618476554441	-82.92471	208.247097	242.489205
1618476554532	-103.105409	153.510953	259.103214
1618476554626	-114.011088	158.772918	248.387353
1618476554720	-71.216813	192.534413	251.246466
1618476554814	-71.090192	241.212315	232.019337
1618476554908	-95.543583	212.807994	237.430861
1618476555002	-81.98027	170.725353	232.173737
1618476555096	-79.879222	160.66586	240.894598
1618476555190	-87.37358	159.749879	251.535996
1618476555284	-73.766175	167.958777	243.310526
1618476555378	-110.132201	182.306579	238.296494
1618476555472	-75.221137	134.395094	232.292261
1618476555566	-62.948801	158.180853	242.394703
1618476555660	-107.534511	116.391935	270.97047
1618476555750	-138.573523	165.870196	236.606462
1618476555844	-96.277165	159.402529	251.891665
1618476555938	-77.776271	183.407545	247.301052
1618476556032	-81.21351	199.265321	233.425305
1618476556126	-79.981403	173.220783	246.729424
1618476556220	-51.90066	171.098401	254.394167
1618476556314	-85.546506	189.107193	229.533862
1618476556408	-109.305064	159.827456	240.359722
1618476556502	-82.042628	171.646586	245.569693
1618476556596	-92.153689	185.312969	236.900081
1618476556690	-85.892133	146.933604	237.515317
1618476556784	-103.25061	128.776397	242.428991
1618476556878	-112.309309	121.130401	222.591412
1618476556968	-109.917376	203.935528	247.990681
1618476557062	-108.617964	215.113156	235.815745
1618476557156	-107.316435	143.613614	265.020034
1618476557250	-126.060969	164.727967	252.512723
1618476557344	-98.513743	213.586742	224.931603
1618476557438	-58.142852	172.228277	236.584255
1618476557532	-74.234259	174.078384	233.394178
1618476557626	-74.287171	159.117091	220.845011
1618476557720	-81.269991	158.853057	242.743118
1618476557814	-91.511363	214.71191	225.03931
1618476557908	-84.183673	183.452926	234.891512
1618476558002	-71.337435	148.967338	257.033499
1618476558096	-93.025742	182.797303	242.402798
1618476558187	-117.15669	176.035086	215.992538
1618476558281	-74.935212	140.874048	248.815312
1618476558375	-92.56056	157.194264	250.554293
1618476558469	-79.303644	151.874896	223.661924
1618476558563	-89.889819	142.769393	248.147912
1618476558657	-126.299852	164.201284	235.093677
1618476558751	-68.643533	185.46061	242.745521
1618476558845	-75.060016	124.509438	241.482583
1618476558939	-71.579735	151.978201	248.817359
1618476559033	-111.737307	169.303005	225.471872
1618476559127	-104.658738	127.536325	228.3679
1618476559221	-104.170169	172.217586	219.709697
1618476559315	-93.279465	151.152884	226.176608
1618476559405	-109.485885	115.074796	235.612001
1618476559499	-61.624291	131.340613	249.42637
1618476559593	-86.728001	97.876133	244.539769
1618476559687	-87.034279	112.586354	243.094312
1618476559781	-75.926531	112.403473	233.357033
1618476559875	-74.746317	138.711468	226.783496
1618476559969	-93.724663	138.437755	253.865617
1618476560063	-81.406484	139.025717	250.944386
1618476560157	-90.932837	198.382052	248.206711
1618476560251	-91.485226	140.088789	245.314147
1618476560345	-78.789025	141.783326	227.504432
1618476560439	-122.774634	184.211118	232.22343
1618476560533	-73.623524	191.84948	247.072906
1618476560632	-73.908983	184.237482	245.423644
1618476560726	-101.23089	142.904162	255.420412
1618476560820	-98.402885	99.864231	251.13411
1618476560914	-106.395634	77.908276	254.052122
1618476561008	-93.058965	175.647921	254.118791
1618476561102	-109.567955	141.282904	243.202705
1618476561196	-116.108024	154.103765	256.503725
1618476561290	-93.953503	156.079524	249.62072
1618476561384	-129.298073	169.859917	266.457104
1618476561478	-86.603008	123.354057	243.233352
1618476561572	-74.793944	165.766847	250.837394
1618476561666	-63.795555	84.844424	256.242623
1618476561760	-157.060526	127.593102	224.682603
1618476561850	-125.299964	85.091715	247.368251
1618476561945	-87.308163	156.626816	229.722349
1618476562040	-99.091794	168.540054	223.758037
1618476562135	-97.200188	175.193122	230.221422
1618476562230	-131.084848	134.837379	229.823038
1618476562325	-101.727804	163.333678	227.973658
1618476562420	-130.475551	199.127803	248.829356
1618476562515	-113.93903	202.697109	230.358413
1618476562610	-100.889138	188.609867	250.492946
1618476562705	-122.599471	228.722996	220.513287
1618476562800	-132.810319	165.75257	237.649819
1618476562895	-195.6481	274.247678	166.466511
1618476562990	-165.985748	442.105135	153.86363
1618476563085	-16.144288	388.654391	157.008193
1618476563179	-6.716419	283.039407	206.309884
1618476563273	-11.441351	178.590567	250.220144
1618476563367	-67.175611	65.95541	263.039554
1618476563461	-99.25256	47.298591	295.313646
1618476563555	-142.723182	204.053267	250.847127
1618476563649	-150.441251	32.070335	270.822886
1618476563743	-206.325462	144.177353	254.493908
1618476563837	-251.63929	212.08443	229.359524
1618476563931	-235.773556	313.898799	189.883646
1618476564025	-114.212158	499.742444	127.340148
1618476564119	-115.180532	567.301996	109.416476
1618476564213	-112.774215	535.211115	117.993481
1618476564306	-52.609229	440.397087	104.673511
1618476564401	-78.151584	387.011219	139.005916
1618476564496	-7.152168	358.804218	159.878975
1618476564591	-29.816748	265.59173	156.685756
1618476564686	54.863471	264.773079	156.904215
1618476564781	-45.209986	195.815059	167.150927
1618476564876	-19.12253	150.056328	126.81235
1618476564971	-22.031599	163.45758	161.839294
1618476565066	-59.949525	150.891764	169.454417
1618476565161	-84.799225	85.732788	171.5919
1618476565256	-92.265751	144.821342	194.370698
1618476565351	-90.270306	141.368455	249.43278
1618476565446	-86.642445	139.150299	321.808182
1618476565539	-98.164782	197.765778	281.472813
1618476565633	-105.543333	188.225148	242.158121
1618476565727	-82.933503	178.265704	237.812182
1618476565821	-77.663353	118.165027	193.587974
1618476565915	-79.171966	152.780495	188.821713
1618476566009	-78.753036	150.611699	78.846824
1618476566103	-57.936662	156.527715	108.486071
1618476566197	-112.545384	163.795	257.465
1618476566291	-73.806285	168.933827	269.471518
1618476566385	-68.620918	68.866374	320.104439
1618476566479	-85.752191	148.420228	369.779253
1618476566573	-87.792846	171.926393	341.607057
1618476566667	-98.058301	176.240099	328.565232
1618476566757	-88.586982	91.925385	307.60605
1618476566852	-104.706923	149.162066	294.857649
1618476566947	-98.024769	197.63016	277.924453
1618476567042	-75.458086	120.944041	249.596364
1618476567137	-124.409145	165.328433	253.424159
1618476567232	-92.471555	159.298765	260.203782
1618476567327	-89.337989	122.337834	253.472309
1618476567422	-61.349114	125.711942	246.561455
1618476567517	-122.446229	141.935084	243.843996
1618476567612	-87.313865	165.922808	264.483261
1618476567707	-98.508395	147.086855	234.035794
1618476567802	-88.878343	143.796318	251.972487
1618476567897	-68.435329	122.097405	243.012971
1618476567992	-99.458467	129.411744	247.033913
1618476568086	-120.561385	89.319043	249.349471
1618476568180	-135.213302	157.270393	234.452969
1618476568274	-88.640608	187.07879	221.415426
1618476568368	-120.48343	124.259216	247.536679
1618476568462	-67.342252	134.968244	235.533255
1618476568556	-80.885555	180.059035	216.793687
1618476568650	-101.824647	147.803792	241.417169
1618476568744	-133.689898	181.038699	258.211477
1618476568838	-76.968258	147.606782	245.290137
1618476568932	-108.751339	152.65229	236.920124
1618476569026	-98.545467	141.313113	247.016975
1618476569120	-122.443909	182.567633	239.597409
1618476569212	-96.244006	177.234467	230.582249
1618476569307	-82.909823	145.298455	241.738388
1618476569402	-91.030355	173.871221	256.792551
1618476569497	-53.512746	194.625925	228.433121
1618476569592	-93.484305	116.452026	253.093467
1618476569687	-93.393479	157.793888	240.093317
1618476569782	-97.771554	70.173889	215.661649
1618476569877	-91.961396	203.829631	246.959042
1618476569972	-90.968127	184.695884	228.179969
1618476570067	-69.78117	134.795455	230.518047
1618476570162	-84.417737	216.298731	232.461326
1618476570257	-108.153323	207.916674	241.110911
1618476570352	-90.059099	192.403758	249.20005
1618476570443	-98.173035	156.461145	211.899931
1618476570537	-79.88123	150.481978	224.448489
1618476570631	-68.232949	100.906697	233.006537
1618476570725	-114.999317	116.16788	227.913495
1618476570819	-97.326235	113.6661	247.801226
1618476570913	-73.720644	227.906167	243.302085
1618476571007	-113.013975	185.371523	243.436314
1618476571101	-97.72981	110.037103	241.252787
1618476571195	-98.017725	140.974275	228.872304
1618476571289	-105.031433	108.370714	239.930009
1618476571383	-108.205201	177.535019	252.368861
1618476571477	-84.233566	121.715056	246.33382
1618476571571	-99.186041	170.809574	251.138362
1618476571662	-102.33832	196.664661	246.988722
1618476571756	-101.606574	140.446631	234.839558
1618476571850	-97.516281	180.194536	241.323828
1618476571944	-95.072711	105.19211	225.268933
1618476572038	-99.550451	166.484227	252.76181
1618476572132	-99.234361	219.563392	215.008098
1618476572226	-107.617858	142.099285	249.710976
1618476572320	-109.976864	133.435508	256.811968
1618476572414	-109.612801	153.533876	230.463976
1618476572508	-83.554653	100.681524	248.571302
1618476572602	-130.066786	179.751497	230.101638
1618476572696	-106.374364	140.551012	237.702465
1618476572790	-107.326891	71.088836	239.998938
1618476572883	-83.570037	140.155513	263.572146
1618476572977	-83.422936	139.989622	259.564728
1618476573071	-99.36876	167.294449	250.076589
1618476573165	-92.034697	208.985501	263.661537
1618476573259	-86.357482	222.303044	240.668466
1618476573353	-90.667219	143.769968	235.612614
1618476573447	-77.834785	125.298158	247.188397
1618476573541	-75.814449	125.245506	242.028934
1618476573635	-94.722811	113.126052	241.662274
1618476573729	-84.422316	234.309239	244.258035
nan	nan	nan	nan
