1618477895185,-543.888993856,-92.196178913,1025.617676666
1618477895279,-641.531989880,31.775432127,697.360164995
1618477895373,25.311628005,430.347306840,-191.097983346
1618477895467,493.869291712,619.304664960,-598.669869894
1618477895561,187.940370044,316.375763811,29.516552452
1618477895655,-482.903244069,-93.196117859,943.303295539
1618477895743,-626.203387212,-51.538960500,965.631891851
1618477895837,-56.002750351,355.032931808,-94.455012001
1618477895931,454.212110877,678.290433543,-642.327057565
1618477896025,230.597571464,475.004494531,-156.440794694
1618477896119,-316.274475376,47.104015813,720.688759976
1618477896213,-642.531983973,-132.853333143,984.960485855
1618477896307,-280.617282930,172.075574491,272.459685902
1618477896401,-563.217609649,-51.538950675,1028.617674108
1618477896495,435.883510309,557.318879326,-413.712521045
1618477896589,-33.674168120,395.690142654,-75.126419139
1618477896683,-646.531979450,-92.196152890,1025.617674987
1618477896777,230.597574422,392.690111889,-110.783605748
1618477896871,247.926150497,496.333116980,-438.041116667
1618477896965,-684.189178055,-50.538945834,1004.289079499
1618477897059,8.983030252,170.075587354,255.131090775
1618477897153,393.226337640,577.647444252,-558.012679229
1618477897247,-584.546203386,-11.881763112,700.360165423
1618477897341,-684.189171451,-92.196146606,1024.617674581
1618477897435,473.540698939,575.647473557,-643.327058307
1618477897529,-377.260261038,151.746992408,377.102656599
1618477897623,-559.217594707,-10.881789637,984.960487292
1618477897717,435.883520354,517.661672207,-521.355491335
1618477897811,-72.331361909,312.375775048,29.516551727
1618477897905,-661.860566648,-175.510543172,1104.932053019
1618477897999,288.583346083,454.675915490,-194.097984272
1618477898093,146.283177995,476.004524559,-376.055333898
1618477898190,-663.860565109,-93.196168821,983.960487421
1618477898285,67.968811680,271.718561537,167.816713413
1618477898380,369.897710499,558.318910528,-559.012683137
1618477898475,-380.260274183,4.446856572,823.331729567
1618477898570,-195.302926724,48.104047404,577.388597860
1618477898665,431.883502057,598.976083139,-642.327059293
1618477898760,-482.903230825,86.761206387,518.402816879
1618477898855,-505.231817085,-51.538968513,925.974703774
1618477898950,430.883508269,598.976071683,-540.684087069
1618477899045,-240.960100750,176.075586319,132.159525060
1618477899140,-625.203394690,-113.524729599,1002.289079555
1618477899235,390.226336544,497.333069087,-317.069547796
1618477899330,25.311606543,333.704374938,-215.426580197
1618477899426,-685.189175576,-175.510516188,1105.932051278
1618477899520,209.268978045,334.704332834,73.173742677
1618477899614,45.640206262,248.389987751,270.459683575
1618477899708,-646.531989185,-73.867540640,984.960485235
1618477899802,-118.988551218,108.089833398,475.745626175
1618477899896,472.540699364,556.318878476,-599.669869663
1618477899990,-505.231821330,47.104010800,640.374383112
1618477900084,-343.603075276,7.446837554,802.003136497
1618477900178,491.869279732,638.633281351,-583.341277023
1618477900272,-281.617282786,146.746979929,274.459685919
1618477900366,-545.889013762,-73.867547903,1066.274862891
1618477900460,428.883527874,534.990252634,-398.383924658
1618477900554,1.983029831,394.690125398,-113.783606620
1618477900643,-688.189169417,-134.853338951,1065.274863417
1618477900737,364.897730774,454.675901653,-212.426577676
1618477900831,160.611784025,514.661691513,-378.055332502
1618477900925,-672.860596571,-91.196110798,1003.289077974
1618477901019,16.311609829,212.732803095,353.774060508
1618477901113,419.883514574,598.976060054,-641.327057804
1618477901207,-555.889012700,-51.538955565,802.003137157
1618477901301,-280.288688724,51.104008878,700.360166127
1618477901395,450.540700583,642.633253414,-643.327058111
1618477901489,-413.260280347,153.418433723,338.445465707
1618477901583,-499.903222251,-31.867563802,986.960486729
1618477901677,365.226324180,661.976063375,-459.369709346
1618477901771,-73.659939649,376.047150215,7.187959400
1618477901860,380.212106602,706.961847128,-604.669869480
1618477901955,245.240531923,525.675920570,-235.755173194
1618477902050,153.940358596,658.675945003,-337.398146255
1618477902145,-625.189191881,12.818108181,1105.932049338
1618477902240,169.297423873,314.718528532,191.145309840
1618477902335,444.897719089,575.976083281,-522.355493521
1618477902430,-598.874801773,-183.524727054,821.331730718
1618477902525,-202.974318802,51.761210870,576.388599481
1618477902620,389.883518849,538.647457873,-643.327057295
1618477902715,-460.260276018,34.104048551,515.402814895
1618477902810,-535.917452298,76.446837247,881.317513705
1618477902905,385.526484817,768.976062343,-601.669869358
1618477903000,277.226318413,1009.633262603,-556.012681516
1618477903101,-641.531975333,230.475245220,1103.932052664
1618477903196,-178.974316839,341.761207251,576.388599714
1618477903291,109.311616353,608.690139736,-156.440796139
1618477903386,-311.260253446,180.104006923,489.074223284
1618477903481,235.611797984,378.718534207,41.845149395
1618477903576,550.540702290,652.647467376,-512.026897830
1618477903671,-613.189163402,-50.196161451,923.303298351
1618477903766,-503.217613424,-92.524726603,990.946267956
1618477903861,441.226334936,605.976043537,-698.327056738
1618477903956,103.968801488,438.347334710,-262.097985144
1618477904051,-286.274498760,24.775464643,715.017351491
1618477904146,234.268991063,292.047120232,60.173744226
1618477904241,-299.274472168,172.075575679,368.116874419
1618477904332,0.654436609,409.018717711,-93.783606492
1618477904426,381.897734847,473.004488437,-424.383925864
1618477904520,404.226319531,511.661694761,-346.740955523
1618477904614,-614.203371515,-98.196178043,1031.603459500
1618477904708,-638.531987592,-117.524732172,998.603456909
1618477904802,235.597564994,494.333100760,-493.383927027
1618477904896,296.583351670,576.647470968,-473.712520874
1618477904990,-35.674157209,213.732773859,317.116873801
1618477905084,-91.659939532,169.075584217,584.745628244
1618477905178,-538.889014930,-56.538951453,850.674542595
1618477905272,-518.560414843,6.446820760,763.702977502
1618477905366,519.197875504,597.976090037,-560.327059738
1618477905460,519.197900987,678.290420228,-470.684085222
1618477905549,-477.903236422,-53.538943369,945.317513558
1618477905643,-562.217602767,-74.867557663,1038.960486333
1618477905737,-112.988528150,290.047139525,132.502337278
1618477905831,-33.674165617,330.704355146,-60.455013138
1618477905925,354.569124714,455.675923346,-214.755173373
1618477906019,168.611787552,354.032930634,25.187959560
1618477906113,-662.860603080,-155.181881684,1098.603454387
1618477906207,-679.189176471,-132.853325942,994.960485390
1618477906301,331.240549367,536.990265586,-511.355491275
1618477906395,434.883506625,579.647480417,-594.669870156
1618477906489,-92.659949851,128.418414654,502.074221313
1618477906583,-318.274487682,50.104038509,727.688758512
1618477906677,-481.903241739,9.446849328,662.702975659
1618477906768,-317.274463669,112.089777113,419.759846915
1618477906863,515.197868372,597.976103190,-538.684089102
1618477906958,474.540701059,515.661686755,-475.698303679
1618477907053,-561.217625516,-153.181892896,1028.617672220
1618477907148,-681.189178579,-155.181916353,1127.260645218
1618477907243,6.983040918,353.032916356,-131.112199598
1618477907338,110.626005524,417.018711932,-295.740954791
1618477907433,271.254764952,392.690108318,-30.469228330
1618477907528,49.640205168,270.718584066,173.816711960
1618477907623,-722.846372690,-112.524717582,985.960484483
1618477907718,-581.546213067,-50.538933853,885.317512944
1618477907813,374.897725703,597.976071082,-598.669869921
1618477907908,434.883499638,596.976087599,-639.327059581
1618477908004,-317.274468471,50.104003078,698.360166501
1618477908098,-396.588874596,-31.210320741,905.646106027
1618477908192,-336.603076330,108.089810982,396.431250433
1618477908286,-238.960091669,214.732758165,193.145309032
1618477908380,516.197897912,556.318860116,-438.041114103
1618477908474,370.897721134,494.333108025,-336.398144605
1618477908568,-682.189169706,-174.510527013,1108.932051977
1618477908662,-683.189161426,-173.510542284,1167.917835853
1618477908756,172.611775955,455.675923505,-294.740956274
1618477908850,231.597555798,497.333117720,-394.383928121
1618477908944,72.968810877,231.061374425,173.816713318
1618477909038,-11.345574396,233.061389335,437.088438216
1618477909132,-623.203414389,-52.538910379,901.646105727
1618477909223,-543.889015792,-13.881761268,701.360165304
1618477909316,433.883514493,618.304654500,-658.655652110
1618477909409,434.883508940,595.976070444,-583.341275583
1618477909502,-378.260248229,-10.881785589,883.317515546
1618477909595,-561.217625305,-96.196110394,988.960483651
1618477909688,-213.631510830,149.747000094,213.473901727
1618477909781,-95.659939563,290.047150057,-12.140634886
1618477909874,373.897739611,516.661668246,-315.069548110
1618477909967,187.940369206,355.032953950,68.173740946
1618477910060,-645.531999367,-93.196116159,1190.246426992
1618477910153,-663.860580305,-114.524735092,1044.946268503
1618477910246,252.926155611,535.990296141,-397.383927465
1618477910339,393.226322994,597.976065560,-539.684086674
1618477910438,-54.002761913,232.061387349,375.102655453
1618477910532,-176.974320898,132.418403329,599.717193528
1618477910626,-522.560435929,-31.210328946,741.017352181
1618477910720,-499.231821235,68.432604922,557.060005935
1618477910814,433.883498096,599.976090444,-599.669871171
1618477910908,455.212098494,599.976079191,-537.684087554
1618477911002,-541.889025583,-72.867526103,962.631890000
1618477911096,-600.874796964,-112.524735924,1004.289079963
1618477911190,-114.988542432,314.375760163,7.187958391
1618477911284,28.311638756,393.690098419,-133.112199176
1618477911378,273.254761389,456.675897780,-110.783605942
1618477911472,209.268985329,395.690102292,27.516554949
1618477911566,-723.846359347,-134.853336488,1066.274863258
1618477911659,-725.846350504,-73.867569907,1003.289081420
1618477911754,396.226313393,558.318894674,-537.684087817
1618477911849,435.883515972,638.633246069,-579.341274747
1618477911944,-110.988533956,129.418395859,517.402816822
1618477912039,-324.274480804,46.104025825,700.360165033
1618477912134,-439.246043250,50.104019672,619.045788243
1618477912229,-399.588849294,132.418386970,393.431251614
1618477912324,476.540692325,597.976080050,-539.684087609
1618477912419,395.226325882,538.990277343,-438.041114846
1618477912514,-586.546213248,-172.510499299,1026.617673001
1618477912609,-606.874792300,-112.524744525,1085.603457706
1618477912704,27.311629764,355.032926410,-132.112200246
1618477912799,233.597570289,515.661685293,-457.369709288
1618477912894,149.283188248,355.032939868,-11.140635333
1618477912988,126.954596948,294.047151450,252.131090884
1618477913082,-666.860583239,-115.524729682,983.960485263
1618477913176,-643.531986577,-52.538951152,886.317514060
1618477913270,330.240548888,598.976049359,-560.012679926
1618477913364,430.883507871,638.633261010,-659.655652898
