1618477118578,-94.177365260,228.539180773,237.010034264
1618477118672,-94.177389438,230.539212381,237.010034470
1618477118766,-92.177367048,231.539183111,231.010034279
1618477118860,-94.177370336,230.539187409,235.010034307
1618477118954,-90.177385355,230.539207043,235.010034435
1618477119048,-93.177367814,226.539184112,237.010034286
1618477119142,-94.177374256,227.539192534,236.010034341
1618477119236,-95.177371702,229.539189195,236.010034319
1618477119330,-90.177387893,231.539210361,234.010034457
1618477119424,-95.177388311,231.539210908,232.010034460
1618477119518,-94.177382980,232.539203938,237.010034415
1618477119608,-94.177377349,229.539196577,237.010034367
1618477119702,-98.177375019,234.539193531,232.010034347
1618477119796,-94.177377349,229.539196577,237.010034367
1618477119890,-93.177370352,227.539187430,236.010034307
1618477119984,-95.177371147,228.539188469,234.010034314
1618477120078,27.492401919,69.479139939,235.973086269
1618477120172,-92.177390070,228.539213208,234.010034475
1618477120266,-95.177380698,228.539200955,235.010034395
1618477120360,-96.177387140,229.539209377,234.010034450
1618477120454,-93.177366987,231.539183031,237.010034279
1618477120548,-94.177382379,228.539203153,242.010034410
1618477120642,-93.177367814,226.539184112,237.010034286
1618477120736,-94.177370336,230.539187409,235.010034307
1618477120833,-93.177377965,230.539197383,233.010034372
1618477120927,-94.177370336,230.539187409,235.010034307
1618477121021,-92.177383612,230.539204765,234.010034420
1618477121115,-97.177378128,233.539197596,234.010034374
1618477121209,-92.177374616,231.539193005,235.010034344
1618477121303,-96.177373068,228.539190981,237.010034330
1618477121397,-96.177377589,229.539196891,233.010034369
1618477121491,-93.177379348,226.539199190,235.010034384
1618477121585,-92.177392608,229.539216525,233.010034497
1618477121679,-96.177392215,231.539216012,232.010034494
1618477121773,-97.177370514,230.539187642,237.010034309
1618477121867,-97.177389061,229.539211889,237.010034467
1618477121961,-94.177379331,229.539199169,234.010034384
1618477122057,-96.177366610,230.539182539,237.010034275
1618477122151,-95.177379871,233.539199874,235.010034388
1618477122245,-97.177376417,227.539195359,235.010034359
1618477122339,-96.177383174,229.539204193,240.010034417
1618477122433,-96.177375606,229.539194299,236.010034352
1618477122527,-94.177369225,228.539185957,231.010034298
1618477122621,-98.177392410,228.539216267,235.010034495
1618477122715,-95.177385773,230.539207591,233.010034439
1618477122809,-94.177383807,227.539205020,237.010034422
1618477122903,-96.177369148,231.539185856,236.010034297
1618477122997,-93.177394529,229.539219037,236.010034513
1618477123091,-96.177382664,231.539203526,231.010034412
1618477123185,-97.177369959,229.539186917,235.010034304
1618477123273,-99.177384781,228.539206293,237.010034430
1618477123367,-97.177370514,230.539187642,237.010034309
1618477123461,-97.177393582,230.539217798,233.010034505
1618477123555,-98.177387334,226.539209631,237.010034452
1618477123649,-101.177370122,232.539187129,236.010034305
1618477123743,-100.177372121,229.539189742,234.010034322
1618477123837,-98.177389872,227.539212949,236.010034474
1618477123931,-100.177393760,230.539218032,235.010034507
1618477124025,-101.177388669,231.539211376,236.010034463
1618477124119,-106.177364910,229.539180316,234.010034261
1618477124213,-104.177387737,229.539210158,234.010034455
1618477124307,-105.177382645,230.539203501,235.010034412
1618477124401,-105.177382645,230.539203501,235.010034412
1618477124489,-108.177366260,231.539182081,234.010034272
1618477124584,-111.177377972,231.539197392,234.010034372
1618477124679,-121.177370924,234.539188178,235.010034312
1618477124774,-129.177375226,253.539193802,237.010034349
1618477124869,-111.177371355,271.539188741,234.010034316
1618477124964,-95.177386281,301.539208254,233.010034443
1618477125059,-87.177381435,294.539201919,235.010034402
1618477125154,-129.177371578,250.539189033,234.010034318
1618477125249,-193.177384977,309.539206550,234.010034432
1618477125344,-138.177390190,449.539213364,237.010034476
1618477125439,-26.177386733,403.539208845,238.010034447
1618477125534,-7.177386431,207.539208450,234.010034444
1618477125629,-53.177378946,157.539198665,236.010034380
1618477125725,-111.177391819,168.539215495,235.010034490
1618477125819,-130.177394677,183.539219230,231.010034515
1618477125913,-161.177373788,189.539191923,231.010034337
1618477126007,-207.177376813,265.539195877,235.010034362
1618477126101,-238.177373437,383.539191463,233.010034334
1618477126195,-211.177376081,598.539194920,232.010034356
1618477126289,-88.177370034,600.539187015,231.010034305
1618477126383,-84.177387027,514.539209230,231.010034449
1618477126477,-10.177371069,436.539188367,230.010034313
1618477126571,-26.177365242,351.539180750,231.010034264
1618477126665,-16.177385150,328.539206776,231.010034433
1618477126759,-8.177369304,296.539186060,225.010034298
1618477126853,-21.177393876,268.539218183,216.010034508
1618477126943,-34.177372041,246.539189638,217.010034322
1618477127037,-50.177381756,237.539202338,194.010034404
1618477127131,59.770889438,77.344308509,194.004803392
1618477127225,-68.177365018,227.539180457,220.010034262
1618477127319,-74.177380682,226.539200935,198.010034395
1618477127413,-80.177365710,226.539181361,287.010034268
1618477127507,-79.177381225,223.539201644,280.010034400
1618477127601,-211.068002625,395.039133702,234.108523157
1618477127695,-85.177381458,226.539201949,200.010034402
1618477127789,-88.177390486,227.539213751,176.010034479
1618477127883,-86.177392081,229.539215837,152.010034492
1618477127977,-91.177390279,225.539213481,142.010034477
1618477128071,-95.177372280,231.539189951,179.010034324
1618477128161,-90.177383564,231.539204703,256.010034420
1618477128255,-90.177393896,224.539218210,375.010034508
1618477128349,47.086490907,49.785529988,305.831660772
1618477128443,-90.177369662,230.539186528,336.010034301
1618477128537,-92.177371138,228.539188457,309.010034314
1618477128631,-95.177367713,228.539183981,301.010034285
1618477128725,-94.177377326,228.539196547,296.010034367
1618477128819,-94.177385812,229.539207641,286.010034439
1618477128913,-94.177393187,228.539217283,272.010034502
1618477129007,-93.177379223,230.539199027,262.010034383
1618477129101,-92.177380666,226.539200914,258.010034395
1618477129195,-96.177384794,229.539206311,253.010034430
1618477129289,-93.177365514,229.539181105,249.010034266
1618477129382,-92.177394783,230.539219369,248.010034515
1618477129476,-94.177367198,225.539183306,241.010034280
1618477129570,-93.177375382,226.539194006,241.010034350
1618477129664,-96.177385712,230.539207511,239.010034438
1618477129758,-95.177393342,230.539217485,237.010034503
1618477129852,-92.177394545,226.539219058,237.010034513
1618477129946,-93.177391719,234.539215364,239.010034489
1618477130040,-97.177364884,227.539180281,237.010034261
1618477130134,-93.177378520,231.539198109,235.010034377
1618477130228,-93.177378520,231.539198109,235.010034377
1618477130322,-94.177365260,228.539180773,237.010034264
1618477130416,-90.177385910,231.539207769,237.010034440
1618477130510,-96.177382064,227.539202741,236.010034407
1618477130600,-95.177374795,231.539193238,237.010034345
1618477130694,-91.177368174,230.539184583,236.010034289
1618477130788,-96.177366610,230.539182539,237.010034275
1618477130882,-93.177365004,231.539180439,240.010034262
1618477130976,-95.177381253,229.539201681,237.010034400
1618477131070,-89.177388464,229.539211108,237.010034462
1618477131164,-95.177376778,231.539195830,234.010034362
1618477131258,-94.177372874,231.539190727,234.010034329
1618477131352,-94.177376794,228.539195851,235.010034362
1618477131446,-91.177370440,237.539187545,237.010034308
1618477131540,-92.177366448,227.539182326,236.010034274
1618477131634,-92.177381629,230.539202173,237.010034403
1618477131728,-90.177373821,230.539191965,237.010034337
1618477131826,-91.177380263,231.539200387,236.010034392
1618477131920,-96.177393598,227.539217819,234.010034505
1618477132014,-93.177375982,230.539194791,236.010034355
1618477132108,-95.177376778,231.539195830,234.010034362
1618477132202,-94.177393958,231.539218291,233.010034508
1618477132296,-95.177392787,229.539216759,235.010034498
1618477132390,-92.177391180,230.539214659,238.010034485
1618477132484,-91.177365081,228.539180540,235.010034262
1618477132578,-93.177382440,228.539203233,236.010034410
1618477132672,-96.177366610,230.539182539,237.010034275
1618477132766,-94.177367798,229.539184091,236.010034285
1618477132860,-93.177377965,230.539197383,233.010034372
1618477132954,-93.177382440,228.539203233,236.010034410
1618477133045,-98.177373591,235.539191665,237.010034335
1618477133140,-93.177368969,231.539185623,234.010034295
1618477133235,-96.177390505,225.539213776,233.010034479
1618477133330,-96.177387695,230.539210103,236.010034455
1618477133425,-93.177378520,231.539198109,235.010034377
1618477133520,-94.177379887,230.539199895,236.010034388
1618477133615,-92.177378536,228.539198130,236.010034377
1618477133710,-92.177386150,231.539208083,233.010034442
1618477133805,-94.177385789,227.539207612,234.010034439
1618477133900,-94.177388010,231.539210514,242.010034458
1618477133995,-93.177373445,229.539191473,237.010034334
1618477134090,-92.177388688,232.539211400,232.010034464
1618477134185,19.670282971,83.012379729,235.048274040
1618477134274,-91.177391797,231.539215465,234.010034490
1618477134368,-237.199669752,416.820905680,238.237484955
1618477134462,-90.177377186,226.539196364,236.010034365
1618477134556,-97.177379510,229.539199403,236.010034385
1618477134650,-94.177367243,228.539183365,234.010034281
1618477134744,-95.177376778,231.539195830,234.010034362
1618477134838,-94.177391975,231.539215698,236.010034492
1618477134932,-98.177389045,232.539211868,236.010034467
1618477135026,-94.177369781,229.539186683,233.010034302
1618477135120,-93.177375982,230.539194791,236.010034355
1618477135214,-93.177385533,230.539207277,237.010034437
1618477135308,-94.177389438,230.539212381,237.010034470
1618477135402,-95.177369719,229.539186603,239.010034302
1618477135493,-94.177367798,229.539184091,236.010034285
1618477135588,-93.177370907,228.539188155,238.010034312
1618477135683,-92.177371523,229.539188961,234.010034317
1618477135778,-91.177385339,233.539207022,234.010034435
1618477135873,-93.177379903,227.539199916,237.010034389
nan,nan,nan,nan
