1610679063305,163.953528774,245.428692117,325.988888209
1610679063403,164.461551435,261.553839566,324.871250913
1610679063497,164.793628048,251.344613774,325.950654153
1610679063591,165.192226934,241.090254798,328.045963615
1610679063685,163.085918382,242.358560865,326.020544048
1610679063779,160.602660331,257.215646144,326.904991631
1610679063873,159.900142446,254.069979255,325.976122940
1610679063967,164.223272302,236.135808861,326.053386910
1610679064061,162.894015531,252.258342603,324.974657925
1610679064155,158.942756092,246.759883000,326.986312340
1610679064249,162.019841040,247.390015296,324.004744215
1610679064343,161.928714169,246.191582054,325.982954759
1610679064437,164.647761169,257.829084676,325.915775747
1610679064531,165.506671994,226.423086153,329.121150953
1610679064622,160.418218939,230.142450227,327.100000836
1610679064718,161.764573995,254.237839560,324.943707003
1610679064814,163.689872159,254.534441844,321.925844957
1610679064910,162.080329864,240.530371943,325.019207771
1610679065006,164.394283457,232.878312763,326.094277594
1610679065102,163.302866390,235.688801196,328.072418749
1610679065198,162.861764828,249.249844855,326.966946421
1610679065294,163.281124438,235.357226759,325.067220004
1610679065390,160.218093392,237.295027117,326.052148575
1610679065486,161.951150492,249.501809033,324.988319535
1610679065582,156.885961714,250.505945821,324.972732167
1610679065678,164.043407540,242.665496574,327.010379229
1610679065774,164.865028530,249.149506937,325.967726809
1610679065864,162.642338642,255.995792598,326.914479160
1610679065958,163.025484868,242.216503770,325.006093718
1610679066052,162.771561010,251.023033646,330.945377677
1610679066146,162.905214290,249.914052601,325.977335674
1610679066240,164.402173926,229.635731461,326.096164294
1610679066334,165.013323977,242.590373159,326.003185912
1610679066428,161.881192917,249.652555742,324.971591895
1610679066522,162.778217530,252.818388366,323.946969325
1610679066616,158.981936156,245.555347344,327.995680732
1610679066710,163.487660571,230.007565478,325.116605109
1610679066804,163.968007074,244.983577264,324.992350133
1610679066898,163.789134383,249.482765154,325.949579667
1610679066992,161.682222795,254.769610720,327.924015908
1610679067082,162.018470438,241.432152499,323.004416489
1610679067176,162.937170767,243.931595909,323.984976826
1610679067270,165.186002613,240.281612737,326.044475310
1610679067364,161.766479860,250.179246430,324.944162717
1610679067458,163.891492410,250.335912379,326.974054619
1610679067552,164.034752403,243.931586508,326.008309689
1610679067646,161.848328448,250.662927360,325.963733632
1610679067740,160.164120595,240.954344428,329.039243074
1610679067834,165.304462763,233.639722983,326.072800459
1610679067928,161.979450305,245.631771308,328.995086338
1610679068022,164.600823636,226.528527102,327.143663666
1610679068116,161.923840155,246.341426708,326.981789327
1610679068210,163.196188628,240.968458108,325.046910900
1610679068301,162.914474028,247.629375056,324.979549781
1610679068395,167.772743817,221.243084287,328.184771708
1610679068489,166.937375054,246.925315378,326.985025674
1610679068583,162.872400485,248.922866626,329.969489526
1610679068677,163.821025471,250.502318751,328.957205184
1610679068771,162.948072661,245.596432584,328.987583591
1610679068865,160.887125689,248.470161038,328.973010487
1610679068959,160.280020881,236.391154061,337.066956131
1610679069053,161.936705533,243.945898874,385.984865583
1610679069147,157.956578310,245.334938451,525.989617387
1610679069241,161.276411370,235.502123387,348.066093057
1610679069335,162.908427972,246.815252477,237.978104102
1610679069429,163.414161735,230.267183222,149.099030713
1610679069521,163.131940700,238.943669787,233.031548500
1610679069616,163.088758911,243.271232811,271.021223251
1610679069711,157.932769440,244.066908471,263.983924420
1610679069806,161.987910369,242.371678607,303.997109234
1610679069901,159.800994605,243.118139419,363.952415579
1610679069996,161.987232056,237.392532365,337.996947042
1610679070091,152.113775888,187.502121235,327.027205090
1610679070186,146.609447371,159.006988211,328.906614489
1610679070281,-117.275797732,93.479011201,324.934053671
1610679070376,174.628361064,389.425513472,325.911136965
1610679070471,177.261496476,302.960660702,328.062526739
1610679070566,230.566140582,246.338394169,326.896259350
1610679070661,122.279675132,227.401783641,323.066873459
1610679070754,144.726931455,394.395106189,324.934706250
1610679070848,270.206136043,506.662638917,327.049289438
1610679070942,334.952639640,322.456027291,324.988675607
1610679071036,231.054561283,230.322590513,325.013046214
1610679071130,186.874716681,234.851658447,324.970043354
1610679071224,168.159655818,236.091607674,325.038175496
1610679071318,167.762602636,245.298446202,326.943235629
1610679071412,166.878954088,246.721385361,321.971056566
1610679071506,164.423368274,227.984141218,326.101232100
1610679071600,163.822387080,249.460458012,326.957530760
1610679071694,164.668008799,252.206599918,323.920617183
1610679071788,164.253393395,232.209778464,327.060589201
1610679071882,165.077391012,241.620722800,328.018505058
1610679071976,163.988900054,244.341252152,325.997345878
1610679072070,164.077167701,241.627588162,327.018451662
1610679072164,158.143566170,245.586261164,329.034328280
1610679072258,164.096356176,244.037665646,325.023039842
1610679072352,162.777532820,252.839438797,324.946805604
1610679072446,163.210108405,237.540514259,325.050239275
1610679072540,159.620792439,256.658200114,326.909327222
1610679072634,159.132645143,240.922012686,326.031716941
1610679072728,163.815870391,248.660804391,326.955972547
1610679072822,164.127237317,240.088268646,324.030423869
1610679072916,162.712587759,253.836082849,326.931276511
1610679073010,165.142600663,240.615944294,325.034097417
1610679073104,161.983333689,244.512382158,324.996014898
1610679073201,162.823903500,251.413837841,324.957893353
1610679073295,165.453278814,232.064583959,326.108384045
1610679073389,162.777707093,253.834081023,324.946847274
1610679073483,162.851867318,249.554129781,324.964579815
1610679073577,161.703169806,258.125624488,328.929024573
1610679073671,159.028783944,249.115078349,325.006882564
1610679073765,159.825565013,250.362756947,325.958290639
1610679073859,162.825676325,249.359334841,325.958317255
1610679073953,162.246007800,232.436838131,327.058823223
1610679074047,164.362074963,233.868517354,326.086576182
1610679074141,163.381419835,233.273786623,327.091201758
1610679074235,162.866662471,250.099273727,326.968117502
1610679074329,164.661397159,224.666279787,326.158147475
1610679074420,162.774711959,251.926162176,325.946131104
1610679074514,161.261829729,236.950415301,325.062606423
1610679074608,161.543518063,259.033891532,325.890850052
1610679074702,161.995397075,245.141510417,326.998899389
1610679074796,162.213618041,241.432615446,327.051078468
1610679074890,162.917610901,248.532936319,325.980299843
1610679074984,162.629863097,255.379335575,323.911496118
1610679075078,159.863415312,250.199103065,324.967341070
1610679075172,162.022855479,244.297340616,326.005465001
1610679075266,157.552893516,261.745656495,324.893091828
1610679075360,161.166247985,244.888940825,326.039751757
1610679075454,164.312806021,235.383221317,327.074795426
1610679075548,160.922287045,247.389174887,324.981417961
1610679075639,161.436164420,231.590741800,325.104291802
1610679075733,163.449878607,230.169118511,327.107571018
1610679075827,162.774119263,251.944383796,330.945989384
1610679075921,164.929994031,250.152234504,327.983260788
1610679076015,164.860895739,249.276563771,324.966738612
1610679076109,159.913077485,248.672309779,327.979215852
1610679076203,167.058905560,243.189031875,325.014084980
1610679076297,163.938221052,246.899306371,325.985227961
1610679076391,162.861914446,249.245245061,326.966982196
1610679076485,164.120354671,241.299865861,327.028778151
1610679076579,165.321293034,235.122300082,327.076824766
1610679076673,163.336526578,234.653966336,325.080467277
1610679076767,159.924501152,247.321105300,325.981947379
1610679076859,161.813333608,252.738794217,324.955365973
1610679076953,162.902190223,250.007023265,325.976612586
1610679077047,162.072683425,240.765450903,327.017379422
1610679077141,162.723912108,254.487931741,324.933984290
1610679077235,165.194451571,240.021861475,326.046495550
1610679077329,162.144518453,240.556984568,333.034555982
1610679077423,162.728171762,254.356974702,324.935002821
1610679077517,167.477445405,231.321616308,326.114162548
1610679077611,163.048912170,243.496264520,327.011695448
1610679077705,161.029702099,242.086850960,325.007102105
1610679077799,164.855779677,252.433849842,323.965515304
1610679077893,162.316918188,235.256798545,328.075778691
1610679077987,162.179331166,239.486716941,325.042880092
1610679078076,160.668477353,255.192194903,327.920729219
1610679078170,165.115167113,240.459350008,327.027537748
1610679078264,158.960284138,247.221007997,324.990503492
1610679078358,161.262609492,236.926442585,326.062792873
1610679078452,164.810113820,249.837782040,327.954596086
1610679078546,161.727660014,254.372707698,326.934880457
1610679078640,162.936902821,246.939833519,325.984912757
1610679078734,163.920576071,247.441776360,324.981008848
1610679078828,162.974791845,245.774989079,325.993972448
1610679078922,162.830839448,250.200601928,327.959551816
1610679079016,164.062938964,244.065030558,325.015049412
1610679079110,164.398948402,232.734895636,325.095393035
1610679079204,163.741074950,253.960284441,325.938088118
1610679079293,161.459243531,261.624792817,324.870699067
1610679079387,165.053321292,243.360712288,326.012749719
1610679079481,162.965975433,245.046037203,324.991864345
1610679079575,165.599415054,226.571831955,327.143326858
1610679079669,162.100369525,241.914280901,325.023999479
1610679079763,159.819530075,247.548292585,326.956847618
1610679079857,161.821316342,248.493376354,324.957274734
1610679079951,161.749157561,252.711796019,326.940020761
1610679080045,164.806433647,251.950923750,325.953716115
1610679080139,nan,nan,nan
