1618478128635,0.022456
1618478128729,-0.079703
1618478128823,-0.062007
1618478128917,-0.106740
1618478129011,-0.044681
1618478129105,-0.067008
1618478129199,0.025072
1618478129291,-0.086874
1618478129385,-0.035979
1618478129479,0.026080
1618478129573,-0.099123
1618478129667,0.076975
1618478129761,-0.004949
1618478129855,-0.155173
1618478129949,-4.077841
1618478130043,0.008754
1618478130137,-0.089413
1618478130231,0.001137
1618478130325,0.025072
1618478130419,0.044861
1618478130511,-0.033440
1618478130605,-0.117980
1618478130699,-0.053306
1618478130793,-0.114356
1618478130887,-0.053306
1618478130981,4.414416
1618478131075,-0.049682
1618478131169,-0.089413
1618478131263,-0.030901
1618478131357,-0.115441
1618478131451,0.019994
1618478131545,-0.070632
1618478131639,0.002591
1618478131727,-0.068093
1618478131821,-0.129144
1618478131915,0.019994
1618478132009,-0.149010
1618478132103,-0.086874
1618478132197,-0.081796
1618478132291,-0.098115
1618478132385,-0.016113
1618478132479,-0.024815
1618478132573,-0.049682
1618478132667,-4.313250
1618478132761,0.048485
1618478132855,0.053563
1618478132946,-0.044604
1618478133040,-0.050767
1618478133134,0.051024
1618478133228,0.064727
1618478133322,0.033697
1618478133416,-0.094491
1618478133510,-0.119065
1618478133604,-0.089413
1618478133698,-0.033440
1618478133792,-0.047143
1618478133886,-0.106740
1618478133980,-0.019737
1618478134074,0.049939
1618478134165,-0.090498
1618478134259,0.017455
1618478134353,-0.126605
1618478134447,-0.115441
1618478134541,0.022533
1618478134635,-0.077164
1618478134729,4.780159
1618478134823,-0.045766
1618478134917,-0.012197
1618478135011,-0.004949
1618478135105,-0.041057
1618478135199,-0.054390
1618478135293,0.093294
1618478135385,0.031158
1618478135479,-0.053306
1618478135573,-0.022276
1618478135667,-0.020822
1618478135761,-0.244638
1618478135855,-0.090498
1618478135949,-0.042065
1618478136043,-0.054390
1618478136137,0.061179
1618478136231,-0.020822
1618478136325,0.009123
1618478136419,-0.000956
1618478136513,0.098295
1618478136603,-0.000880
1618478136698,-0.043150
1618478136793,-0.018206
1618478136888,0.135933
1618478136983,0.031604
1618478137078,0.086569
1618478137173,0.002551
1618478137268,0.095523
1618478137363,0.215492
1618478137458,0.306487
1618478137553,0.206907
1618478137648,0.141340
1618478137743,0.043407
1618478137834,-0.028206
1618478137928,-0.040378
1618478138022,0.040229
1618478138116,0.271621
1618478138210,0.325947
1618478138304,0.421418
1618478138398,0.537357
1618478138492,0.544412
1618478138586,0.306644
1618478138680,0.200125
1618478138774,0.067385
1618478138868,0.234336
1618478138962,0.439740
1618478139050,0.863904
1618478139145,0.190156
1618478139240,-0.646641
1618478139335,-0.453910
1618478139430,1.560784
1618478139525,-1.842396
1618478139620,-4.566438
1618478139715,-2.882999
1618478139810,-1.122719
1618478139905,1.269561
1618478140000,1.924981
1618478140095,1.741767
1618478140190,2.184028
1618478140282,-3.961481
1618478140376,-2.893591
1618478140470,-6.491582
1618478140564,-4.946987
1618478140658,-5.037405
1618478140752,-3.976617
1618478140846,-2.867334
1618478140940,-1.926916
1618478141034,-1.241982
1618478141128,-0.931164
1618478141222,-0.630425
1618478141316,-0.513478
1618478141410,-0.421474
1618478141508,-0.194035
1618478141602,-0.192581
1618478141696,-0.195120
1618478141790,-0.152926
1618478141884,-0.212446
1618478141978,-0.119358
1618478142072,-0.139223
1618478142166,-0.217601
1618478142260,-0.162713
1618478142354,-0.052221
1618478142448,-0.098484
1618478142542,-0.046058
1618478142636,-0.085789
1618478142730,-0.098038
1618478142824,-0.013574
1618478142918,-0.024815
1618478143012,0.004837
1618478143106,-0.033440
1618478143200,-0.044604
1618478143294,-0.069547
1618478143388,0.031158
1618478143482,-0.059392
1618478143576,-0.021191
1618478143670,-0.011112
1618478143764,0.013831
1618478143858,0.003752
1618478143947,0.000129
1618478144041,-0.111818
1618478144135,0.047400
1618478144229,-0.072086
1618478144323,-0.216147
1618478144417,-0.035979
1618478144511,0.048485
1618478144605,-0.111818
1618478144699,0.002668
1618478144793,-0.078249
1618478144887,-0.109279
1618478144981,-0.099200
1618478145075,-0.006034
1618478145164,-0.084335
1618478145258,-0.018652
1618478145352,-0.034602
1618478145446,0.042322
1618478145540,-0.011112
1618478145634,-0.018652
1618478145728,-0.052221
1618478145822,-0.067008
1618478145916,-0.091952
1618478146010,0.038329
1618478146104,0.000129
1618478146198,-0.076795
1618478146292,0.118161
1618478146388,-0.120443
1618478146482,-0.069993
1618478146576,-0.054760
1618478146670,0.019994
1618478146764,0.036236
1618478146858,3.912716
1618478146952,-0.038518
1618478147046,3.987183
1618478147140,0.057110
1618478147234,0.028619
1618478147328,-0.058383
1618478147422,-0.030978
1618478147516,0.049939
1618478147607,-0.098115
1618478147701,-0.052221
1618478147795,0.008754
1618478147889,-0.064469
1618478147983,-0.024815
1618478148077,-3.736089
1618478148171,-0.142847
1618478148265,0.160431
1618478148359,0.007669
1618478148453,-0.089413
1618478148547,-0.004949
1618478148641,-0.058383
1618478148735,-0.059468
1618478148823,-0.026985
1618478148917,0.017455
1618478149011,-0.018652
