1610678868908,0.033544
1610678869002,0.030885
1610678869096,0.022573
1610678869190,0.081703
1610678869284,0.041174
1610678869378,0.049486
1610678869472,0.033768
1610678869566,0.028338
1610678869660,0.062880
1610678869754,0.012062
1610678869848,0.030774
1610678869942,-0.011956
1610678870037,0.046827
1610678870132,0.025232
1610678870227,0.017268
1610678870322,0.065539
1610678870417,0.022921
1610678870512,0.014944
1610678870607,0.030997
1610678870702,0.017379
1610678870797,0.022573
1610678870892,0.031109
1610678870987,0.084586
1610678871082,0.031109
1610678871177,0.038291
1610678871275,0.030774
1610678871369,0.065650
1610678871463,0.049821
1610678871557,0.049597
1610678871651,0.081815
1610678871745,0.033656
1610678871839,0.073726
1610678871933,0.033879
1610678872027,0.065650
1610678872121,0.046603
1610678872215,0.023032
1610678872309,-3.967823
1610678872403,0.001550
1610678872496,0.041620
1610678872591,-0.006415
1610678872686,0.025456
1610678872781,0.011727
1610678872876,0.025121
1610678872971,0.049597
1610678873066,-4.338467
1610678873161,0.017268
1610678873256,0.044056
1610678873351,0.033544
1610678873446,0.063215
1610678873541,0.020373
1610678873636,0.046827
1610678873729,0.065650
1610678873823,0.049709
1610678873917,0.033321
1610678874011,0.017491
1610678874105,0.036315
1610678874199,0.025232
1610678874293,0.057450
1610678874387,0.012062
1610678874481,0.033656
1610678874575,0.046938
1610678874669,0.098091
1610678874763,0.033879
1610678874857,0.001215
1610678874946,0.073391
1610678875041,0.041397
1610678875136,4.468550
1610678875231,0.057450
1610678875326,0.039197
1610678875421,-4.349339
1610678875516,0.047050
1610678875611,0.028003
1610678875706,0.057673
1610678875801,0.044279
1610678875896,0.019803
1610678875991,0.035632
1610678876086,0.067850
1610678876186,0.056991
1610678876280,0.101697
1610678876374,0.133121
1610678876468,0.324157
1610678876562,0.652082
1610678876656,1.765328
1610678876750,11.543208
1610678876844,-1.374689
1610678876938,4.199560
1610678877032,-2.359855
1610678877126,-8.463967
1610678877220,-0.708278
1610678877314,-0.174893
1610678877404,-0.014910
1610678877499,0.009055
1610678877594,-0.039307
1610678877689,0.036414
1610678877784,-0.010963
1610678877879,0.045681
1610678877974,0.077426
1610678878069,0.086988
1610678878164,0.066510
1610678878259,0.019244
1610678878354,0.019356
1610678878449,0.041062
1610678878544,0.041174
1610678878637,0.054679
1610678878731,0.052132
1610678878825,0.060109
1610678878919,0.073503
1610678879013,0.025344
1610678879107,0.025567
1610678879201,0.062768
1610678879295,0.049821
1610678879389,0.025344
1610678879483,0.012062
1610678879577,0.065427
1610678879671,0.086339
1610678879765,0.012173
1610678879855,0.062768
1610678879949,0.059997
1610678880043,0.022238
1610678880137,0.054568
1610678880231,0.070174
1610678880325,0.063103
1610678880419,0.041509
1610678880513,0.033656
1610678880607,0.046827
1610678880701,0.098091
1610678880795,0.092327
1610678880889,-0.023038
1610678880983,0.041062
1610678881081,0.075827
1610678881175,0.044168
1610678881269,0.063215
1610678881363,0.019691
1610678881457,0.057450
1610678881551,0.033433
1610678881645,0.038738
1610678881739,0.024786
1610678881833,0.049709
1610678881927,0.044056
1610678882021,0.041285
1610678882115,0.041509
1610678882209,0.092327
1610678882301,0.076385
1610678882395,0.044168
1610678882489,0.052703
1610678882583,0.067850
1610678882677,0.062880
1610678882771,0.060332
1610678882865,0.076385
1610678882959,0.044168
1610678883053,0.054679
1610678883147,0.111039
1610678883241,0.033433
1610678883335,0.057003
1610678883429,0.089333
1610678883519,0.049486
1610678883613,0.059997
1610678883707,4.107173
1610678883801,0.054679
1610678883895,0.092103
1610678883989,0.006979
1610678884083,0.046938
1610678884177,0.025009
1610678884271,0.081927
1610678884365,-0.001332
1610678884459,0.076497
1610678884553,0.054791
1610678884647,0.057673
1610678884744,0.097533
1610678884838,0.070509
1610678884932,0.033433
1610678885026,0.055250
1610678885120,0.063215
1610678885214,0.024786
1610678885308,0.030774
1610678885402,0.044168
1610678885496,0.030997
1610678885590,0.011615
1610678885684,0.025232
1610678885778,0.051909
1610678885872,0.019914
1610678885963,0.052132
1610678886057,0.035409
1610678886151,0.044168
1610678886245,0.017826
1610678886339,0.060221
1610678886433,0.057673
1610678886527,0.025344
1610678886621,0.035856
1610678886715,0.046715
1610678886809,0.043721
nan,nan
