1618477314562,-31.144022235,239.039240599,430.791226922
1618477314656,40.851809424,298.499497995,305.749380745
1618477314750,-28.583343625,252.014139275,384.598756566
1618477314844,-54.679577336,238.625017504,455.887462959
1618477314938,36.291130574,287.231712390,322.431389369
1618477315032,-6.633560364,274.256815506,347.381181206
1618477315126,-64.654469136,226.064349052,454.887463198
1618477315220,30.730476672,283.817490857,338.113399416
1618477315314,13.194893306,288.378155266,325.284945836
1618477315408,-59.800919391,232.771460143,450.326793094
1618477315502,-0.780016820,259.574802444,388.012981612
1618477315593,38.291137361,293.792384145,298.188710896
1618477315687,-55.679582615,230.478572488,427.791227226
1618477315781,-28.729774344,247.746360237,422.523445295
1618477315875,40.998252288,298.499497825,300.188710998
1618477315969,-37.851136310,252.160579749,389.159425721
1618477316063,-46.118919441,233.625013950,448.473235998
1618477316157,32.584010552,295.792380037,315.870719262
1618477316251,-11.901348932,266.989030931,359.502520310
1618477316345,34.144707563,302.353057958,302.895824816
1618477316439,27.023342949,280.817484670,334.259841671
1618477316533,13.048451486,279.817486035,326.992059071
1618477316627,-64.654467885,224.210792856,459.594576413
1618477316721,4.780671566,264.135477773,371.184530102
1618477316815,29.730470433,294.792384983,307.310050485
1618477316908,-58.240265537,231.917898803,433.644783045
1618477317001,-19.315581692,247.453463269,407.402103948
1618477317094,40.291138082,291.938827790,300.188710937
1618477317187,-36.851135966,244.746353565,401.841434885
1618477317280,-44.558250686,238.039239948,436.205453085
1618477317373,45.558915038,294.792382587,303.895823744
1618477317466,34.584024537,297.499497385,304.602937201
1618477317559,-63.947362600,228.917903637,457.594575965
1618477317652,-20.315573294,247.453465793,411.402104427
1618477317745,0.219999331,274.256816445,342.674068240
1618477317838,-37.851137914,244.746352980,404.987878202
1618477317931,12.194884691,266.135473816,363.209633350
1618477318028,36.998233935,287.938822592,313.163605953
1618477318122,-65.654477820,229.771459584,440.766123273
1618477318216,-54.533150332,230.917899422,453.033905451
1618477318310,32.584015294,292.792381462,299.188710388
1618477318404,4.927114861,277.963930306,340.966955233
1618477318498,-33.290454975,240.892800384,423.230557816
1618477318592,15.902007059,265.989033161,362.063190448
1618477318686,-30.290471440,254.867691435,385.305868873
1618477318780,-3.487118297,277.110371669,348.381181128
1618477318874,30.730466597,282.671044400,322.431389696
1618477318968,32.584015621,286.378155274,331.699172125
1618477319062,-59.093804868,229.771460558,454.741019459
1618477319156,-61.947377655,229.917899111,455.741018535
1618477319248,17.755566119,282.524599626,317.431389441
1618477319342,18.316233654,293.938825257,319.577832745
1618477319436,-5.340667065,259.574808298,384.305869578
1618477319530,-9.901347123,253.867692045,398.134321562
1618477319624,-52.679583463,232.478572233,423.937670606
1618477319718,-50.826022759,239.039243191,411.816331412
1618477319812,43.705358668,292.792382648,292.188710612
1618477319906,44.705368610,302.206611924,301.456494037
1618477320000,-45.118907610,234.478574079,430.205453814
1618477320094,-55.533140128,235.625015634,437.473236318
1618477320188,-13.754892907,264.989034719,349.916747315
1618477320282,-6.340674177,269.696145590,317.234737739
1618477320376,26.876906359,279.817486726,284.259842061
1618477320465,10.194908733,272.549707331,284.502521577
1618477320559,-64.800918792,225.210790608,419.741019415
1618477320653,-66.654486898,226.064343712,423.473235899
1618477320747,27.023348712,287.231712689,322.310049996
1618477320841,31.291147580,292.938830646,348.895824622
1618477320935,-13.901349808,251.160578095,418.987877980
1618477321029,-37.290451870,243.746357889,399.377001421
1618477321123,-54.118915798,239.039241332,374.816331059
1618477321217,-38.290461663,248.307024660,337.573652288
1618477321311,39.705366672,293.792385055,210.456493927
1618477321405,32.998248853,285.378157362,220.017163375
1618477321499,-63.533142026,226.210788776,367.180349353
1618477321593,-75.654484410,226.210787888,492.448132043
1618477321684,-18.633558135,271.549703033,428.527624761
1618477321778,-11.365762685,281.110376534,410.699172905
1618477321872,0.462676507,280.256815939,431.795407574
1618477321966,-38.926443254,285.135477269,439.330973435
1618477322060,-109.361606054,283.917898476,497.473235557
1618477322154,-95.386677284,358.478578043,471.205454566
1618477322248,48.730458193,348.792381303,326.895823501
1618477322342,-48.708870872,374.792381670,316.188710427
1618477322436,-33.290449090,384.746358725,431.523445008
1618477322530,33.295327015,292.332133157,448.059010861
1618477322624,25.855977379,243.307023341,400.720095467
1618477322718,-16.876231592,216.574808656,382.184530216
1618477322812,18.705362591,263.085270684,322.724276553
1618477322904,-54.269542233,343.524598317,331.992058908
1618477322998,-205.654479344,357.357232839,462.594575760
1618477323092,-150.654487037,511.357230527,465.155245036
1618477323186,-60.805112596,485.817483777,331.699171787
1618477323280,61.755560932,506.524598066,323.431389146
1618477323374,53.927113941,397.428364313,374.330973471
1618477323468,74.512893483,362.428366065,398.427209234
1618477323562,14.906210118,286.478578206,441.059011168
1618477323656,9.320420819,265.185686664,420.523444564
1618477323750,83.291135028,306.645940016,297.335154191
1618477323844,68.291143693,299.792386049,302.749380972
1618477323938,-13.851118487,241.185689105,443.205454171
1618477324032,-36.533141120,228.771458764,447.473236261
1618477324123,-10.022666384,252.014141537,378.038087279
1618477324217,-4.901344101,261.989032384,356.648964014
1618477324311,36.730464839,285.378157015,328.845615883
1618477324405,20.048453654,269.549703828,366.063190628
1618477324499,-56.947360715,228.771460775,466.008802359
1618477324593,-63.800922002,230.917902786,454.033906089
1618477324687,21.609121105,287.231712292,320.431389351
1618477324781,34.584017600,291.792382156,308.456493377
1618477324875,-8.194228503,262.428363407,392.866539015
1618477324969,-15.315577786,251.160577586,410.255660742
1618477325063,-49.826032563,235.332127100,425.230557140
1618477325157,-45.972470370,244.599911648,409.548548315
1618477325251,38.291152002,291.792388547,303.895824874
1618477325342,39.144681347,293.792380361,309.456493037
1618477325437,-50.679567593,231.625020433,448.619680656
1618477325532,-60.240245552,227.917904811,451.326793329
1618477325627,-14.754893295,268.842591173,356.502521006
1618477325722,-0.779993004,276.256818750,345.527625249
1618477325817,21.462693819,280.817490859,349.381182274
1618477325912,16.902012693,274.256817713,360.356077626
1618477326007,-67.361594365,225.064345418,453.887462509
1618477326102,-69.361606637,232.625011444,447.326792095
1618477326197,32.584025939,289.085271520,308.456493853
1618477326292,37.291148295,296.499500576,305.749381234
1618477326387,-13.754885328,249.160584424,404.841435752
1618477326482,-32.290443663,241.746360356,422.523445317
1618477326573,-42.411804253,244.746353995,412.109217825
1618477326667,-37.704678289,250.160584136,393.720096267
1618477326761,40.998251855,296.792384551,307.456493831
1618477326855,32.584018432,288.231712691,318.724276283
1618477326949,-56.386684533,222.357236433,452.180350154
1618477327043,-57.240239385,227.917906665,457.741019967
1618477327137,-1.780006854,272.549701442,343.527624459
1618477327231,18.755558210,285.378153820,314.870719275
1618477327325,10.341347050,271.549705794,355.648964714
1618477327419,7.487779830,267.989032878,381.745199539
1618477327513,-63.800930308,227.917900289,447.473235900
1618477327607,-62.947374598,234.478569745,439.205452993
1618477327701,29.023350213,292.792382856,304.602936938
1618477327794,35.291131527,296.499495535,294.335153992
1618477327888,-28.436898439,244.746356945,424.377001242
1618477327982,-39.851131344,237.332128668,435.351896867
1618477328076,-35.851133984,245.599910733,392.720095568
1618477328170,-25.729790132,258.574808064,377.038086675
1618477328264,41.144698317,285.378159177,317.870720291
1618477328358,36.291142191,279.817489596,322.284946603
1618477328452,-53.386689780,221.503678284,454.887462999
1618477328546,-69.361591986,227.917902705,460.741019217
1618477328640,0.073558146,277.110373691,336.259842081
1618477328734,20.609114817,285.524597259,316.870719278
1618477328828,15.048458502,263.135478999,363.209634333
1618477328922,-8.340684440,265.281916218,383.598755444
1618477329011,-57.947370801,228.917901172,446.473236068
1618477329106,-52.679585857,238.332128085,432.791227041
1618477329201,39.998255282,292.792385582,304.895824312
1618477329296,39.144686813,297.499495148,305.749380205
1618477329391,-38.704685092,242.039242660,424.377001026
1618477329486,-39.704670158,234.478577436,444.912567594
1618477329581,-33.290457859,250.160582375,392.866539362
1618477329676,-23.169116171,269.989035627,367.770304059
1618477329771,38.291133900,286.524600246,322.431389559
1618477329866,34.584024886,285.671044916,330.552729224
1618477329961,-60.240244961,223.357235274,459.594576221
1618477330056,-67.361588780,227.917903669,455.887462828
1618477330151,11.048457418,285.378157533,329.845615981
1618477330247,21.462686593,288.231714973,313.163607001
1618477330339,-4.633554891,260.281921150,379.038086664
1618477330431,-7.194216537,256.721253861,397.427209412
1618477330523,-58.240249835,233.625016667,433.644783940
1618477330615,-52.679588361,241.892797047,424.230557184
1618477330707,34.291142763,295.645942341,309.456494062
1618477330799,44.558912353,296.499494924,307.602936734
1618477330891,-37.851135094,237.332127541,439.205453225
1618477330983,-49.826024686,233.478572896,449.326793020
1618477331075,-26.729799932,257.574805118,381.038086117
1618477331167,-19.315565909,265.989033730,363.063190556
1618477331259,36.291134547,285.524600441,331.699172454
1618477331351,26.316234917,272.403259920,345.381181392
1618477331446,nan,nan,nan
