1618478147047	-305	553	-72
1618478147141	-312	555	-77
1618478147235	-309	562	-78
1618478147329	-302	563	-78
1618478147424	-299	557	-83
1618478147518	-296	556	-82
1618478147612	-286	550	-84
1618478147706	-282	546	-82
1618478147800	-279	545	-85
1618478147894	-274	543	-81
1618478147988	-265	541	-85
1618478148082	-260	540	-88
1618478148176	-249	533	-91
1618478148270	-249	542	-90
1618478148364	-247	539	-88
1618478148458	-243	536	-88
1618478148552	-244	533	-95
1618478148640	-247	542	-101
1618478148735	-253	542	-102
1618478148830	-256	544	-97
1618478148925	-262	540	-106
1618478149020	-265	546	-107
1618478149115	-271	547	-108
1618478149210	-279	540	-114
1618478149305	-287	539	-113
1618478149400	-287	539	-117
1618478149495	-293	540	-117
1618478149590	-297	539	-117
1618478149685	-299	536	-120
1618478149780	-303	543	-119
1618478149873	-306	542	-123
1618478149969	-301	540	-124
1618478150065	-308	543	-124
1618478150161	-303	544	-129
1618478150257	-310	543	-129
1618478150353	-311	546	-123
1618478150449	-308	541	-127
1618478150545	-308	544	-131
1618478150641	-311	544	-134
1618478150737	-304	546	-138
1618478150833	-306	542	-130
1618478150929	-308	546	-131
1618478151025	-305	547	-126
1618478151125	-305	539	-121
1618478151218	-301	540	-111
1618478151311	-306	541	-107
1618478151404	-305	543	-105
1618478151497	-309	545	-97
1618478151590	-305	538	-93
1618478151683	-308	544	-86
1618478151776	-300	544	-81
1618478151869	-305	547	-72
1618478151962	-309	547	-62
1618478152055	-304	544	-46
1618478152148	-305	546	-17
1618478152241	-306	544	0
1618478152328	-301	547	-3
1618478152422	-302	554	-72
1618478152516	-304	560	-163
1618478152610	-301	563	-140
1618478152704	-293	567	-109
1618478152798	-289	574	-63
1618478152892	-269	583	-65
1618478152986	-251	601	-106
1618478153080	-219	719	-151
1618478153174	-223	746	-103
1618478153268	-270	856	-89
1618478153362	-354	834	-90
1618478153456	-420	637	-98
1618478153546	-369	534	-99
1618478153641	-245	574	-101
1618478153736	-235	755	-105
1618478153831	-372	645	-107
1618478153926	-338	603	-104
1618478154021	-333	591	-109
1618478154116	-326	576	-102
1618478154211	-322	569	-103
1618478154306	-317	564	-96
1618478154401	-320	553	-107
1618478154496	-319	541	-104
1618478154591	-317	534	-106
1618478154686	-315	521	-107
1618478154779	-320	518	-106
1618478154873	-318	514	-100
1618478154967	-317	509	-96
1618478155061	-311	506	-96
1618478155155	-315	499	-88
1618478155249	-313	498	-86
1618478155343	-316	500	-81
1618478155437	-308	500	-84
1618478155531	-314	500	-80
1618478155625	-319	501	-81
1618478155719	-311	493	-79
1618478155813	-319	494	-69
1618478155907	-316	496	-71
1618478156007	-320	496	-71
1618478156102	-319	494	-66
1618478156197	-319	497	-71
1618478156292	-317	495	-72
1618478156387	-319	494	-69
1618478156482	-317	490	-71
1618478156577	-321	487	-71
1618478156672	-317	487	-73
1618478156767	-314	486	-76
1618478156862	-315	489	-76
1618478156957	-320	494	-78
1618478157052	-316	493	-76
1618478157147	-316	488	-81
1618478157243	-312	488	-77
1618478157337	-314	485	-75
1618478157431	-317	482	-75
1618478157525	-314	479	-76
1618478157619	-317	478	-70
1618478157713	-316	478	-75
1618478157807	-315	477	-78
1618478157901	-318	475	-70
1618478157995	-319	475	-78
1618478158089	-317	471	-79
1618478158183	-317	469	-75
1618478158277	-321	475	-72
1618478158371	-322	476	-69
1618478158459	-323	481	-69
1618478158553	-325	484	-71
1618478158647	-324	482	-62
1618478158741	-329	482	-58
1618478158835	-327	479	-68
1618478158929	-335	466	-72
1618478159023	-338	468	-78
1618478159117	-337	466	-75
1618478159211	-345	457	-79
1618478159305	-344	458	-86
1618478159399	-347	460	-85
1618478159493	-345	450	-93
1618478159587	-343	457	-95
1618478159680	-340	457	-94
1618478159774	-336	456	-103
1618478159868	-344	451	-108
1618478159962	-340	452	-110
