1618476181431,0.036196
1618476181526,-0.024684
1618476181621,0.016877
1618476181716,-0.026400
1618476181811,-0.027173
1618476181906,0.033538
1618476182003,0.012672
1618476182097,0.050367
1618476182191,0.015331
1618476182285,-0.023911
1618476182379,-0.003819
1618476182473,0.007864
1618476182567,-0.003046
1618476182661,0.010957
1618476182755,0.036027
1618476182849,0.011730
1618476182943,-0.003819
1618476183037,0.055176
1618476183131,-0.025288
1618476183219,0.038516
1618476183313,-0.026231
1618476183407,-0.008024
1618476183501,-0.067019
1618476183595,-0.007081
1618476183689,0.038685
1618476183783,0.035084
1618476183877,0.053460
1618476183971,-0.004592
1618476184065,-0.004592
1618476184159,-0.044607
1618476184253,0.000555
1618476184347,0.016104
1618476184440,-0.003819
1618476184534,0.015331
1618476184628,-0.007081
1618476184722,-0.005969
1618476184816,0.018762
1618476184910,0.076646
1618476185004,-0.068734
1618476185098,0.032160
1618476185192,0.077419
1618476185286,-0.026400
1618476185380,0.000386
1618476185474,-0.006308
1618476185568,0.037743
1618476185657,0.015161
1618476185751,-0.003046
1618476185845,0.079304
1618476185939,-0.025457
1618476186033,0.016877
1618476186127,-0.003046
1618476186221,0.011899
1618476186315,0.035254
1618476186409,0.038347
1618476186503,-0.020310
1618476186597,0.048652
1618476186691,0.033538
1618476186785,0.054234
1618476186876,0.013615
1618476186970,0.010691
1618476187064,-0.063418
1618476187158,0.036969
1618476187252,0.031822
1618476187346,-0.003650
1618476187440,-0.004592
1618476187534,-0.002272
1618476187628,0.015331
1618476187722,-0.043664
1618476187816,0.031049
1618476187910,-0.003819
1618476188004,-0.012398
1618476188094,-0.023742
1618476188188,-0.016105
1618476188282,0.056723
1618476188376,-0.044607
1618476188470,0.037573
1618476188564,0.076646
1618476188658,-0.022968
1618476188752,-0.003819
1618476188846,0.010957
1618476188940,-0.044607
1618476189034,-0.026231
1618476189128,0.060154
1618476189222,0.074930
1618476189314,0.017651
1618476189408,-0.004761
1618476189502,0.071160
1618476189596,0.032934
1618476189690,-0.019875
1618476189784,0.038177
1618476189878,0.044871
1618476189972,0.082228
1618476190066,0.043929
1618476190160,0.005630
1618476190254,-0.014462
1618476190348,0.045475
1618476190442,0.045137
1618476190533,0.024610
1618476190627,0.068152
1618476190721,0.014135
1618476190815,0.078374
1618476190909,0.036813
1618476191003,0.079074
1618476191097,0.002041
1618476191191,0.105946
1618476191285,0.092909
1618476191379,0.105802
1618476191473,0.082460
1618476191567,0.126862
1618476191661,0.158987
1618476191752,0.161573
1618476191846,0.231888
1618476191940,0.195727
1618476192034,0.175622
1618476192128,0.070823
1618476192222,0.083519
1618476192316,0.101051
1618476192410,0.107841
1618476192504,0.154477
1618476192598,0.125965
1618476192692,0.176805
1618476192786,0.220782
1618476192880,0.178799
1618476192971,0.207832
1618476193065,0.116638
1618476193159,0.138529
1618476193253,0.187472
1618476193347,0.060805
1618476193441,0.028341
1618476193535,-3.867164
1618476193629,-0.081375
1618476193723,-0.254834
1618476193817,-0.597619
1618476193911,-1.208848
1618476194005,-2.208311
1618476194099,-3.029286
1618476194187,-4.041080
1618476194281,-5.104277
1618476194375,-5.036036
1618476194469,-5.915226
1618476194563,-4.742869
1618476194657,-3.383019
1618476194751,-2.747652
1618476194845,-1.897829
1618476194939,-0.329406
1618476195033,0.341142
1618476195127,0.162772
1618476195221,-0.094232
1618476195315,-0.392583
1618476195407,-1.295374
1618476195501,-1.993896
1618476195595,-4.381800
1618476195689,-4.372540
1618476195783,-2.634772
1618476195877,-2.191883
1618476195971,-2.248202
1618476196065,-1.085944
1618476196159,-1.175156
1618476196253,-0.875479
1618476196347,-0.531369
1618476196441,-0.361586
1618476196535,-0.226224
1618476196625,-0.121356
1618476196719,-0.115764
1618476196813,-0.022240
1618476196907,-0.028499
1618476197001,-0.036908
1618476197095,-0.008130
1618476197189,-0.044544
1618476197283,-0.028053
1618476197377,0.012566
1618476197471,0.032319
1618476197565,0.032488
1618476197659,0.043059
1618476197753,0.029057
1618476197843,0.062039
1618476197937,0.021590
1618476198031,0.043059
1618476198125,0.043059
1618476198219,0.024683
1618476198313,-0.001934
1618476198407,0.023136
1618476198501,0.038685
1618476198595,0.061870
1618476198689,0.043059
1618476198783,-0.000991
1618476198877,0.043059
1618476198971,0.033707
1618476199062,0.033876
1618476199156,-0.021083
1618476199250,0.061266
1618476199344,0.036196
1618476199438,0.016273
1618476199532,-0.001160
1618476199626,0.014557
1618476199720,-0.001160
1618476199814,0.038081
1618476199908,0.032934
1618476200002,0.017047
1618476200096,0.061870
1618476200190,0.016877
1618476200286,-0.003819
1618476200380,0.075099
1618476200474,0.042117
1618476200568,0.014557
1618476200662,0.056892
1618476200756,0.054403
1618476200850,0.016104
1618476200944,-0.004592
1618476201038,0.019101
1618476201132,0.055176
1618476201226,0.014727
1618476201320,-0.056724
1618476201414,0.017820
1618476201503,0.057835
1618476201596,0.057665
1618476201689,0.032934
1618476201782,0.065302
1618476201875,0.039458
1618476201968,0.060154
1618476202061,0.057835
1618476202154,-0.020479
1618476202247,0.016104
1618476202340,-0.003650
1618476202433,0.042286
1618476202526,-0.005365
1618476202619,0.014557
1618476202718,0.055346
1618476202812,0.017047
1618476202906,0.075268
1618476203000,0.041174
1618476203094,-0.045984
1618476203188,0.017989
1618476203282,-0.026061
1618476203376,0.015331
1618476203470,-0.023572
1618476203564,0.056119
1618476203658,0.015161
1618476203752,0.059212
1618476203846,-0.045211
1618476203945,-0.038686
1618476204039,0.078361
