1610679237685,158.099246168,244.392924277,322.985225418
1610679237779,158.228484581,243.888790011,321.989784139
1610679237873,158.257430321,243.895531013,320.989846112
1610679237967,158.293294463,244.136767283,329.992063907
1610679238061,158.333068504,245.378914106,323.994290073
1610679238152,158.921333355,245.283027544,324.993408544
1610679238247,160.297761227,242.904923439,324.989932461
1610679238342,160.122394861,248.261387897,325.002403058
1610679238437,162.781106639,242.647675467,324.005954377
1610679238532,163.514546019,246.119829577,322.001101648
1610679238627,165.548410698,243.826368369,324.007597182
1610679238722,166.862444443,243.899501829,322.008269531
1610679238817,168.318594311,242.005731873,324.009246153
1610679238912,167.899151121,246.140934313,322.010489131
1610679239007,167.772134471,246.577122321,324.014499206
1610679239102,167.048352532,247.340101358,324.021513621
1610679239197,166.520107158,245.285545089,324.011818604
1610679239292,164.281188701,248.764136619,324.007025057
1610679239385,163.285359195,245.765107861,323.007033986
1610679239479,161.683262502,244.926236878,327.999321862
1610679239573,160.060613882,244.548347844,323.995847755
1610679239667,157.050004988,251.011645366,324.000107061
1610679239761,157.568896042,243.968066421,321.990512963
1610679239855,157.957240150,239.058505583,324.991344411
1610679239949,156.447715835,243.939845480,321.990253515
1610679240043,157.033146043,241.309066939,324.993647937
1610679240137,155.762438801,248.013139449,324.990927340
1610679240231,157.294377251,243.369903529,321.994207235
1610679240325,157.538248751,244.659581402,322.996870376
1610679240419,158.430096196,243.401510311,323.994497811
1610679240513,158.973442031,243.528046907,323.995661119
1610679240603,160.305859033,239.906809289,324.989949798
1610679240698,159.983098552,243.228948004,324.002104824
1610679240793,159.862877793,245.735182338,324.997565410
1610679240888,161.022780854,242.772421216,323.997907764
1610679240983,160.685118013,246.159553080,324.001466844
1610679241078,161.678394257,244.157987224,324.001452449
1610679241173,162.252598811,244.360173996,321.994117787
1610679241268,162.883772008,244.438700515,324.004033174
1610679241363,162.971528479,246.924905765,329.008503081
1610679241458,163.963392536,245.690126951,324.006344653
1610679241553,164.776932820,244.879587534,328.008086450
1610679241648,163.928090943,250.681905772,323.006269071
1610679241743,165.741660406,244.337141314,326.012292951
1610679241838,165.650631346,245.617289848,325.005675028
1610679241932,165.667983744,245.854215028,327.007853189
1610679242026,166.170495278,243.505473801,325.004647052
1610679242120,166.243940113,242.686998345,325.015509347
1610679242214,165.696557148,244.326637483,322.012196385
1610679242308,165.909297570,242.376181341,325.012651864
1610679242402,165.576891468,242.367232922,324.003376140
1610679242496,164.309649219,245.770764621,325.007085991
1610679242590,163.500480645,246.582322140,321.005353554
1610679242684,162.687513003,246.160110835,325.001471972
1610679242778,161.342178761,247.079687987,325.000732608
1610679242872,160.418417149,244.631674529,323.996613816
1610679242966,158.596368452,244.673116555,323.996994811
1610679243059,156.858047078,243.802521013,323.988991028
1610679243154,154.915578149,243.350150919,324.984832183
1610679243249,152.868964099,244.106411166,324.982591372
1610679243344,151.151503364,244.637978228,326.987478311
1610679243439,151.090529077,240.158010123,319.983065745
1610679243534,150.106781934,242.230258826,324.974536503
1610679243629,150.770038005,240.617604689,323.978097551
1610679243724,151.511995944,242.023278965,322.981827100
1610679243819,153.087479355,242.924415809,325.980918206
1610679243914,155.622885745,241.049103435,321.982064516
1610679244009,156.972013548,243.596177907,324.987094022
1610679244104,158.909906868,242.746134661,322.997666100
1610679244199,159.138790993,249.032322213,321.000297153
1610679244294,162.259442203,242.827535877,324.998414458
1610679244388,163.240127319,245.055921830,321.000514115
1610679244482,164.830212457,243.124879595,323.010341532
1610679244576,165.140435341,244.964241484,322.008864713
1610679244670,165.178541730,246.507347691,320.004664279
1610679244764,165.927754328,243.681827380,320.006268351
1610679244858,165.480918910,245.509302853,315.013875711
1610679244952,165.513606881,246.284031278,314.011804686
1610679245046,166.301954571,247.234740824,306.011351537
1610679245140,167.180959597,252.206563021,290.011092485
1610679245234,171.526321235,246.684296742,247.024677967
1610679245328,175.200206205,245.539886072,379.032543791
1610679245422,179.206181031,246.774161596,242.034697593
1610679245512,181.352007597,249.438310858,592.049996878
1610679245607,183.172365955,249.862243343,691.053894283
1610679245702,182.662554783,250.743516436,790.052802772
1610679245797,180.676640655,248.979680894,548.054973940
1610679245892,174.993153902,249.888971380,284.044946549
1610679245987,166.024278930,249.731799492,285.034308139
1610679246082,154.826505502,249.822668551,298.016756625
1610679246177,138.645262457,267.848923602,308.007804543
1610679246272,110.194972357,341.839476941,316.869815839
1610679246367,53.438231073,547.240060392,318.296397613
1610679246462,122.073089848,232.044514531,321.027989614
1610679246557,88.624035907,376.255838311,325.268962295
1610679246652,128.760332516,225.875721587,323.008050909
1610679246747,191.252089700,-6.640482573,321.837822980
1610679246841,167.835996557,135.482560512,325.059597142
1610679246935,161.173963152,207.629731223,321.051756693
1610679247029,164.577615180,233.559314944,325.041915866
1610679247123,170.339064167,240.503760210,325.041405126
1610679247217,174.275271167,243.790251589,322.034845515
1610679247311,176.358566883,244.508302082,324.041446882
1610679247405,175.882838644,246.931744383,324.036146323
1610679247499,174.534925489,245.384952783,326.031119418
1610679247593,172.192365072,244.140755504,321.019680944
1610679247687,169.526007039,244.519803160,322.013972245
1610679247781,166.849944443,247.129474861,324.010383779
1610679247875,166.477051883,243.042634119,324.009585412
1610679247965,165.707973593,244.630643945,324.005797798
1610679248060,165.710919258,246.562866272,324.014368144
1610679248155,166.819907855,245.122479817,323.010319470
1610679248250,167.302505907,245.933521469,325.017775747
1610679248345,168.209458591,243.678968147,328.015435522
1610679248440,167.487437796,247.045052833,323.009607648
1610679248535,167.575243195,245.065501313,323.009795641
1610679248630,166.457095991,246.503754874,323.013824706
1610679248725,165.206019453,247.212399063,322.011146139
1610679248820,164.238650009,245.987114117,324.009074991
1610679248915,163.510003029,243.351655670,325.003232931
1610679249010,161.660422042,244.688033617,322.997131950
1610679249105,159.888032426,244.741040452,320.997619267
1610679249201,158.714403921,242.234836973,322.992965507
1610679249295,157.232195458,242.656770133,324.987651074
1610679249389,156.354199321,242.150951055,323.992194305
1610679249483,156.244415472,239.659615979,323.987677237
1610679249577,154.784473521,243.319618738,320.984551487
1610679249671,154.885447267,240.110249834,324.982626663
1610679249765,154.119998037,240.466220728,323.976705809
1610679249859,153.027813908,242.910520676,324.980790461
1610679249953,152.632525670,243.051348420,322.982085155
1610679250047,153.358544607,239.521774427,324.977216539
1610679250141,152.630064221,243.982311517,321.990643925
1610679250235,153.983123027,240.900112881,324.980694778
1610679250329,154.454442070,243.708527831,320.988126906
1610679250419,155.949719066,243.590985877,324.987046289
1610679250513,158.278005064,240.667438461,321.987749153
1610679250607,158.817593526,245.560215942,322.986763407
1610679250701,161.334775773,241.379311702,324.994293729
1610679250795,161.766589914,245.178526589,324.001641277
1610679250889,162.388409806,246.857570379,320.998690579
1610679250983,163.152648850,246.802665405,321.998185813
1610679251077,163.874464721,246.203648914,324.001872238
1610679251171,164.329082625,246.076638105,320.000704569
1610679251265,164.655250101,246.084133647,321.009966936
1610679251359,165.100038881,245.721949710,323.006637214
1610679251453,165.999331395,243.698496539,322.006421598
1610679251547,166.591908815,242.836498388,321.007690312
1610679251636,164.466685216,253.273103969,325.011704227
1610679251730,166.679284428,244.788383106,321.016441423
1610679251824,166.211284883,246.912277544,324.017580442
1610679251918,166.615242995,243.841932547,321.007740271
1610679252012,165.523861898,245.587767262,321.005403613
1610679252106,164.567987825,245.296695735,324.011921117
1610679252200,163.547606866,244.127528922,322.001172432
1610679252294,161.663877141,245.853258665,323.007844397
1610679252388,160.540472393,244.358751499,323.003298167
1610679252482,159.346247182,243.847751375,325.998600309
1610679252576,159.064051487,240.782032489,323.997996125
1610679252670,157.611429046,244.443739846,323.994886046
1610679252764,158.374907238,240.457121352,323.985815611
1610679252855,158.404127170,241.395462538,322.994442211
1610679252949,158.294850323,244.370013700,322.994208248
1610679253043,159.838474229,241.030846890,324.991090132
1610679253137,158.794059450,248.952039724,321.999559079
1610679253231,160.368266286,245.318647438,322.002929472
1610679253325,160.963920641,245.060061363,324.991358714
1610679253419,161.306624407,244.372755697,321.994233456
1610679253513,161.486782823,242.880479889,323.998901197
1610679253607,160.953388270,243.523376706,320.995618184
1610679253701,160.050286373,245.011710896,325.000107664
1610679253795,159.903945555,243.046094120,323.991230307
1610679253889,159.302801412,243.604749464,319.996366281
1610679253983,159.535315954,241.658898400,320.996864097
1610679254073,159.374377343,242.854302442,322.998660536
1610679254167,159.696780639,243.463616873,322.995068785
1610679254261,159.762971380,246.479031643,323.995210500
1610679254355,161.155759140,244.570505660,322.996051462
1610679254449,162.216866679,244.351852551,323.994041284
1610679254543,163.426463819,243.332200717,324.003054073
1610679254637,164.108739890,244.025323789,322.000232813
1610679254731,164.410469238,245.328475834,322.003019828
1610679254825,164.637823861,246.080075354,325.009929626
1610679254919,165.518000972,243.586402345,320.005391065
1610679255013,165.283399503,245.298883315,322.002747771
1610679255107,165.005459486,246.699923674,321.006434718
