1618477895185,343.710142229,359.088081288,-258.643369804
1618477895279,3.843322736,287.402333922,-16.024212889
1618477895373,-393.147337352,33.783193724,628.585593964
1618477895467,148.214813416,309.964255988,-35.586128990
1618477895561,73.529060157,361.088098783,-258.643370933
1618477895655,-589.642653866,38.783177121,1042.138161758
1618477895743,23.405222754,236.278531444,258.156857832
1618477895837,245.462488949,408.211895187,-383.452947124
1618477895931,-440.271161588,-11.340650828,845.642836020
1618477896025,-22.718603176,185.154690015,426.090268308
1618477896119,298.586317664,405.211900099,-479.700610200
1618477896213,-267.337744680,88.906998871,601.023679966
1618477896307,-222.213908505,113.468905715,673.709427606
1618477896401,271.024390332,457.335752951,-501.262527274
1618477896495,-462.833052645,63.345050810,1047.138164468
1618477896589,-391.147318050,64.345073815,843.642837467
1618477896683,269.024407158,481.897637608,-356.891031135
1618477896777,-120.966240474,257.840390129,87.223451683
1618477896871,-418.709241219,14.221256230,994.014330714
1618477896965,272.024376794,261.840452401,-259.643371989
1618477897059,28.405229318,258.840435029,-84.709961041
1618477897153,-489.394978422,-59.464509033,1167.947741715
1618477897247,122.652917310,333.526135560,-13.024210970
1618477897341,149.214839107,359.088039987,-284.205282829
1618477897435,-490.394999758,110.468940143,1016.576245039
1618477897529,28.405236669,260.840421471,185.471112419
1618477897623,-93.404333578,187.154659278,576.461764429
1618477897717,-462.833071503,88.907001279,844.642836707
1618477897811,-118.966274263,185.154705377,478.214098696
1618477897905,274.024392987,430.773832364,-506.262526959
1618477897999,-369.585410794,185.154667818,625.585595257
1618477898093,-271.337759547,112.468941979,798.519003714
1618477898190,321.148231967,358.088071279,-505.262526054
1618477898285,-243.775819953,234.278476340,351.404524146
1618477898380,-418.709243130,64.345091134,970.452414797
1618477898475,295.586321663,403.211892724,-429.576778345
1618477898570,-119.966262002,258.840429832,133.347280501
1618477898665,-417.709259206,-9.340626286,1042.138159953
1618477898760,319.148212074,379.650023655,-331.329118594
1618477898855,22.405241781,309.964243423,-158.395706627
1618477898950,-467.833057887,15.221229100,1066.700079534
1618477899045,145.214812205,289.402342531,61.661533625
1618477899140,171.776730957,358.088083952,-335.329117045
1618477899235,-418.709236905,-9.340667416,993.014331228
1618477899330,-0.156689943,210.716610236,354.404520947
1618477899426,246.462477816,479.897662788,-382.452948449
1618477899520,-416.709239864,-9.340661958,825.080921048
1618477899614,-172.090099759,206.716610215,524.337930775
1618477899708,342.710141362,381.649998576,-504.262526803
1618477899802,-321.461596437,110.468952142,575.461761852
1618477899896,196.338646685,406.211915261,-405.014864109
1618477899990,366.272067830,405.211894388,-503.262525521
1618477900084,-224.213922479,234.278509936,306.280690599
1618477900178,-418.709237555,112.468912231,941.890499771
1618477900272,268.024390299,403.211921633,-405.014864520
1618477900366,-149.528168857,307.964244917,60.661534483
1618477900460,-420.709237775,-12.340665811,993.014331124
1618477900554,242.462461944,308.964282232,-161.395709131
1618477900643,22.405234266,307.964257282,-161.395707521
1618477900737,-472.833057552,-60.464518587,1045.138163884
1618477900831,66.529063336,282.402345852,108.785364790
1618477900925,189.338639385,360.088097345,-383.452949288
1618477901019,-230.213923485,236.278511791,207.033027721
1618477901113,12.405252757,162.592729042,355.404524161
1618477901207,184.338645473,506.459580255,-430.576779943
1618477901301,-438.709243157,16.221259805,772.957089277
1618477901395,-144.966249905,91.906997695,599.023680042
1618477901489,238.024382332,479.335767705,-500.262528226
1618477901583,-385.585412378,202.592755049,603.023679379
1618477901677,-271.775838295,127.345100342,771.957088687
1618477901771,366.710139088,563.897665530,-408.014864315
1618477901860,-293.213910823,234.154657059,253.156860607
1618477901955,-502.709237413,182.468911970,943.890499788
1618477902050,137.776726346,610.211923836,-407.014864662
1618477902145,-405.833089050,205.783202262,943.890497378
1618477902240,-310.147309713,129.906974130,968.452416907
1618477902335,270.338634361,336.088106610,-187.957624369
1618477902430,30.405233683,337.211921116,-161.395707591
1618477902525,-516.394996140,0.783186402,1016.576245470
1618477902620,-17.594755665,269.964238714,58.661534883
1618477902715,117.338651748,343.088074544,-481.700610575
1618477902810,-556.271167636,82.221276015,967.452413748
1618477902905,-221.842426739,357.154675601,477.214100617
1618477903000,156.024398901,827.335737148,-500.262526255
1618477903101,-413.709241345,456.468919221,696.271342424
1618477903196,-222.213911426,364.468911103,623.585595879
1618477903291,-309.147339504,228.221282003,843.642834914
1618477903386,-224.899660527,317.154661920,494.776017189
1618477903481,-153.213898980,193.906972458,838.642838566
1618477903576,397.148230782,555.897651911,-443.576779126
1618477903671,-148.213924896,253.716598703,236.156858932
1618477903766,-356.709249061,84.345102072,963.576245471
1618477903861,295.462471813,390.650011100,-340.205286405
1618477903956,-11.280518406,238.278520547,-130.148045429
1618477904051,-457.394995611,-38.902561644,992.576245533
1618477904146,222.338665714,332.526133097,-145.833789259
1618477904241,94.529067129,432.773832994,-204.643370103
1618477904332,-524.518802011,57.345055048,988.452417126
1618477904426,109.090985219,256.840418740,-89.148044301
1618477904520,209.338658717,451.335724451,-457.014862677
1618477904614,-406.709226954,107.468892681,816.204753964
1618477904708,-91.404328298,206.716565230,414.776017988
1618477904802,277.024386161,429.773844954,-600.262527771
1618477904896,-410.709244771,136.030841230,594.147510637
1618477904990,-221.213928004,163.592773056,775.957088044
1618477905084,299.586302674,454.335759125,-396.262527673
1618477905178,-265.337735376,182.154644471,498.090271246
1618477905272,-412.709243186,-12.340655832,975.204752032
1618477905366,276.024374832,407.211950158,-349.576782050
1618477905460,-43.280514835,283.402345341,154.223449133
1618477905549,324.148229062,381.649992326,-442.262526400
1618477905643,198.338655216,356.088068148,-253.767200335
1618477905737,52.967169275,281.402305963,-93.833789533
1618477905831,-563.080747487,-13.340637088,1001.452413582
1618477905925,151.214817359,308.964248717,31.537702859
1618477906019,99.090974954,358.088100430,-316.329118108
1618477906113,-463.833076894,13.221264153,883.204751755
1618477906207,-42.280511872,236.278508498,291.718775002
1618477906301,246.462487741,407.211897415,-520.824441406
1618477906395,-463.833091023,89.907037279,778.957087316
1618477906489,-168.090096102,184.154687781,679.709425348
1618477906583,272.024393755,432.773830948,-546.386358246
1618477906677,99.090989455,334.526157997,-280.205285003
1618477906768,-291.899648135,114.468891996,826.080922629
1618477906863,394.833963480,456.335762726,-429.576780836
1618477906958,-219.213923167,234.278511204,186.471112069
1618477907053,-414.709250905,-9.340641596,947.890498183
1618477907148,324.148215678,406.211932699,-356.891033855
1618477907243,1.843321510,283.402336183,-35.586128724
1618477907338,-413.709254984,89.907028685,1043.138160456
1618477907433,149.214824685,257.840403826,-61.148043339
1618477907528,77.529056416,356.088105683,-281.205287067
1618477907623,-438.271176156,15.221291727,970.452412735
1618477907718,51.967146122,237.278517284,136.347280298
1618477907813,-315.461577512,161.592748619,504.776017035
1618477907908,-463.833087555,37.783199504,824.080919108
1618477908004,-95.404325679,187.154644711,402.528355541
1618477908098,299.586310815,383.649997042,-551.386358083
1618477908192,-413.709232227,110.468902405,675.709427819
1618477908286,-270.337751396,90.907011257,724.833257615
1618477908380,322.148241443,504.459547939,-504.262524927
1618477908474,-270.337738463,184.154650164,379.966439500
1618477908568,-290.899654318,38.783156330,873.204753272
1618477908662,273.024395843,432.773827097,-381.452948171
1618477908756,-142.528180669,235.278519634,61.661533077
1618477908850,-414.709251303,15.221274828,997.014329515
1618477908944,-459.833081228,-35.902559234,996.014329688
1618477909038,28.405232976,334.526175350,-159.395707675
1618477909132,-464.833073001,-34.902574406,1041.138162046
1618477909223,122.652891988,306.964266571,37.099617396
1618477909316,124.652895138,358.088092142,-403.014864642
1618477909409,-512.956907462,12.221262658,966.452414610
1618477909502,-70.842407607,236.278471696,355.404524445
1618477909595,174.776723592,428.773844604,-500.262527748
1618477909688,-461.833087768,111.468946967,773.957087703
1618477909781,-171.090094389,207.716600312,550.899847104
1618477909874,273.024401101,480.897648780,-503.262525993
1618477909967,-294.899652269,162.592730999,599.023680930
1618477910060,-221.213918885,112.468924860,627.585594992
1618477910153,321.148229204,357.088076374,-505.262526383
1618477910246,-168.090093847,234.278515001,208.033027514
1618477910339,-415.709236876,38.783163910,920.328584162
1618477910438,272.024400259,358.088071885,-356.891031956
1618477910532,-23.718598658,335.526175821,-36.586129257
1618477910626,-441.271167049,15.221274932,1043.138160887
1618477910720,200.338655319,332.526152270,-136.833790496
1618477910814,26.405237310,360.088083047,-257.643369917
1618477910908,-562.080726783,40.783156107,922.328584666
1618477911002,50.967134347,210.716623311,206.033025966
1618477911096,274.024405635,481.897640418,-431.576778385
1618477911190,124.652891370,334.526183401,-113.271876815
1618477911284,-119.966249340,136.030828032,601.023680110
1618477911378,274.024393001,432.773832338,-502.262526957
1618477911472,-392.147327534,162.592754066,599.023679442
1618477911566,-291.899669055,111.468930578,772.957088760
1618477911659,295.586325238,406.211886131,-506.262524988
1618477911754,-216.213924146,162.592765940,259.156859022
1618477911849,-389.147309354,14.221226398,945.890501260
1618477911944,276.024407150,357.088059175,-356.891031136
1618477912039,-77.842421684,256.840413347,-37.586128263
1618477912134,-488.394975714,-58.464514028,969.452416521
1618477912229,198.338650412,335.526161319,-15.024212632
1618477912324,323.148218782,530.021505421,-479.700611933
1618477912419,-462.833071353,-57.464493135,1043.138162242
1618477912514,46.967138156,237.278531975,209.033026419
1618477912609,194.338643496,481.897668211,-407.014864488
1618477912704,-415.709247858,88.907015544,872.204751476
1618477912799,-167.090090985,234.278509724,479.214100440
1618477912894,296.586317656,481.897647184,-504.262525890
1618477912988,-417.709254480,88.907027756,526.337931034
1618477913082,-271.337746551,61.345086632,771.957089571
1618477913176,345.710133946,530.021506392,-501.262527686
1618477913270,-245.775818071,187.154641491,306.280692990
1618477913364,-394.147319626,14.221245343,922.328584348
