1618477895171,-1.003609
1618477895265,-0.377719
1618477895359,1.634080
1618477895453,-0.646520
1618477895547,-0.988572
1618477895641,1.391860
1618477895735,-0.043958
1618477895829,-1.355494
1618477895917,1.884945
1618477896011,0.281192
1618477896105,-1.337687
1618477896199,1.166045
1618477896293,0.837145
1618477896387,-1.683994
1618477896481,1.077536
1618477896575,1.277069
1618477896669,-2.006163
1618477896763,-0.125818
1618477896857,1.571894
1618477896951,-0.039443
1618477897045,-0.119790
1618477897136,2.167239
1618477897230,-0.879429
1618477897324,-0.880802
1618477897418,0.675835
1618477897512,-0.273435
1618477897606,0.162588
1618477897700,1.018894
1618477897794,0.293995
1618477897888,-1.453141
1618477897982,0.215476
1618477898076,0.787045
1618477898170,-0.839587
1618477898264,-0.114349
1618477898355,1.143050
1618477898449,-1.270482
1618477898543,-0.184006
1618477898637,1.789655
1618477898731,-1.122067
1618477898825,-0.453592
1618477898919,1.548737
1618477899013,-0.452881
1618477899107,-0.848919
1618477899201,1.760662
1618477899295,0.087390
1618477899389,-2.010655
1618477899483,1.874294
1618477899581,0.017182
1618477899675,-1.074629
1618477899769,0.912995
1618477899863,-1.415309
1618477899957,-1.272545
1618477900051,-0.081356
1618477900145,0.671847
1618477900239,-1.277827
1618477900333,-0.600552
1618477900427,1.832068
1618477900521,-0.522577
1618477900615,-0.538035
1618477900709,2.227030
1618477900800,-0.418558
1618477900894,-0.897902
1618477900988,0.021229
1618477901082,0.595825
1618477901176,-2.194022
1618477901270,1.756421
1618477901364,1.151113
1618477901458,-1.694903
1618477901552,0.557920
1618477901646,1.346379
1618477901740,-1.932208
1618477901834,0.447905
1618477901928,0.802970
1618477902020,-1.301468
1618477902115,1.354597
1618477902210,0.851062
1618477902305,-1.004768
1618477902400,-1.310652
1618477902495,1.457669
1618477902590,-0.502165
1618477902685,-0.658262
1618477902780,1.792181
1618477902875,0.396904
1618477902970,-1.717434
1618477903065,0.830106
1618477903160,0.800694
1618477903251,1.555346
1618477903346,0.174030
1618477903441,0.846463
1618477903536,-2.164264
1618477903631,-0.139804
1618477903726,-0.049049
1618477903821,-2.412902
1618477903916,-2.306785
1618477904011,1.205466
1618477904106,-2.154317
1618477904201,-5.117325
1618477904296,0.545148
1618477904391,0.276491
1618477904487,-0.725478
1618477904581,1.396212
1618477904675,0.382964
1618477904769,-2.552558
1618477904863,-1.900455
1618477904957,-6.476717
1618477905051,-8.281680
1618477905145,-5.018780
1618477905239,-2.012430
1618477905333,-3.721121
1618477905427,-2.320659
1618477905521,-2.287042
1618477905615,-1.647749
1618477905707,-0.711023
1618477905802,1.637812
1618477905897,-0.688486
1618477905992,-0.973264
1618477906087,1.691729
1618477906182,-0.016800
1618477906277,-1.202639
1618477906372,1.096474
1618477906467,0.171434
1618477906562,-1.422027
1618477906657,-0.685283
1618477906752,0.857530
1618477906847,-1.722611
1618477906941,0.049132
1618477907035,1.892264
1618477907129,-1.341631
1618477907223,-0.343179
1618477907317,0.797082
1618477907411,-0.071383
1618477907505,-0.805389
1618477907599,1.647428
1618477907693,0.028056
1618477907787,0.536269
1618477907881,1.515955
1618477907975,0.337955
1618477908069,-0.914999
1618477908160,0.905814
1618477908254,1.067405
1618477908348,-2.158200
1618477908442,0.395406
1618477908536,1.461362
1618477908630,-1.594656
1618477908724,0.098890
1618477908818,1.630865
1618477908912,2.081006
1618477909006,-0.731219
1618477909100,2.049079
1618477909194,-0.652540
1618477909288,-0.857455
1618477909377,1.703440
1618477909472,-0.220889
1618477909567,-1.518901
1618477909662,0.765896
1618477909757,0.025863
1618477909852,-1.915661
1618477909947,0.464130
1618477910042,0.912243
1618477910137,-0.798340
1618477910232,-0.006799
1618477910327,1.424369
1618477910422,-0.867425
1618477910517,-0.852453
1618477910611,1.584861
1618477910706,-0.793357
1618477910801,-0.922603
1618477910896,1.463331
1618477910991,0.170056
1618477911086,-2.006168
1618477911181,-0.771589
1618477911276,0.683100
1618477911371,-1.453141
1618477911466,0.418857
1618477911561,0.765100
1618477911656,-1.285745
1618477911751,0.680208
1618477911849,1.657222
1618477911943,-0.888481
1618477912037,-0.103656
1618477912131,2.332542
1618477912225,-0.868179
1618477912319,-2.403894
1618477912413,2.280771
1618477912507,-0.026731
1618477912601,-1.927625
1618477912695,1.011475
1618477912789,-0.245157
1618477912883,-1.960554
1618477912977,1.229340
1618477913068,1.291802
1618477913161,-2.389911
1618477913254,0.317822
1618477913347,1.594257
