1618476517102	-81.250795	144.015453	226.515539
1618476517196	-97.000592	176.700609	219.084018
1618476517290	-116.478812	157.367523	245.767317
1618476517384	-96.994197	197.933873	247.259354
1618476517478	-77.354048	150.389448	229.424538
1618476517572	-83.004703	141.79057	249.190202
1618476517666	-81.371713	143.242733	245.694681
1618476517760	-111.125338	163.656185	261.754896
1618476517850	-88.910646	131.923988	246.139647
1618476517946	-101.000249	147.804903	221.187781
1618476518042	-106.962534	155.465699	243.124983
1618476518138	-76.110025	171.079363	241.452708
1618476518234	-102.939458	183.57746	238.907756
1618476518330	-116.684731	132.001211	239.039899
1618476518426	-86.68952	107.998655	241.379158
1618476518522	-78.737103	159.362173	247.941295
1618476518618	-77.115423	176.737291	237.355088
1618476518714	-84.825059	141.870494	247.789279
1618476518810	-64.432902	169.692428	219.609319
1618476518906	-111.990718	176.057257	232.273618
1618476519002	-100.963368	127.270236	241.873912
1618476519092	-82.73815	169.43246	233.764922
1618476519186	-118.380884	186.178573	232.88003
1618476519280	-90.164676	108.274463	230.787803
1618476519374	-117.501095	144.100429	233.463064
1618476519468	-133.308818	114.534869	232.580431
1618476519562	-107.816292	204.343192	234.157216
1618476519656	-109.627691	119.1472	224.941172
1618476519750	-85.109182	182.811664	252.320711
1618476519844	-125.692605	170.747078	249.183721
1618476519938	-75.402794	177.127085	234.25174
1618476520032	-115.803848	172.172072	274.141703
1618476520126	-116.585603	120.995079	251.731118
1618476520220	-103.407596	134.303295	237.688624
1618476520313	-133.993448	197.24532	239.383565
1618476520408	-91.230604	110.680905	240.906884
1618476520503	-99.226426	195.334541	244.240957
1618476520598	-131.557757	131.583373	248.478587
1618476520693	-89.976456	149.089661	251.40276
1618476520788	-109.630378	124.304499	238.417334
1618476520883	-88.831132	151.717699	207.665362
1618476520978	-115.728453	150.973274	246.276405
1618476521073	-96.126484	126.499651	244.67308
1618476521168	-95.777815	153.560609	234.28774
1618476521263	-96.050266	180.716396	223.776674
1618476521358	-84.586563	228.091428	238.04714
1618476521453	-52.506903	159.704539	257.119392
1618476521545	-89.888955	132.360933	229.576133
1618476521639	-76.165847	134.683807	220.41602
1618476521733	-83.960755	144.919324	248.750996
1618476521827	-105.885803	139.273682	233.479875
1618476521921	-100.776941	194.126063	243.554164
1618476522015	-109.175593	125.188745	256.374863
1618476522109	-85.158994	159.327278	238.75297
1618476522203	-104.586004	148.80265	226.344027
1618476522297	-76.819255	148.606316	224.317642
1618476522391	-84.42255	179.327507	231.759706
1618476522485	-83.263643	186.674016	243.445255
1618476522579	-105.91244	177.668713	255.96086
1618476522673	-117.3951	155.778256	235.325332
1618476522763	-99.24352	164.169129	253.760565
1618476522858	-74.0701	143.102057	219.215662
1618476522953	-113.493671	118.05882	228.414223
1618476523048	-97.456964	143.552047	221.369458
1618476523143	-76.775076	163.659463	252.661114
1618476523238	-128.544267	165.153491	217.646726
1618476523333	-106.094003	142.170748	257.693404
1618476523428	-74.882001	156.080444	225.037007
1618476523523	-106.152346	149.529971	260.603456
1618476523618	-68.636962	162.347373	228.543999
1618476523713	-58.773867	108.121726	216.657364
1618476523808	-109.945498	176.208398	261.924824
1618476523903	-89.224738	127.059327	254.266101
1618476523999	-67.148418	161.467902	238.087636
1618476524093	-71.603794	142.322807	232.408949
1618476524187	-91.308813	120.035085	237.672065
1618476524281	-90.353247	194.657924	230.938352
1618476524375	-94.823195	117.653398	238.945728
1618476524469	-83.474041	121.21255	255.199526
1618476524563	-85.204742	128.800672	225.623337
1618476524657	-100.283401	207.96655	240.304157
1618476524751	-93.752998	186.001394	232.926324
1618476524845	-129.730345	159.907121	247.72251
1618476524939	-105.663984	182.675842	261.162935
1618476525033	-82.362297	132.923518	206.331513
1618476525127	-98.14987	188.412663	245.132063
1618476525218	-84.927102	115.552673	228.87128
1618476525313	-89.884453	138.190789	237.58046
1618476525408	-69.17146	184.726334	259.889681
1618476525503	-102.447046	161.185527	238.794965
1618476525598	-85.127097	174.265213	211.549913
1618476525693	-81.743314	193.33945	269.645145
1618476525788	-88.963317	102.923041	231.725478
1618476525883	-122.08291	143.849525	269.668184
1618476525978	-73.483736	193.171902	230.641771
1618476526073	-79.883144	227.651311	239.541421
1618476526168	-58.112284	182.401824	214.414854
1618476526263	-143.237866	146.894486	255.188737
1618476526358	-55.248712	167.323872	256.430315
1618476526452	-106.200091	117.475731	233.68787
1618476526546	-88.431421	172.015335	252.197546
1618476526640	-82.673258	144.716284	228.421704
1618476526734	-93.034324	161.534218	247.516076
1618476526828	-112.546781	176.3177	235.147189
1618476526922	-68.804052	188.802599	246.128687
1618476527016	-114.935136	191.905228	248.948142
1618476527110	-100.001411	168.71086	260.138624
1618476527204	-123.881639	159.86762	236.442123
1618476527298	-59.185959	143.685985	233.876987
1618476527392	-96.46405	134.260043	238.810781
1618476527486	-103.809891	175.092048	238.995179
1618476527580	-125.870297	89.871465	247.235774
1618476527674	-105.765609	150.519207	231.186167
1618476527769	-85.83409	185.463942	251.942932
1618476527864	-126.553406	155.230401	230.08761
1618476527959	-108.113098	103.606142	228.096987
1618476528054	-102.100429	101.18668	227.999938
1618476528149	-98.903373	153.472983	245.674703
1618476528244	-91.745459	133.645087	236.348803
1618476528339	-80.161762	157.749298	248.886692
1618476528434	-74.268846	225.456609	234.545369
1618476528529	-112.12868	155.181484	220.525606
1618476528624	-140.890249	217.777926	253.151679
1618476528719	-102.011117	116.090079	233.021155
1618476528814	-88.960806	167.567094	241.224256
1618476528903	-119.865781	176.092994	229.290764
1618476528997	-114.453934	139.268295	233.164125
1618476529091	-128.206853	208.850097	260.09729
1618476529185	-118.874299	138.636235	240.495706
1618476529279	-90.723008	158.007165	246.97505
1618476529373	-134.047428	222.394969	231.367209
1618476529467	-114.277563	264.772095	242.494463
1618476529561	-179.934819	268.246345	218.551266
1618476529655	-186.148202	271.28253	195.577686
1618476529749	-142.51988	424.985019	143.619956
1618476529843	-40.005141	455.709725	126.114333
1618476529937	-1.303434	355.673548	167.818793
1618476530031	-13.439405	218.664909	179.251735
1618476530121	-22.032614	27.231592	252.007064
1618476530216	-87.681708	-37.739006	258.098567
1618476530311	-127.850049	78.083069	281.473831
1618476530406	-129.946132	91.666031	244.888904
1618476530501	-115.994191	66.755652	252.015425
1618476530596	-188.854668	88.077016	246.394595
1618476530691	-217.359138	260.395815	225.95631
1618476530786	-212.288134	330.186934	186.01251
1618476530881	-161.278089	535.558676	112.693313
1618476530976	-138.357782	610.473336	88.616488
1618476531071	-128.124271	503.485369	110.361929
1618476531166	-92.078968	475.688826	87.989233
1618476531261	-58.68006	464.308684	111.307353
1618476531358	-43.563375	314.78048	153.173798
1618476531452	-49.776239	325.173957	146.584782
1618476531546	-38.65024	282.561207	175.880989
1618476531640	-12.675998	192.784952	183.789936
1618476531734	-50.352587	141.623734	150.249666
1618476531828	-27.669396	129.275245	97.531804
1618476531922	-24.97757	151.234699	127.697409
1618476532016	-42.567769	119.843181	154.561177
1618476532110	-67.988075	142.275631	200.934013
1618476532204	-83.484251	166.869907	214.888576
1618476532298	-70.041462	123.24491	264.854463
1618476532392	-110.317211	124.298728	297.049586
1618476532486	-96.985472	122.635684	282.766218
1618476532576	-45.41724	138.506224	262.662602
1618476532671	-71.362417	193.782809	223.593345
1618476532766	-70.061298	169.287641	199.854098
1618476532861	-88.480467	136.925656	175.481692
1618476532956	-60.377693	163.984956	144.361027
1618476533051	-92.407052	126.442931	105.284734
1618476533146	-110.268361	133.448802	108.79619
1618476533241	-98.57661	150.499233	141.95283
1618476533336	-148.516609	170.085325	244.726257
1618476533431	-83.616221	202.460759	249.655651
1618476533526	-83.380671	150.937897	323.777934
1618476533621	-75.612147	179.799443	373.069058
1618476533716	-91.682356	129.992542	325.905147
1618476533811	-93.551744	152.081868	344.971324
1618476533905	-82.551858	203.856208	335.998129
1618476533999	-99.337653	159.779885	310.124312
1618476534093	-111.266906	188.034429	279.890455
1618476534187	-118.073736	115.922001	269.577207
1618476534281	-109.192038	210.086501	293.431041
1618476534375	-110.332358	86.978239	247.733604
1618476534469	-85.086349	126.655259	258.156382
1618476534563	-126.066065	107.875669	273.435649
1618476534657	-81.656329	167.477421	252.171645
1618476534751	-61.899645	134.183335	243.437992
1618476534845	-99.458332	149.641739	271.882154
1618476534939	-123.16431	176.047787	235.565732
1618476535028	-98.973459	164.611746	250.31686
1618476535122	-138.139701	150.015325	242.19594
1618476535216	-86.004869	150.587631	240.494154
1618476535310	-86.901166	148.728141	248.941393
1618476535404	-85.298198	165.189393	235.321482
1618476535498	-82.714639	98.537379	252.871957
1618476535592	-98.241244	141.535766	245.118637
1618476535686	-104.259059	148.568416	260.874062
1618476535780	-80.259866	137.519834	236.595334
1618476535874	-78.189874	157.309054	248.093021
1618476535968	-94.600751	143.109499	244.190179
1618476536062	-90.507778	192.47093	245.653394
1618476536156	-141.451057	167.011302	241.622028
1618476536247	-91.355228	138.113822	232.761624
1618476536341	-86.177289	227.165122	244.21005
1618476536435	-125.632624	151.779914	248.543194
1618476536529	-95.329323	153.188165	242.989234
1618476536623	-80.49439	141.224084	250.260629
1618476536717	-97.830879	178.225932	228.314796
1618476536811	-86.751384	160.082703	225.140976
1618476536905	-106.236399	210.566342	234.072355
1618476536999	-113.005587	122.227463	226.064362
1618476537093	-87.047901	87.604704	243.614223
1618476537187	-73.274207	152.019616	226.637152
1618476537281	-108.011038	165.503727	233.677477
1618476537375	-125.24042	184.636373	257.346699
1618476537466	-92.54126	92.244724	235.214109
1618476537560	-84.87102	128.59199	269.332814
1618476537654	-83.983463	167.993146	258.327009
1618476537748	-58.111742	147.949953	226.825887
1618476537842	-113.122344	162.148783	254.309287
1618476537936	-75.133263	170.366515	219.262676
1618476538030	-108.326773	158.271081	239.469511
1618476538124	-86.485794	164.811409	257.321888
1618476538218	-65.957474	145.728886	201.815274
1618476538312	-59.567302	164.794701	246.861973
1618476538406	-82.005662	175.127545	255.593774
1618476538500	-119.439593	188.754472	208.218973
1618476538594	-120.170456	143.166851	252.023168
1618476538687	-114.105925	116.622818	231.553727
1618476538781	-76.332174	147.85236	250.662218
1618476538875	-67.313895	172.519561	235.209272
1618476538969	-118.144852	171.381472	249.681785
1618476539063	-108.491484	151.017605	241.077997
1618476539157	-84.42727	173.295405	240.782475
1618476539251	-86.598459	148.320162	241.134178
1618476539345	-77.694555	122.395335	242.953281
1618476539439	-101.086153	136.215449	243.092159
1618476539533	-62.671077	164.96889	242.409311
1618476539627	-63.566875	191.992483	235.450913
1618476539721	-79.29083	133.00456	250.985334
1618476539815	-62.13628	173.881515	243.167915
1618476539904	-99.942316	200.736179	228.533788
1618476539998	-108.050657	161.16703	226.211061
1618476540092	-94.785145	189.467489	230.936833
1618476540186	-88.687707	178.410986	213.623356
1618476540280	-90.160436	188.644418	244.962937
1618476540374	-117.40432	137.931214	228.816593
1618476540468	-62.215243	96.600144	261.198342
1618476540562	-85.806534	163.210425	246.66998
1618476540656	-81.28558	186.54201	256.019441
1618476540750	-68.123149	184.504943	220.046681
1618476540844	-94.720326	139.141822	250.7569
1618476540938	-68.243461	196.393356	266.831643
1618476541032	-95.79563	145.84652	230.775472
1618476541124	-70.564819	163.772867	241.547451
1618476541218	-81.604178	153.05977	252.658996
1618476541312	-67.812163	123.752628	247.767644
1618476541406	-124.505347	173.738222	237.60469
1618476541500	-103.755068	87.925893	210.394062
1618476541594	-58.650866	105.068109	239.080371
1618476541688	-93.587943	171.725044	266.393221
1618476541782	-103.263171	163.692297	248.943404
1618476541876	-93.265467	200.873629	238.330107
1618476541970	-109.318856	154.5105	228.661626
1618476542064	-87.818014	154.282943	257.341936
1618476542158	-93.383967	101.059066	228.807514
1618476542252	-106.780903	125.919948	237.436675
1618476542343	-89.87346	151.516015	243.384774
1618476542437	-101.938696	139.094877	228.545746
1618476542531	-76.025281	115.64797	234.775576
1618476542625	-81.276373	170.840763	257.870397
1618476542719	-67.765129	216.891924	251.792416
