1610679769982,-2.260312
1610679770077,-2.440984
1610679770172,1.129404
1610679770267,1.928510
1610679770362,0.642261
1610679770457,0.066655
1610679770552,-2.224377
1610679770647,-2.100046
1610679770742,2.287355
1610679770837,2.558175
1610679770932,-1.087509
1610679771027,-1.265951
1610679771122,-1.096674
1610679771218,-0.328865
1610679771312,2.472869
1610679771406,1.820511
1610679771500,-2.309917
1610679771594,-2.381901
1610679771688,0.547187
1610679771782,1.141443
1610679771876,1.152843
1610679771970,0.938157
1610679772064,-2.489917
1610679772158,-1.939318
1610679772252,2.240347
1610679772346,2.385064
1610679772438,-0.414705
1610679772532,-0.960051
1610679772626,-1.548248
1610679772720,-0.965884
1610679772814,2.462107
1610679772908,2.426019
1610679773002,-1.863076
1610679773096,-2.221231
1610679773190,0.257953
1610679773284,0.714504
1610679773378,1.808872
1610679773472,1.153127
1610679773566,-2.324910
1610679773656,-2.602037
1610679773750,1.889908
1610679773844,2.222791
1610679773938,-0.061363
1610679774032,-0.480915
1610679774126,-1.939722
1610679774220,-1.051283
1610679774314,2.114046
1610679774408,2.356499
1610679774502,-1.744537
1610679774596,-2.117851
1610679774690,-0.709401
1610679774784,-0.335047
1610679774875,1.517141
1610679774969,1.036917
1610679775063,-2.982869
1610679775157,-3.036515
1610679775251,0.559756
1610679775345,2.715768
1610679775439,1.933005
1610679775533,3.369363
1610679775627,1.472137
1610679775721,2.933129
1610679775815,2.717995
1610679775909,6.816978
1610679776003,2.622474
1610679776093,0.902313
1610679776187,-0.113406
1610679776281,-5.330096
1610679776375,-0.743192
1610679776469,-1.299288
1610679776563,-3.660522
1610679776657,-3.495404
1610679776751,0.358943
1610679776845,1.139993
1610679776939,0.638630
1610679777033,-0.547132
1610679777127,-2.498899
1610679777221,-2.024456
1610679777311,2.079923
1610679777405,2.335146
1610679777499,-1.013779
1610679777593,-1.207757
1610679777687,-1.023346
1610679777781,-0.600160
1610679777875,2.409357
1610679777969,2.024816
1610679778063,-2.312930
1610679778157,-2.229800
1610679778251,0.879363
1610679778345,1.137791
1610679778439,1.186469
1610679778531,0.429461
1610679778625,-2.424723
1610679778719,-2.029988
1610679778813,1.920595
1610679778907,2.315151
1610679779001,-0.410401
1610679779095,-0.947896
1610679779189,-1.317781
1610679779283,-0.819732
1610679779377,2.342896
1610679779471,2.361602
1610679779565,-1.953317
1610679779659,-2.290544
1610679779750,0.688089
1610679779844,1.506478
1610679779938,1.400597
1610679780032,0.823824
1610679780126,-2.231956
1610679780220,-2.529658
1610679780314,2.123445
1610679780408,2.297710
1610679780502,-0.281412
1610679780596,-0.836939
1610679780690,-1.380987
1610679780784,-0.975103
1610679780878,2.513288
1610679780967,2.295382
1610679781061,-2.009733
1610679781155,-2.182322
1610679781249,0.700362
1610679781343,0.920968
1610679781437,1.193522
1610679781531,0.934079
1610679781625,-2.404234
1610679781719,-2.261855
1610679781813,2.110408
1610679781907,2.439605
1610679782001,-0.307019
1610679782095,-1.015807
1610679782190,-1.196044
1610679782284,-1.012312
1610679782378,2.447989
1610679782472,2.257751
1610679782566,-2.232541
1610679782660,-2.571326
1610679782754,0.306828
1610679782848,0.756211
1610679782942,1.585691
1610679783036,0.950840
1610679783130,-2.338999
1610679783224,-2.211063
1610679783318,2.030300
1610679783408,1.966831
1610679783502,-0.399370
1610679783596,-1.030750
1610679783690,-1.441893
1610679783784,-0.922700
1610679783878,2.489068
1610679783972,2.278297
1610679784066,-2.123374
1610679784160,-2.244538
1610679784254,0.391712
1610679784348,0.893405
1610679784442,1.505420
1610679784536,0.772869
1610679784626,-2.339823
1610679784720,-2.011194
1610679784814,2.088104
