1618477392193,-100.752677210,266.196230028,231.246167167
1618477392287,-95.306356147,241.673259596,233.337483169
1618477392381,-88.910721454,217.224453250,232.619019531
1618477392470,-85.945245828,202.960886878,233.213231838
1618477392564,-86.067324656,203.465737364,230.188770082
1618477392658,-91.359370570,213.944371061,236.729497418
1618477392752,-92.871858322,225.334630228,234.226053340
1618477392846,-92.373304065,230.543779060,233.925198552
1618477392940,-90.681137795,228.681362350,237.063892566
1618477393034,-91.579792892,223.126809211,234.284576455
1618477393128,-90.088655885,221.095738299,234.382988882
1618477393222,-91.769582081,222.911672284,232.246547118
1618477393316,-93.583322868,228.276853933,230.083492401
1618477393410,-96.632313849,233.479453524,233.073675748
1618477393504,-92.201176809,237.102849356,232.558935390
1618477393598,-96.454490211,236.014966733,236.708554009
1618477393689,-95.314981530,233.438036019,233.736508302
1618477393783,-92.618241312,230.556703989,233.876118828
1618477393877,-90.039645037,229.163949938,232.992056057
1618477393971,-92.249270575,228.030845174,230.950051978
1618477394065,-90.532553913,228.066901625,233.093665318
1618477394159,-92.129561861,228.535796169,231.974038818
1618477394253,-92.110452444,229.456770196,231.977867900
1618477394347,-92.368988333,229.525931582,231.926063325
1618477394441,-96.062640646,228.259047052,234.987448272
1618477394535,-92.863212212,228.434321396,234.027409090
1618477394629,-92.816615064,228.241621372,232.036746074
1618477394723,-92.301742737,228.247841005,229.939537777
1618477394817,-92.905487694,228.609149396,233.018938067
1618477394908,-97.214933397,227.888845607,230.956932349
1618477395002,-92.324071891,229.340182029,232.935063534
1618477395096,-93.214497487,228.887042924,231.957019695
1618477395190,-91.765379764,229.029740522,233.047012435
1618477395284,-93.415258017,228.717277394,232.916791957
1618477395378,-94.410523098,228.697696387,229.917740724
1618477395472,-93.983621054,228.932265740,232.003281960
1618477395566,-92.960958041,228.838544061,232.007823100
1618477395660,-93.126031914,228.521198261,234.974746137
1618477395754,-91.631252499,228.475064365,233.073888418
1618477395848,-94.044002221,227.181968839,232.991182979
1618477395942,-92.819985591,226.255560008,233.036070698
1618477396036,-92.767582674,224.903403846,233.246947753
1618477396128,-91.222938776,224.786504730,233.155704987
1618477396222,-94.834392692,225.315139805,232.033183851
1618477396316,-90.986056848,229.942338839,231.002793883
1618477396410,-95.885599205,233.797794996,232.622169798
1618477396504,-95.500394781,238.340249331,233.498979072
1618477396598,-94.922515236,240.085905970,231.414395955
1618477396692,-95.840291755,237.610428455,235.631248357
1618477396786,-93.938747131,231.882138720,233.811896920
1618477396880,-91.145812396,225.467552696,233.171159318
1618477396974,-90.072562752,221.029186004,234.386213572
1618477397068,-92.352848434,220.188292503,234.330050844
1618477397162,-88.966117319,224.724433284,231.207166030
1618477397256,-90.510149391,230.109695613,230.897777933
1618477397347,-92.289578398,234.332982723,231.741598498
1618477397443,-97.286009266,234.318222768,229.742313669
1618477397539,-93.792756070,233.278400470,236.841150131
1618477397635,-93.076978992,229.318342516,229.984575201
1618477397731,-94.949357954,225.790572520,230.010147487
1618477397827,-93.062275312,225.257536232,232.987521477
1618477397923,-92.931353927,225.580671132,233.214131805
1618477398019,-92.994029927,225.839864386,232.201572993
1618477398115,-94.087247759,225.360808455,233.982517579
1618477398211,-92.553730250,225.154475240,233.089422073
1618477398307,-94.297355566,224.094251397,232.140793594
1618477398403,-90.156128639,224.510214969,237.169092183
1618477398499,-94.131099975,222.271263573,232.374484074
1618477398597,-89.792370782,223.005913743,235.241980793
1618477398691,-91.891939209,223.417673665,235.222029597
1618477398785,-94.668368589,224.628555977,230.066451218
1618477398879,-93.358228669,227.481435566,234.928219311
1618477398973,-95.685047249,228.697529689,234.063109202
1618477399067,-95.095837432,230.396330591,235.980796409
1618477399161,-93.996984059,232.122974428,232.800227595
1618477399255,-94.396470077,233.775027561,231.720179893
1618477399349,-95.347368817,235.571971920,229.730018643
1618477399443,-95.659581251,237.998556489,234.467081808
1618477399537,-98.939608787,239.156595440,230.410970806
1618477399631,-97.667869586,240.032832457,232.465421018
1618477399725,-99.295162220,237.491521014,233.540102901
1618477399813,-98.199245419,232.959415501,232.759699125
1618477399907,-97.861085528,226.425526606,240.027835228
1618477400001,-94.489565172,219.618230590,235.503032720
1618477400095,-91.294968151,215.813484983,234.542025435
1618477400189,-93.239066511,215.582306731,235.553226823
1618477400283,-96.837866644,219.058612760,234.433241210
1618477400377,-98.939185391,223.613057733,233.212562562
1618477400471,-103.896929077,224.438308997,232.221029744
1618477400565,-100.310088545,223.011461261,234.338618930
1618477400659,-98.813510783,218.957890395,231.438121558
1618477400753,-101.857549097,217.004561804,234.629674034
1618477400847,-104.714674805,220.549159478,233.457925988
1618477400941,-108.778855926,227.950023775,232.244688856
1618477401032,-113.722814319,232.853713391,236.055541560
1618477401126,-120.501968659,228.669524550,233.500547350
1618477401220,-105.833439708,222.956731855,236.037142100
1618477401314,-107.560768691,215.964562095,234.891402297
1618477401408,-75.393083601,233.000215954,241.325755946
1618477401502,-92.953325015,257.077871473,230.608599122
1618477401596,-173.221063411,277.049642646,233.755327307
1618477401690,-162.084411413,305.962911562,236.992504151
1618477401784,-33.864839169,323.648542168,236.637631508
1618477401878,15.692948357,273.644435379,232.342994748
1618477401972,-9.985553284,175.398469603,233.804401703
1618477402066,-49.654318721,80.674199790,233.874540695
1618477402160,-86.309343537,32.674086126,238.750823552
1618477402253,-107.987510072,55.020394458,237.813427842
1618477402347,-161.632013066,129.904722472,233.880893876
1618477402441,-198.567688283,236.909604151,233.493029607
1618477402535,-215.196041434,334.018211483,239.571266281
1618477402629,-80.315168429,417.937367642,240.354553861
1618477402723,-33.570814083,420.109850568,233.694663646
1618477402817,-6.560067425,374.523621563,235.498323943
1618477402911,13.526135611,311.386153743,231.712206462
1618477403005,2.065774497,251.477272428,230.822221183
1618477403099,13.693965832,220.743973957,231.148472838
1618477403193,8.057578691,207.052952524,223.019072017
1618477403287,-9.970545085,201.981937059,213.811176291
1618477403381,-30.610982232,198.036770822,201.081717402
1618477403469,-43.277954920,193.930447513,174.747694866
1618477403563,-54.518781055,192.926371157,194.699438913
1618477403657,-63.612756544,195.450448475,202.480231683
1618477403751,-71.625569702,203.909776686,225.876534036
1618477403845,-79.083639205,218.074992085,290.383994108
1618477403939,-80.853715926,229.530496704,276.828935195
1618477404033,-86.920914771,234.079287331,212.414716651
1618477404127,-91.164194614,236.814464766,182.766722491
1618477404221,-91.758054579,238.405787690,166.447350044
1618477404315,-88.665131642,239.156956530,135.265592909
1618477404409,-92.098746318,239.814700215,139.379083348
1618477404503,-92.338121390,241.940069757,177.130741424
1618477404597,-93.535998995,243.758382047,243.091091357
1618477404690,-94.313539124,246.838411108,362.135667138
1618477404784,-92.627255840,240.864876476,316.473559068
1618477404878,-92.441234736,238.095596118,348.510833368
1618477404972,-92.746708291,233.223419028,317.650000305
1618477405066,-89.385332308,231.593521219,301.922788372
1618477405160,-92.330827965,230.368121414,301.933709774
1618477405254,-97.595584305,228.463007147,290.880658765
1618477405348,-90.950956136,229.797181715,285.009827249
1618477405442,-90.591441201,228.445873560,268.881488946
1618477405536,-91.086714240,226.358602116,259.982624484
1618477405630,-90.156442493,224.511512896,254.169029294
1618477405724,-89.481886964,223.721924467,247.304194525
1618477405818,-92.125225231,224.382415574,244.175284507
1618477405911,-90.637732518,227.501862139,244.072589973
1618477406005,-92.952149294,228.937562652,240.809211439
1618477406099,-91.629534062,229.603404555,238.873856024
1618477406193,-89.480734616,228.988052377,238.903671970
1618477406287,-93.425073943,226.622423940,239.115201803
1618477406381,-93.936564908,225.737667558,237.012710916
1618477406475,-92.847317188,226.368588371,236.030594082
1618477406569,-89.816494013,228.241120772,236.036770330
1618477406663,-92.030000741,229.124066465,235.993988550
1618477406757,-90.115937643,230.479453942,235.976768794
1618477406851,-89.867639933,230.452631997,238.026521877
1618477406945,-91.634067528,228.486705768,233.073324352
1618477407039,-92.872768047,226.473839042,235.025494323
1618477407128,-91.367118682,225.382753046,235.126814689
1618477407222,-91.673100214,224.512676666,233.265879839
1618477407316,-87.605120805,225.231551445,233.279501331
1618477407410,-89.981029460,224.786101648,236.204177984
1618477407504,-89.088165468,225.229156900,233.182710421
1618477407598,-90.508303902,226.102063689,231.898147727
1618477407692,-92.508959849,227.969329629,233.098393020
1618477407786,-90.287298409,231.323553950,235.742055355
1618477407880,-91.234065527,233.103412205,233.752721986
1618477407974,-95.155363087,232.777942460,231.768492123
1618477408068,-94.731078170,232.023334803,234.853508947
1618477408162,-90.952051210,230.937157027,234.809231092
1618477408256,-94.818454408,228.384674577,234.836000783
1618477408354,-93.148243538,228.613053250,236.970295445
1618477408448,-90.015717733,230.064999848,233.996850532
1618477408542,-96.140071142,229.579256742,233.971933003
1618477408636,-93.968322010,229.868997363,232.006347532
1618477408730,-93.114082854,228.471783563,233.977140451
1618477408824,-93.434240027,225.660329792,233.113365133
1618477408918,-91.041061695,224.034361756,236.192148921
1618477409012,-91.300718957,223.108160523,233.140119648
1618477409106,-92.609040089,224.112312741,232.479092727
1618477409200,-93.640792809,226.514517811,233.071976762
1618477409294,-90.766000490,230.032307499,235.046888057
1618477409388,-92.539759699,231.232147462,232.891844717
1618477409482,-94.779916398,231.360749381,235.643346174
1618477409573,-92.605117738,231.637878843,231.678371757
1618477409667,-94.747253611,231.090227475,232.850267765
1618477409761,-92.928358445,231.839176861,235.813978571
1618477409855,-92.101022861,232.553221348,238.779380640
1618477409949,-92.736489833,232.045714443,231.852424576
1618477410043,-91.172370780,231.712830173,232.965460907
1618477410137,-91.562512945,230.326242299,231.887285496
1618477410231,-91.117194848,229.484653047,232.976516880
1618477410325,-91.766800082,229.035614171,233.046727837
1618477410419,-92.630664108,229.337184414,233.274383047
1618477410513,-92.490070628,230.026660957,233.901801250
1618477410607,-95.878613522,229.362565996,233.224699755
1618477410701,-93.275298590,229.138482644,234.944836569
1618477410791,-91.894484464,227.563646127,232.021142858
1618477410885,-91.800051571,226.173123931,236.040065012
1618477410979,-90.975829985,225.900046192,234.004843109
1618477411073,-90.544627866,227.116832816,231.091245979
1618477411167,-93.684544333,228.695449906,232.063209975
1618477411261,-92.249469033,231.031665888,232.950012211
1618477411355,-92.613232960,231.535992215,233.877122385
1618477411449,-94.081057778,230.335210121,236.983757908
1618477411543,-90.349905465,229.447015397,235.929887087
1618477411637,-91.235550325,227.974105814,232.952801196
1618477411731,-94.146197141,227.604590483,232.970705495
1618477411825,-95.354958584,228.467912303,232.928874560
1618477411919,-91.158923721,230.657220578,238.968155385
1618477412009,-91.950682374,229.931496279,233.809505375
1618477412103,-92.844534682,228.492528159,232.830774903
1618477412197,-91.404121414,227.671222566,232.919023473
1618477412291,-89.931830396,227.718088235,232.013659602
1618477412385,-92.228030053,227.943006130,230.954308084
1618477412479,-92.654424627,229.570891467,234.069245263
1618477412573,-93.611567943,230.529106627,232.877456016
1618477412667,-95.592171922,230.448895415,230.881342527
1618477412761,-90.623704295,231.579295864,231.875024173
1618477412855,-93.651725809,230.695177341,232.869409314
1618477412949,-95.088073106,230.364221637,232.982352199
1618477413043,-94.139988117,230.578913394,232.971949639
1618477413137,-95.681284365,229.817415175,233.863486467
1618477413232,-91.222762322,229.921221706,231.955363615
1618477413325,-90.723509988,228.856590293,233.055402164
1618477413418,-88.879725920,228.502612952,237.024100127
1618477413511,-93.301125959,227.109843657,236.140038095
1618477413604,-95.948766363,226.652679333,234.210642758
1618477413697,-90.812174204,228.223256432,234.037635919
1618477413790,-92.919246591,227.666048582,232.016181104
1618477413883,-92.326144059,227.348751369,230.934648320
1618477413976,-89.476126730,227.833550017,234.104972012
1618477414069,-91.569927679,227.221458842,232.086176485
1618477414162,-90.234649909,227.970382190,230.952981619
1618477414255,-93.079244908,228.327713094,233.984121164
1618477414348,-93.557295753,229.169220187,234.088707629
1618477414447,-94.144687218,229.598346278,232.971008048
1618477414542,-91.144168545,230.596201333,231.971111978
1618477414637,-91.894877859,230.565272991,235.021064031
1618477414732,-93.483794735,230.000707339,231.903058793
1618477414827,-93.024256457,230.100311284,232.995139571
1618477414922,-94.132547471,229.548143000,232.973440571
1618477415017,-94.772363546,229.058621579,236.045613048
1618477415112,-95.592251936,228.178332921,237.282079953
1618477415207,-94.804122806,227.189960307,233.039249231
1618477415302,-94.707028416,226.788431632,236.058704688
