1610678886997,0.840752
1610678887091,-1.867795
1610678887181,0.542598
1610678887275,1.133506
1610678887369,-1.595122
1610678887463,0.129951
1610678887557,1.359091
1610678887651,1.747644
1610678887745,-0.568291
1610678887839,1.767536
1610678887933,-0.820040
1610678888027,-0.920746
1610678888121,1.604663
1610678888215,-0.113707
1610678888309,-1.323143
1610678888402,1.107125
1610678888496,0.184194
1610678888590,-1.692761
1610678888684,0.599205
1610678888778,0.686381
1610678888872,-1.367213
1610678888966,0.178631
1610678889060,1.365213
1610678889154,-1.254990
1610678889248,-0.499943
1610678889342,1.491891
1610678889436,-1.006898
1610678889530,-0.740986
1610678889621,1.678861
1610678889715,-0.214527
1610678889809,-1.760925
1610678889903,-0.903425
1610678889997,0.370242
1610678890091,-1.522288
1610678890185,0.858228
1610678890279,0.839746
1610678890373,-1.400499
1610678890467,0.524641
1610678890561,1.436667
1610678890655,-1.277391
1610678890749,-0.125354
1610678890839,1.911631
1610678890934,-0.948698
1610678891029,-2.056218
1610678891124,1.912423
1610678891219,-0.338846
1610678891314,-1.520675
1610678891409,1.177620
1610678891504,0.042178
1610678891599,-1.757201
1610678891694,1.223668
1610678891789,0.971764
1610678891884,-2.094271
1610678891979,0.438016
1610678892073,1.510953
1610678892167,-0.996915
1610678892261,-0.106626
1610678892355,2.260178
1610678892449,-0.403145
1610678892543,1.428601
1610678892637,7.197669
1610678892731,-2.901292
1610678892825,-2.391963
1610678892919,0.877435
1610678893013,1.475908
1610678893107,-4.451003
1610678893201,-6.909311
1610678893292,-0.264693
1610678893386,-1.442051
1610678893480,0.523785
1610678893574,1.453629
1610678893668,-1.413979
1610678893762,0.107676
1610678893856,1.939787
1610678893950,-1.030139
1610678894044,-0.866617
1610678894138,1.540072
1610678894232,-0.699149
1610678894326,-1.405016
1610678894420,1.620583
1610678894510,0.555460
1610678894604,-1.632229
1610678894698,0.746523
1610678894792,0.712416
1610678894886,-1.630939
1610678894980,0.389078
1610678895074,1.180406
1610678895168,-1.369096
1610678895262,-0.524178
1610678895356,1.806585
1610678895450,-1.097125
1610678895544,1.498344
1610678895638,1.614791
1610678895730,-0.491441
1610678895824,-1.383039
1610678895918,1.388926
1610678896012,0.356133
1610678896106,-1.793260
1610678896200,0.928925
1610678896294,1.003332
1610678896388,-2.046968
1610678896482,0.296808
1610678896576,1.375299
1610678896670,0.222349
1610678896764,-0.729190
1610678896858,1.447121
1610678896949,-0.797175
1610678897043,-1.030060
1610678897137,1.918888
1610678897231,-0.282345
1610678897325,-1.672985
1610678897419,1.341080
1610678897513,0.528947
1610678897607,-1.929650
1610678897701,0.599925
1610678897795,-1.024717
1610678897889,-1.282241
1610678897983,0.002304
1610678898077,1.474807
1610678898169,-1.420697
1610678898263,-0.663127
1610678898357,1.516851
1610678898451,-0.696652
1610678898545,-1.232747
1610678898639,1.664259
1610678898733,-0.076232
1610678898827,-1.951802
1610678898921,-1.647863
1610678899015,nan
