1610679209598,162.987813811,202.960562391,427.958648147
1610679209692,165.010928612,206.035367770,419.656265747
1610679209786,164.022888978,206.074074555,413.808038171
1610679209880,162.003206512,204.010377089,423.432120431
1610679209974,163.000585340,204.001894308,424.713788017
1610679210068,163.037413856,203.121080758,404.705847314
1610679210162,161.019529903,206.063203734,415.450515942
1610679210256,162.010742057,201.034764029,419.747485300
1610679210350,160.992432883,204.975510884,423.700072894
1610679210444,157.019201958,204.062142423,414.610870066
1610679210538,161.966548956,202.891743911,440.356467059
1610679210632,160.999630030,205.998802683,426.180903223
1610679210726,161.001855018,206.006003310,424.092956825
1610679210816,159.006513645,205.021079811,423.815040681
1610679210910,161.997811051,206.992916005,424.070324313
1610679211004,163.992789365,204.976664552,428.525764575
1610679211098,161.991154873,201.971374920,429.324977790
1610679211192,165.025970453,201.084046995,411.301297181
1610679211286,161.997018772,204.990351987,427.457723118
1610679211380,163.000422183,206.001366291,423.793566465
1610679211474,161.945919611,205.824982101,451.443542483
1610679211568,160.990595268,204.969563893,429.598606694
1610679211662,162.001575365,205.005098281,422.229698213
1610679211756,161.997672995,204.992469219,427.137829441
1610679211850,162.027785364,203.089920506,411.413865509
1610679211944,159.000571310,205.001848904,424.720648168
1610679212037,162.008773818,204.028394307,420.709889846
1610679212131,161.976684790,201.924546050,442.400375401
1610679212225,162.970157559,203.903422267,439.591978302
1610679212319,161.990828143,203.970317536,429.484738478
1610679212413,162.063221003,203.204599249,393.086996353
1610679212507,160.002854059,207.009236462,423.604458310
1610679212601,164.978446727,206.930248126,435.538845849
1610679212695,160.997506685,204.991930997,425.219149679
1610679212789,164.974533648,206.917584405,441.452213779
1610679212883,161.997158760,205.990805025,423.389273416
1610679212977,162.001608779,204.005206418,424.213359647
1610679213071,164.990002637,203.967645988,429.888383925
1610679213165,161.988240925,206.961944640,432.749803530
1610679213254,161.987990009,202.961132614,430.872492997
1610679213348,161.981996436,201.941735886,433.803154292
1610679213442,160.051035242,206.165163028,400.045434878
1610679213536,161.021721281,206.070295591,414.379003720
1610679213630,162.043934901,204.142184518,410.517269542
1610679213724,160.977576112,203.927430595,435.964548039
1610679213818,160.956489422,205.859188699,446.275250471
1610679213912,162.973955932,207.915714771,435.734697686
1610679214006,161.023774632,204.076940758,413.374982130
1610679214100,159.016322305,206.052823133,418.018926264
1610679214194,161.979788727,202.934591179,433.882651683
1610679214288,164.988450011,200.962621296,430.647567232
1610679214382,161.996083078,204.987323844,425.915246747
1610679214473,163.011384817,207.036844164,418.433196656
1610679214567,162.020883183,207.067583295,409.788805917
1610679214661,161.980691419,206.937512520,435.441264852
1610679214755,161.047297255,207.153065950,400.873188515
1610679214849,165.008991750,207.029099590,420.603328321
1610679214943,162.007796379,203.025231066,421.187825595
1610679215037,162.052473278,202.169816879,398.342282167
1610679215131,162.977747967,204.927986760,440.880516674
1610679215225,160.998917590,206.996497047,425.529262921
1610679215319,164.013402980,204.043375453,415.446381016
1610679215413,161.984984438,204.951405821,432.342118995
1610679215507,162.020954570,204.067814319,417.753900407
1610679215601,164.007600783,205.024598066,420.283465805
1610679215693,163.022054718,204.071374679,414.215963810
1610679215787,161.027664837,205.089530450,408.472799199
1610679215881,161.987472698,202.959458464,431.125441085
1610679215975,162.015499893,205.050161596,415.421059194
1610679216069,162.002915421,205.009435044,421.574454517
1610679216163,159.984397953,206.949507807,429.628890862
1610679216257,162.003808697,206.012325911,421.137671881
1610679216351,161.967553925,203.894996245,436.865070272
1610679216445,157.993088973,202.977634159,427.379266145
1610679216539,162.936563769,203.794704216,456.018243430
1610679216633,161.987284978,202.958850953,436.217230310
1610679216727,161.999901727,205.999681964,426.048052174
1610679216821,157.012507817,204.040478478,413.884086414
1610679216911,159.022253475,204.072017907,414.118778127
1610679217005,157.015298431,203.049509616,417.519567216
1610679217099,155.009152538,205.029619941,420.524708116
1610679217193,148.985444562,207.952894900,432.117133266
1610679217287,142.956104941,211.857944421,444.463248943
1610679217381,103.979465844,394.933546248,435.040530871
1610679217475,-82.009512901,266.969213832,425.651497676
1610679217569,132.968909790,319.899384169,437.202096579
1610679217663,-50.030933388,251.899891686,437.125415551
1610679217757,77.986716849,211.957012345,423.495026474
1610679217851,230.973864858,126.915420032,431.779230012
1610679217945,194.991398450,51.972163197,421.205876556
1610679218039,142.030767521,137.099571526,394.955687996
1610679218130,140.004491635,180.014536072,394.803737533
1610679218224,152.965821465,194.889389566,368.712186151
1610679218318,155.034396686,202.111316426,538.181145105
1610679218412,157.013144690,203.042539562,366.572676112
1610679218506,159.015674314,203.050726069,757.335772710
1610679218600,156.980929605,201.938283350,772.324799682
1610679218694,163.043773575,202.141662424,793.596152956
1610679218788,161.038581333,202.124859011,568.134989111
1610679218882,163.982222369,205.942467061,377.692680675
1610679218976,161.970425224,205.904288500,400.461098732
1610679219070,163.023096738,204.074746920,384.706450210
1610679219164,160.002891694,205.009358257,407.586056214
1610679219258,156.962570714,204.878869307,432.301697490
1610679219350,164.013324731,205.043122218,411.484642294
1610679219444,162.004178862,200.013523861,414.956673039
1610679219538,161.963698406,203.882518806,437.750292744
1610679219632,157.009180089,205.029709105,420.511236321
1610679219726,162.021135329,204.068399302,410.665514992
1610679219820,160.955750325,204.856796793,445.636644704
1610679219914,159.974707823,203.918148082,436.367047551
1610679220008,162.007319401,205.023687442,417.421052376
1610679220102,162.006405654,205.020730327,419.867844484
1610679220196,161.017296716,203.055976572,414.542471521
1610679220290,160.998399488,203.994820337,425.782597903
1610679220384,162.032156890,205.104067879,407.276331718
1610679220478,163.021212038,204.068647552,411.628006822
1610679220568,162.998660484,206.995664986,422.654979426
1610679220662,163.971509916,203.907798841,437.930719638
1610679220756,159.030951120,208.100165699,405.865914084
1610679220850,157.959813200,202.869945291,444.650031571
1610679220944,161.988520127,203.962848210,425.613282617
1610679221038,163.995506781,203.985458801,425.197037089
1610679221132,160.998104427,203.993865445,425.926873061
1610679221226,162.984256242,204.949049195,430.698182788
1610679221320,161.978052627,203.928972716,433.731548083
1610679221414,162.023692716,205.076675655,413.415036602
1610679221508,165.035129878,204.113689223,406.822638082
1610679221602,161.965795434,206.889305324,441.724914430
1610679221696,161.964697907,203.885753447,439.261569313
1610679221787,162.953841256,203.850618561,444.570116877
1610679221881,162.970917262,206.905880861,435.220508174
1610679221975,163.027176979,204.087951620,410.711345418
1610679222069,161.024896336,205.080570877,414.826505573
1610679222163,158.964970952,204.886637089,441.128059294
1610679222257,159.020211595,204.065409864,409.117190651
1610679222351,159.018298101,207.059217310,416.052826815
1610679222445,164.009483496,205.030691007,419.362880234
1610679222539,162.018282933,204.059168222,413.060243493
1610679222633,161.032260729,204.104403925,407.225558295
1610679222727,163.021481088,207.069518267,413.496450057
1610679222821,161.976193089,205.922954781,433.640801025
1610679222915,160.992460247,201.975599441,426.686692777
1610679223006,160.994495557,203.982186221,423.691492844
1610679223100,163.957392944,204.862112728,442.833457466
1610679223194,161.952247880,207.845461990,445.349225879
1610679223288,160.016588484,205.053684554,414.888773715
1610679223382,162.032594816,206.105485119,409.062200279
1610679223476,162.005681573,204.018387016,418.221896507
1610679223570,155.995325887,211.984873381,427.285488496
1610679223664,161.986560003,202.956504749,429.571719387
1610679223758,163.001735062,205.005615104,423.151611159
1610679223852,161.973554348,204.914415142,433.931059304
1610679223946,161.983128539,205.945399659,430.249593089
1610679224040,162.014509795,207.046957388,416.905184620
1610679224134,162.005704018,207.018459654,422.210921649
1610679224224,159.957633834,206.862892308,444.715670274
1610679224318,164.018059109,205.058443872,416.169685898
1610679224412,160.992548474,204.975884965,425.643552856
1610679224506,162.981851342,202.941266324,432.874100668
1610679224600,162.057787741,204.187015832,395.743683665
1610679224694,162.980982706,206.938455198,430.298835100
1610679224788,163.006723612,205.021759318,422.712373721
1610679224882,162.003038185,204.009832341,423.514426657
1610679224976,163.001680080,204.005437165,421.178495933
1610679225070,160.998143046,201.993990423,425.907990007
1610679225164,163.994870182,206.983398604,425.508313249
1610679225258,161.999206780,206.997432937,421.387858854
1610679225352,161.991241913,204.971656601,426.282418385
1610679225441,163.013575063,206.043932359,419.362237785
1610679225535,163.963128492,204.880674419,442.028962222
1610679225629,161.030445575,201.098529627,407.113108961
1610679225723,162.018612421,207.060234529,415.899134693
1610679225817,161.023166026,205.074971155,412.672570371
1610679225911,161.989579598,206.966276927,430.095236054
1610679226005,162.001123959,204.003637418,424.450420720
1610679226099,160.988067415,206.961383119,429.834644066
1610679226193,163.034528199,204.111742036,406.116839460
1610679226287,160.003462737,205.011206299,423.306834693
1610679226381,161.973144535,203.913088883,436.131444516
1610679226475,161.974828891,203.918539887,437.307849590
1610679226569,161.993971983,202.980491803,422.947503339
1610679226662,163.012333739,206.039915118,417.969204638
1610679226756,161.952575530,206.846522348,448.189015757
1610679226850,162.006096445,205.019729649,419.019037465
1610679226944,161.992995335,203.977331123,426.425052100
1610679227038,163.035211896,210.113954653,405.782534047
1610679227132,158.988169568,203.961713711,428.784694646
1610679227226,164.052464645,205.169788940,393.346503495
1610679227320,162.992024968,202.974190768,426.899529845
1610679227414,161.000259276,203.000839085,423.873222282
1610679227508,163.008391926,209.027158407,420.896622619
1610679227602,164.043276628,202.140054178,402.839143724
1610679227696,162.917594437,201.733314632,464.293626648
1610679227790,163.019636491,204.063548679,415.398398028
1610679227880,164.996250167,206.987864587,420.833545694
1610679227974,162.012231109,206.039582981,419.019387424
1610679228068,162.006880535,204.022267161,421.635643483
1610679228162,162.057967305,207.187596946,391.655882904
1610679228256,162.023555982,207.076233150,412.481894887
1610679228350,162.022367730,205.072387666,414.062911020
1610679228444,161.988592845,200.963083543,427.577726029
1610679228538,162.009110084,210.029482548,418.545466941
1610679228632,162.022654881,204.073316960,411.922503603
1610679228726,nan,nan,nan
