1618478200339,-54.945596729,242.981814869,419.668297485
1618478200433,33.965979503,293.339036233,290.939533460
1618478200527,38.900254007,298.141894809,301.676687277
1618478200621,-36.536993463,239.113240187,438.076895986
1618478200715,-53.945583079,235.244667327,444.814051284
1618478200809,-33.602696892,258.456131200,380.916813310
1618478200903,-27.799848352,260.456121961,370.311080056
1618478200997,37.900264139,295.273322783,312.348131364
1618478201091,31.163115771,291.339037459,323.888152577
1618478201185,-67.551324329,225.573219081,457.288360172
1618478201278,-73.354184655,228.507510788,468.156937916
1618478201372,10.885926702,279.799009525,338.428172493
1618478201466,3.017341956,286.601871691,324.888151215
1618478201560,12.820221884,269.127569525,357.771059770
1618478201654,8.017359046,267.193282536,372.245369462
1618478201748,-70.485613380,232.441796258,447.616916721
1618478201842,-61.617031245,231.441798771,443.879762290
1618478201936,36.031694115,294.339037972,299.742399731
1618478202030,37.031680417,293.273319432,296.873821468
1618478202124,-20.062700552,242.981808817,411.996853311
1618478202218,-34.536987415,245.981820748,423.536875582
1618478202312,-53.011307901,243.981814944,410.996854068
1618478202406,-35.471301797,253.718961935,401.325409683
1618478202498,38.834549040,296.273320786,302.676687691
1618478202592,34.031688357,295.207612306,308.413842782
1618478202686,-60.814165826,229.441798435,448.682628305
1618478202780,-57.814181033,225.704635673,459.354070740
1618478202874,-20.062684749,270.127570062,356.771059836
1618478202968,3.083058520,282.667585774,326.756728928
1618478203062,26.294529471,282.667589322,338.428172793
1618478203156,16.688797925,278.799012250,344.231038886
1618478203250,-73.354202120,220.770346835,461.288359407
1618478203344,-75.222771313,226.573217204,452.551205198
1618478203438,16.688806786,289.404749036,316.150997868
1618478203532,21.491660757,295.273320032,308.479553654
1618478203626,-3.654082754,256.521839968,386.785390366
1618478203714,-10.391236570,251.653263085,400.259699909
1618478203808,-61.682743847,239.178952833,429.274030094
1618478203902,-59.879872338,237.178955710,425.536875708
1618478203996,31.031688730,296.207612502,301.742399380
1618478204090,41.834540804,297.207605127,300.742398469
1618478204184,-35.536979023,235.178959118,425.405453500
1618478204278,-51.077019964,234.310371122,442.879761670
1618478204372,-29.734139525,257.587543278,393.785389377
1618478204466,-25.865546015,260.456129162,364.376792260
1618478204560,39.900268242,285.536170205,308.413842946
1618478204654,36.031677077,284.536162929,323.019574160
1618478204748,-65.551322806,226.573219884,461.288360271
1618478204842,-67.485621958,234.310369104,455.485493533
1618478204935,7.017350493,281.733298823,327.822440456
1618478205029,10.885933261,280.733301670,322.019574752
1618478205123,15.688810510,270.127575462,358.639637874
1618478205217,-4.719795571,267.324705232,378.048235526
1618478205311,-72.354203116,224.638923680,447.616915915
1618478205405,-58.748463139,231.376082570,446.748339057
1618478205499,34.031683351,300.076187036,300.742399030
1618478205593,37.965983895,298.076193291,304.610977173
1618478205687,-21.996979734,243.981813829,412.865431301
1618478205781,-42.339854340,234.310376863,434.142607638
1618478205875,-52.011308965,242.981814383,410.128276628
1618478205969,-46.339857193,250.850396155,396.456833745
1618478206063,39.900265462,296.207612166,299.742399338
1618478206151,37.965970303,296.207608751,310.413842343
1618478206245,-56.879880192,230.507508140,449.616916791
1618478206339,-56.814174120,233.310371431,455.485493820
1618478206433,-16.259828237,265.258987657,358.639636585
1618478206527,-11.325535751,268.127567032,347.165327350
1618478206621,24.425956803,282.667591803,329.691018358
1618478206715,19.557359029,275.930426299,348.099615196
1618478206809,-72.354185941,224.638932739,460.354071776
1618478206903,-73.354189936,229.441796688,454.551205459
1618478206997,14.688789233,286.601873722,317.085285410
1618478207091,26.360250272,290.404749067,308.479554445
1618478207185,-10.456944806,262.390419451,384.785390627
1618478207279,-20.325522211,255.653264691,396.456834051
1618478207375,-64.682735694,239.113245819,441.142607996
1618478207469,-56.879876940,237.244664597,420.602586723
1618478207563,41.834551135,297.141899262,299.742399142
1618478207657,39.834569052,299.141908712,297.742400310
1618478207751,-41.339869286,243.113235035,430.274029293
1618478207845,-51.077031385,237.310365098,445.748338296
1618478207939,-36.537000969,257.587545711,385.785389677
1618478208033,-24.931265129,256.587547677,368.442503067
1618478208127,34.965975117,290.404745234,314.282420028
1618478208221,25.294517879,284.601871893,324.888151240
1618478208315,-62.617034470,233.376085756,455.485494192
1618478208409,-67.485612587,222.704641935,459.354071514
1618478208503,1.214491080,280.799013641,329.691018260
1618478208591,26.360231992,289.404739425,312.348130625
1618478208685,15.688800818,275.864725091,349.033905130
1618478208779,2.148769337,268.193276029,365.508213917
1618478208873,-73.354203651,231.441789454,453.616915880
1618478208967,-64.617034788,230.441796902,452.682628115
1618478209061,33.163109230,294.207611379,302.676687927
1618478209155,37.965987644,288.470463156,301.742400047
1618478209249,-22.996958828,246.850402227,412.931143978
1618478209343,-29.734126268,241.981818158,420.602586577
1618478209437,-49.011305825,244.981816039,407.062565518
1618478209531,-42.274143421,252.784686137,402.193988646
1618478209625,42.834549127,298.141898203,294.873821641
1618478209719,41.768824980,300.273314064,301.742398175
1618478209816,-51.945590015,234.310374984,453.551205574
1618478209909,-60.682742045,236.310376413,453.551205750
1618478210002,-11.259823209,270.061856365,363.573925598
1618478210095,0.411629141,264.193283701,346.165328011
1618478210188,35.163097814,289.339027987,329.756728778
1618478210281,24.557387036,274.799018442,339.296750965
1618478210374,-67.222756874,226.507513506,467.354072195
1618478210467,-64.354205167,222.638922598,453.551204467
1618478210560,33.623089568,286.536168552,320.085286169
1618478210653,32.623083369,288.339031338,305.610976282
1618478210746,17.345909807,263.324702100,379.982523825
1618478210839,23.543038618,258.653255966,397.456832973
1618478210932,-13.551320891,248.310375635,438.076896171
1618478211028,20.120106180,279.113233064,428.405451679
1618478211122,119.031689736,444.076190404,294.939533390
1618478211216,108.965978373,444.339035637,296.873822072
1618478211310,17.660123637,468.047519988,428.405451461
1618478211404,-59.879889513,474.638925853,453.616916184
1618478211498,-146.536992539,445.521838842,391.653967597
1618478211592,-149.799834140,263.587552086,378.179658353
1618478211686,9.031677658,241.404740606,312.413842085
1618478211780,47.163121434,208.339040446,325.019575575
1618478211874,16.448676276,241.573219399,465.485494155
1618478211968,3.514383770,411.507506070,469.288359962
1618478212062,-91.654099127,389.799006871,357.296749536
1618478212156,-2.916948535,307.536159423,344.888151097
1618478212245,-11.376908486,274.996148780,384.902482632
1618478212339,-25.982652611,284.127565073,413.705347905
1618478212433,-91.354196016,236.441793481,533.616916378
1618478212527,-72.682761194,226.638922886,535.682627132
1618478212621,16.360246562,296.273324481,342.610976833
1618478212715,27.031682670,295.207609306,258.545265041
1618478212809,-26.194109405,253.718970825,347.128276838
1618478212903,-36.734124514,245.981819083,391.668298006
1618478212997,-56.011319995,242.981808565,408.865430650
1618478213091,-47.274141647,243.981821016,452.128277447
1618478213185,35.900275285,294.273328662,337.873822608
1618478213279,40.768838121,295.207609681,260.610976402
1618478213373,-55.945592363,236.310373745,396.682628050
1618478213465,-64.682754232,225.573215244,407.616916271
1618478213559,-18.194103845,262.390417184,300.508214808
1618478213653,-14.325533334,266.193279622,314.902482249
1618478213747,35.031678141,291.470452176,304.888151600
1618478213841,21.425964086,284.601884330,328.428173574
1618478213935,-73.354205695,227.507499691,449.354070489
1618478214029,-71.354209841,234.310363560,454.222647589
1618478214123,17.623089720,280.667591261,309.150997493
1618478214217,27.163108635,294.339033695,294.742399203
1618478214311,-5.654067894,265.259002548,370.179659222
1618478214405,-10.325527723,258.587550469,387.653967636
1618478214499,-67.485600800,231.441802894,437.011185429
1618478214593,-54.879865398,237.178959370,424.471164846
1618478214686,36.031671660,295.207603498,296.873820897
1618478214780,38.768847783,297.141903462,295.873822290
1618478214874,-37.537005657,242.047522440,434.208317820
1618478214968,-45.274149282,234.310373563,438.945473286
1618478215062,-40.536998778,252.718969495,391.588255876
1618478215156,-22.996990084,260.456117853,379.048234290
1618478215250,32.965969382,294.339030895,307.413842283
1618478215344,34.031690834,292.404747556,320.085286371
1618478215438,-64.551322208,229.573220199,459.354071624
1618478215532,-68.551328506,224.770350821,455.354071214
1618478215626,-1.785511962,281.667589408,334.493884118
1618478215720,0.083078162,284.601884820,320.019575466
1618478215814,13.754508537,271.996145824,345.099616211
1618478215902,10.885928858,267.193278550,369.376791599
1618478215996,-67.551322752,230.376085968,445.616916848
1618478216090,-60.682743692,236.244664230,439.879762216
1618478216184,33.031689056,298.141901360,306.676688087
1618478216278,34.965975071,298.141899951,296.873821857
1618478216372,-17.194127523,248.850383897,408.996853028
1618478216466,-30.734132312,247.916103656,424.471163554
1618478216560,-51.011305137,245.981816402,413.865431619
1618478216654,-47.142707328,246.850404553,399.325412153
1618478216748,45.703143963,292.339041359,304.610977520
1618478216842,36.834559023,291.339037367,309.348131768
1618478216936,-61.682741934,234.310376472,446.748339702
1618478217030,-71.419900543,228.573219690,465.091226303
1618478217121,-21.194104493,268.193282898,356.771060024
1618478217215,-6.654102986,267.193272723,348.033904026
1618478217309,23.360254150,281.667596371,335.493884978
1618478217403,17.623076921,278.799007139,343.231038254
1618478217497,-70.354193586,222.770351336,454.354071278
1618478217591,-74.222775333,225.638926398,453.485493622
1618478217685,15.623093321,289.404747902,317.282420357
1618478217779,25.360249293,291.339037236,303.545265696
1618478217873,-11.456957457,265.258990148,387.653967173
1618478217967,-15.194104048,256.653262335,405.193988502
1618478218061,-65.551341741,239.244653323,430.274028757
1618478218155,-55.879870011,239.113245623,419.602587174
1618478218249,36.900263023,296.207610879,291.939533123
1618478218341,36.031673900,295.273315995,298.742398414
1618478218435,-43.339872439,236.244656001,438.945472514
1618478218529,-58.879902706,234.376073636,445.616915324
1618478218623,-36.602713845,261.456122258,385.785389576
1618478218717,-28.996970747,260.456128052,365.442503438
1618478218811,34.031695154,289.470461149,323.888152708
1618478218905,36.031687694,293.404745900,331.625306963
1618478218999,-61.682732494,227.507515395,461.288361114
1618478219093,-73.354190378,223.638930399,464.156937543
1618478219187,4.017345782,279.733296338,328.625306206
1618478219281,13.820224614,283.667591762,317.085286241
1618478219375,9.885930274,275.996145353,365.508214321
1618478219469,0.214483983,263.258989100,371.245368875
1618478219558,-75.354193011,236.441795066,449.616916574
1618478219652,-66.551330833,232.310370391,442.879761580
1618478219746,32.031688541,294.273323718,298.676688053
1618478219840,38.900260088,296.207609331,301.676687674
1618478219934,-29.734117764,245.981822644,412.734009760
1618478220028,-35.536987586,241.113243287,429.208318998
1618478220122,-48.142727179,246.916105397,407.128276915
1618478220216,-43.339844489,255.718980227,395.522545887
1618478220310,40.768833676,291.339029965,303.545264798
1618478220404,36.031671761,298.273314867,316.216707757
1618478220498,-65.551312238,233.310380199,452.485494904
1618478220592,-71.419911693,225.573213810,453.354070835
1618478220686,-6.522654686,266.193286263,351.902483069
1618478220780,-0.785519243,278.799008196,340.231038385
1618478220874,23.425959552,280.799015882,337.428173278
1618478220968,16.688801288,283.799014024,358.771059902
1618478221062,-77.354185200,226.638933130,459.222649195
1618478221156,-68.485611027,230.441797499,452.551205560
1618478221250,16.623078876,290.339028968,306.479553360
1618478221344,30.163104940,295.207609116,303.545265018
1618478221438,-16.325533111,257.653258942,397.391122026
1618478221532,-18.194104667,253.718973324,399.193988461
1618478221626,-59.748460216,240.178950168,420.536875023
1618478221720,-53.011306910,244.047526781,411.865431503
1618478221814,39.900252577,295.207605369,299.742398499
1618478221908,43.768853961,295.207618035,301.610977434
1618478221997,-52.945599313,237.244658764,443.814050226
1618478222091,-56.879891325,231.376079639,446.616916066
1618478222185,-29.799824554,260.390423199,375.179658978
