1618476580607	-87.948102	247.056886	224.626618
1618476580702	-111.51973	238.498575	244.668611
1618476580797	-97.986261	197.426801	238.061176
1618476580892	-97.253916	243.308416	238.547216
1618476580987	-121.602864	261.118436	237.674329
1618476581082	-67.824176	238.114748	238.135809
1618476581177	-94.249739	251.002695	254.445555
1618476581272	-94.627431	216.324223	233.165117
1618476581367	-83.446015	230.401249	229.071885
1618476581463	-118.122041	241.819044	228.901751
1618476581557	-127.620736	215.532749	221.865805
1618476581651	-87.567951	234.479503	234.836946
1618476581745	-110.993931	241.93262	247.839327
1618476581839	-98.38586	210.112724	247.720758
1618476581933	-97.503551	244.711446	226.637355
1618476582027	-96.476483	240.691568	239.524584
1618476582121	-113.078712	212.25714	228.616542
1618476582215	-98.476297	246.203848	240.801697
1618476582309	-71.466297	232.742558	249.092249
1618476582403	-98.579934	222.699373	243.392193
1618476582497	-91.371744	238.961189	246.104475
1618476582591	-111.429551	225.355569	221.342528
1618476582681	-87.805521	240.080703	224.000461
1618476582775	-91.382326	204.646013	238.33834
1618476582869	-107.775471	228.659731	230.938941
1618476582963	-77.947953	238.936226	235.702901
1618476583057	-88.51	258.72408	221.821478
1618476583151	-65.314385	247.604453	248.851183
1618476583245	-80.919494	196.040166	227.579391
1618476583339	-93.387582	234.378566	231.283406
1618476583433	-66.24696	206.407305	223.75905
1618476583527	-76.438007	225.756825	235.650906
1618476583621	-83.096712	226.307321	238.563264
1618476583715	-100.233535	224.856879	233.246901
1618476583809	-111.757814	255.177077	238.564043
1618476583897	-95.088368	216.705449	240.081219
1618476583991	-92.308688	231.701116	233.827195
1618476584085	-102.784228	212.186867	244.090214
1618476584179	-114.669906	235.242274	232.479824
1618476584273	-89.144442	249.34449	232.530795
1618476584367	-81.627058	230.02836	236.074821
1618476584461	-85.725474	218.544889	239.32637
1618476584555	-86.100881	239.429593	231.59663
1618476584649	-104.55746	225.611311	242.360585
1618476584743	-91.325879	255.122619	226.777838
1618476584837	-100.966831	256.226571	226.023688
1618476584931	-100.705049	229.418519	241.006796
1618476585025	-96.107837	245.31937	231.887157
1618476585118	-106.307584	245.598184	260.551839
1618476585212	-111.387496	217.868123	233.259419
1618476585306	-98.80508	214.001009	237.75737
1618476585400	-94.341792	269.496345	250.725076
1618476585494	-83.905954	215.321109	234.764423
1618476585588	-100.842997	228.035064	234.568598
1618476585682	-113.952425	249.26038	241.591127
1618476585776	-73.495899	205.261983	247.062368
1618476585870	-77.661205	250.502412	237.904777
1618476585964	-110.893826	220.026507	229.273567
1618476586058	-110.804241	195.563448	235.329376
1618476586152	-132.036701	261.837437	224.71897
1618476586246	-87.486935	235.326164	239.278124
1618476586339	-66.51417	236.026375	233.184078
1618476586433	-85.002883	232.884645	234.298671
1618476586527	-87.891858	269.769816	243.496663
1618476586621	-86.85035	204.624387	217.713998
1618476586715	-105.647178	189.145927	232.336829
1618476586809	-102.121234	197.40507	237.914138
1618476586903	-101.893566	233.564325	231.207966
1618476586997	-92.09769	246.060292	231.111572
1618476587091	-89.034275	226.268789	232.429812
1618476587185	-90.831274	209.329574	227.019515
1618476587279	-109.747105	229.771987	218.704493
1618476587373	-81.165367	250.10698	227.000715
1618476587467	-92.617361	235.59082	243.005344
1618476587555	-104.978667	258.429628	230.048977
1618476587649	-97.77277	232.294178	237.918341
1618476587743	-116.138308	201.577722	235.074292
1618476587837	-111.40908	230.945553	229.000101
1618476587931	-95.04505	219.232174	240.940603
1618476588025	-85.717009	248.929387	245.934826
1618476588119	-102.901085	233.494249	241.837223
1618476588213	-91.715738	228.718858	239.105961
1618476588307	-87.529947	250.885078	225.534116
1618476588401	-114.448254	258.37185	237.725399
1618476588495	-103.260521	251.555094	226.322654
1618476588589	-94.920544	257.206724	227.600599
1618476588683	-93.854555	229.165829	235.768234
1618476588773	-103.568318	244.928137	236.864259
1618476588867	-84.967089	202.94676	231.137904
1618476588961	-87.703176	241.049469	252.807066
1618476589055	-84.808661	217.93817	248.99842
1618476589149	-96.572756	243.370932	233.36825
1618476589243	-89.844158	232.528376	237.3154
1618476589337	-94.9709	246.490432	234.528616
1618476589431	-108.363818	251.061166	237.826521
1618476589525	-102.215118	248.348572	224.69403
1618476589619	-96.204525	195.686086	253.283788
1618476589713	-109.809808	240.741649	244.389963
1618476589807	-108.126202	246.870942	222.953434
1618476589901	-92.389904	265.667512	238.531889
1618476589994	-109.982908	208.208885	232.721217
1618476590088	-104.497302	242.54988	239.680651
1618476590182	-122.565556	209.028518	226.761049
1618476590276	-94.34788	235.272802	242.632572
1618476590370	-107.437194	237.502869	224.970918
1618476590464	-101.959769	276.654087	226.727345
1618476590558	-105.288364	236.537202	239.414619
1618476590652	-156.462506	238.921276	227.715067
1618476590746	-147.821486	233.394751	235.523061
1618476590840	-180.602089	247.036762	244.333382
1618476590934	-164.310284	315.165137	242.122969
1618476591028	-72.062081	403.253292	241.401391
1618476591122	-13.82486	357.425963	243.51532
1618476591210	-13.367795	292.545596	242.709016
1618476591304	-94.697817	193.056672	226.930872
1618476591398	-119.24923	192.999395	243.182358
1618476591492	-140.75995	203.445673	231.184041
1618476591586	-186.186415	181.088199	234.034415
1618476591680	-203.441339	193.898606	222.096884
1618476591774	-181.299626	247.227209	226.668248
1618476591868	-195.323586	349.675182	239.489571
1618476591962	-130.363293	408.218553	226.327647
1618476592056	-122.677075	485.072514	223.215645
1618476592150	-60.723828	496.075041	235.974762
1618476592244	-31.122601	450.110083	241.049156
1618476592338	-15.69706	420.899676	214.468735
1618476592430	-14.293175	393.968608	219.133511
1618476592524	36.318377	322.941195	205.929729
1618476592618	-17.442618	286.546792	181.527956
1618476592712	-30.058781	241.800493	155.080273
1618476592806	-50.241897	274.580256	188.864651
1618476592900	-56.457145	221.19259	205.897062
1618476592994	-71.806904	240.806038	204.469779
1618476593088	-68.449451	218.035466	202.624333
1618476593182	-63.320601	242.076029	251.174984
1618476593276	-91.393943	221.625396	288.955199
1618476593370	-93.442224	214.786763	269.468597
1618476593464	-99.444592	226.062702	234.823761
1618476593558	-92.795155	256.687923	217.132076
1618476593648	-65.453317	227.714221	190.177669
1618476593742	-94.78019	269.543689	186.623779
1618476593836	-113.381626	247.918885	164.494234
1618476593930	-96.260157	217.714793	131.674233
1618476594024	-73.944453	218.700866	207.402382
1618476594118	-71.601182	219.737192	250.565182
1618476594212	-98.518944	207.453962	292.494845
1618476594306	-96.100845	253.567966	304.373747
1618476594400	-95.649003	217.509591	317.152466
1618476594494	-105.474519	252.707966	307.547847
1618476594588	-87.44526	213.492293	304.556284
1618476594682	-71.344172	241.353063	277.221909
1618476594776	-106.228817	197.167866	265.292038
1618476594865	-101.564844	253.915338	267.161326
1618476594959	-89.666931	254.369647	239.634472
1618476595053	-107.90133	232.806146	241.874572
1618476595147	-87.960233	236.157771	242.250935
1618476595241	-79.12252	208.071964	238.095886
1618476595335	-90.695335	279.096163	239.980198
1618476595429	-106.145257	216.681047	241.769532
1618476595523	-89.864193	249.029434	234.84758
1618476595617	-107.253913	212.456107	243.437486
1618476595711	-99.291193	219.487396	235.491118
1618476595805	-87.730628	203.698297	260.527522
1618476595899	-104.14429	240.496257	219.61952
1618476595993	-81.458443	213.258622	227.472875
1618476596085	-96.926697	222.63492	254.117845
1618476596179	-65.355829	209.636796	232.192432
1618476596273	-74.532784	239.471183	241.422788
1618476596367	-75.576882	209.884239	230.037279
1618476596461	-96.391509	236.225082	227.597336
1618476596555	-97.677272	248.066997	236.403955
1618476596649	-99.403006	239.389337	224.602206
1618476596743	-74.874451	225.593342	238.811233
1618476596837	-104.448852	240.432181	231.470327
1618476596931	-86.242029	216.50853	237.851714
1618476597025	-97.974421	221.647956	220.466512
1618476597119	-88.2843	247.245138	235.467194
1618476597213	-95.494776	242.730903	230.978678
1618476597305	-110.096994	242.373243	238.559737
1618476597399	-110.546241	218.152557	232.935839
1618476597493	-105.912303	232.136243	224.733361
1618476597587	-64.053313	258.578871	225.739645
1618476597681	-94.480529	230.049862	251.847579
1618476597775	-101.772872	236.326765	229.430626
1618476597869	-103.082947	225.632619	236.698899
1618476597963	-78.805753	224.121671	237.170884
1618476598057	-104.88442	229.884864	243.480498
1618476598151	-96.347302	224.730944	230.638374
1618476598245	-69.935433	278.052721	246.219074
1618476598339	-104.047407	207.874883	241.758879
1618476598433	-83.131338	210.846389	245.33118
1618476598523	-85.392938	213.289094	236.920714
1618476598617	-77.483947	242.010374	231.863635
1618476598711	-91.47506	215.539973	227.030627
1618476598805	-96.134306	206.891144	234.579794
1618476598899	-100.624454	206.998494	244.088421
1618476598993	-108.328653	258.295572	228.223237
1618476599087	-82.628175	268.734368	252.438593
1618476599181	-70.999988	227.608653	234.08364
1618476599275	-102.668839	222.203324	220.65634
1618476599369	-102.205322	198.736971	242.087114
1618476599463	-73.680842	247.198488	245.532951
1618476599557	-87.892722	192.191859	224.38701
1618476599651	-90.190322	225.053148	237.679979
1618476599743	-101.534418	236.279172	244.442281
1618476599837	-97.753978	228.974937	214.660237
1618476599931	-91.588112	232.885422	226.620073
1618476600025	-95.881573	218.213766	223.49036
1618476600119	-88.055914	217.008193	237.261932
1618476600213	-104.745403	222.988105	226.801776
1618476600307	-95.463752	239.091153	226.084015
1618476600401	-76.749865	226.982131	230.098355
1618476600495	-70.171039	247.456658	238.78429
1618476600589	-94.769388	233.057015	241.485995
1618476600683	-82.117209	214.466379	213.866563
1618476600777	-93.386591	231.481641	237.993869
1618476600871	-97.869983	223.864007	245.524041
1618476600962	-76.172577	226.204345	254.471284
1618476601056	-117.992945	181.262251	233.316611
1618476601150	-89.695472	207.047113	238.578751
1618476601244	-101.727745	249.03	232.140211
1618476601338	-88.906967	209.956158	242.068158
1618476601432	-78.873369	206.841248	236.997769
1618476601526	-95.755434	224.319995	251.549723
1618476601620	-85.901831	226.417465	235.614315
1618476601714	-95.876299	237.112474	230.284065
1618476601808	-62.593345	220.970236	238.217279
1618476601902	-101.022967	237.819868	219.982879
1618476601996	-86.285928	211.653003	230.123867
1618476602090	-104.21184	263.293978	226.804635
1618476602178	-83.615189	209.402728	207.186629
1618476602272	-104.756009	264.782462	248.828428
1618476602366	-105.992705	237.69468	231.186085
1618476602460	-100.611178	267.29848	237.975804
1618476602554	-101.029778	234.440887	235.580668
1618476602648	-92.930161	224.416895	234.27169
1618476602742	-79.75611	256.433434	nan
