1618476537640,3.079890
1618476537734,4.643444
1618476537828,-1.925765
1618476537922,-2.191793
1618476538016,4.692545
1618476538110,0.336095
1618476538204,-3.809105
1618476538298,2.845771
1618476538392,0.234946
1618476538486,-4.404369
1618476538580,1.950756
1618476538674,0.946008
1618476538771,3.801751
1618476538864,-0.677157
1618476538957,3.094493
1618476539050,-3.327593
1618476539143,-1.658782
1618476539236,3.469609
1618476539329,-3.306047
1618476539422,-2.204549
1618476539515,3.576253
1618476539608,-1.162461
1618476539701,-2.178468
1618476539794,3.114081
1618476539887,-0.315265
1618476539983,-3.724457
1618476540077,3.386143
1618476540171,1.838554
1618476540265,-2.220600
1618476540359,1.079194
1618476540453,2.980755
1618476540547,-2.702037
1618476540641,0.035962
1618476540735,1.649640
1618476540829,-2.031375
1618476540923,0.092132
1618476541017,-2.696146
1618476541111,-2.622153
1618476541202,-0.563496
1618476541296,4.921397
1618476541390,-1.406274
1618476541484,-4.213534
1618476541578,4.102482
1618476541672,0.165790
1618476541766,-3.141909
1618476541860,2.796055
1618476541954,1.480155
1618476542048,-3.777946
1618476542142,-2.288234
1618476542236,1.854298
1618476542330,-3.988118
1618476542419,1.013336
1618476542513,2.352464
1618476542607,-3.037706
1618476542701,-0.952438
1618476542795,3.689039
1618476542889,-3.797675
1618476542983,-1.870539
1618476543077,3.210762
1618476543171,-1.674528
1618476543265,2.629238
1618476543359,3.719625
1618476543453,-0.785703
1618476543547,-4.333294
1618476543642,2.935898
1618476543736,1.852186
1618476543830,-3.250565
1618476543924,2.338758
1618476544018,1.835244
1618476544112,-3.182402
1618476544206,0.811330
1618476544300,3.026019
1618476544394,2.959667
1618476544488,-0.542740
1618476544582,2.894722
1618476544676,-2.340029
1618476544770,-1.545833
1618476544859,3.411471
1618476544953,-1.214265
1618476545047,-3.778979
1618476545141,3.441415
1618476545235,0.111186
1618476545329,-3.505674
1618476545423,2.370249
1618476545517,-0.155056
1618476545611,-2.911262
1618476545705,2.019495
1618476545799,2.638058
1618476545893,-2.658932
1618476545987,1.715252
1618476546079,4.830988
1618476546173,-1.526459
1618476546267,-0.357480
1618476546361,1.197141
1618476546455,-8.165391
1618476546549,-9.685729
1618476546643,-10.363722
1618476546737,-4.064680
1618476546831,-2.858178
1618476546925,4.879934
1618476547019,-0.360209
1618476547113,-9.021355
1618476547207,1.806001
1618476547297,0.606367
1618476547391,-5.446114
1618476547485,0.711335
1618476547579,1.986794
1618476547673,-4.226944
1618476547767,-4.180794
1618476547861,3.482812
1618476547955,-4.250628
1618476548049,-0.727196
1618476548143,4.838040
1618476548237,-2.658957
1618476548331,-1.749889
1618476548425,4.317487
1618476548523,-1.030663
1618476548617,-3.069555
1618476548711,2.915990
1618476548805,0.231220
1618476548899,0.195527
1618476548993,4.531500
1618476549087,1.924339
1618476549181,-2.752966
1618476549275,1.841808
1618476549369,2.163993
1618476549463,-3.997591
1618476549557,1.404392
1618476549651,3.390996
1618476549745,-2.905876
1618476549839,-0.532162
1618476549933,3.629066
1618476550027,3.938368
1618476550121,-1.718179
1618476550215,5.124586
1618476550309,-1.564811
1618476550403,-2.677149
1618476550497,5.277264
1618476550591,-0.457446
1618476550685,-3.903543
1618476550779,2.835324
1618476550873,2.248688
1618476550961,-2.643929
1618476551055,2.856029
1618476551149,0.022920
1618476551243,-4.395670
1618476551337,1.955013
1618476551431,3.386430
1618476551525,-4.013874
1618476551619,-0.198696
1618476551713,4.196835
1618476551807,-3.117952
1618476551901,-1.403252
1618476551995,5.386566
1618476552089,-0.931528
1618476552177,-2.958565
1618476552271,-3.650393
1618476552365,0.028892
1618476552459,-3.137284
1618476552553,3.205753
1618476552647,1.559057
1618476552741,-2.170283
1618476552835,3.125745
1618476552929,2.749591
1618476553023,-3.096809
1618476553117,1.836260
1618476553211,3.423631
1618476553305,-3.218613
1618476553396,-3.772011
1618476553490,3.882891
1618476553584,-3.180962
1618476553678,-3.606869
1618476553772,2.546594
1618476553866,-1.144580
1618476553960,-3.316374
1618476554054,3.247622
1618476554148,-1.624853
1618476554242,-3.242799
1618476554336,2.101226
1618476554430,1.938823
1618476554524,1.220222
1618476554615,2.693157
1618476554709,1.980512
1618476554803,-4.408832
1618476554897,1.111796
1618476554991,2.646690
1618476555085,-3.263009
1618476555179,-0.943843
1618476555273,3.535926
1618476555367,-2.239727
1618476555461,-1.718619
1618476555555,4.739061
1618476555649,2.886988
1618476555743,-2.299801
1618476555835,3.276562
1618476555929,-0.449784
1618476556023,-3.541091
1618476556117,3.533198
1618476556211,2.579851
1618476556305,-3.519404
1618476556399,1.879374
1618476556493,1.850610
1618476556587,-4.179459
1618476556681,-0.211893
1618476556775,2.414781
1618476556869,-2.823651
1618476556963,-0.956023
1618476557052,3.929023
1618476557146,-2.889590
1618476557240,-2.432440
1618476557334,4.783413
1618476557428,-1.568087
1618476557522,-2.131869
1618476557616,3.116225
1618476557710,-0.055863
nan,nan
