1618478128635,-6.300727836,270.515357059,380.960501007
1618478128729,-10.607302467,263.599573423,383.332238757
1618478128823,-26.068771143,258.633152802,378.314089524
1618478128917,-15.693098466,262.589828269,377.947577958
1618478129011,-8.230301403,268.189857765,380.663290323
1618478129105,-19.722585277,258.205200886,377.642810402
1618478129199,-33.692240716,250.121626856,374.737493471
1618478129291,-17.647194058,260.433405608,377.799781237
1618478129385,-9.122967444,265.069788764,379.520139785
1618478129479,2.093864448,272.891434727,382.519786078
1618478129573,-7.917638166,267.191301463,375.535669729
1618478129667,-7.817240369,266.617893564,382.845800590
1618478129761,-17.913051993,260.459661022,379.930941920
1618478129855,-19.965707745,264.653116706,378.700056331
1618478129949,-4.609586007,267.332576549,377.937140725
1618478130043,-16.112051290,263.117277312,380.142793746
1618478130137,2.345956145,272.265238218,380.311949861
1618478130231,-23.923893686,258.494273400,382.551950239
1618478130325,-22.210657272,256.916362654,375.605895401
1618478130419,-26.446906041,257.592963348,378.436758213
1618478130511,-26.065294267,255.043416084,377.238718160
1618478130605,-7.808960649,269.847410514,380.619523816
1618478130699,-20.709692304,259.212830874,377.643785554
1618478130793,-11.077005469,265.321605857,381.296713083
1618478130887,-25.642344500,256.293715351,377.270707684
1618478130981,-21.090225046,260.171222389,379.766272883
1618478131075,-23.629888247,254.892881205,378.347284140
1618478131169,0.203454877,270.997318150,380.149903202
1618478131263,-18.062047343,259.779692107,376.844038420
1618478131357,-22.938466003,260.893855271,378.475213737
1618478131451,-15.950538813,260.621065163,378.079375299
1618478131545,-36.581595458,250.819928834,375.443324711
1618478131639,-27.836900141,258.770372743,379.331626933
1618478131727,-29.849349184,254.804033900,374.952513682
1618478131821,-29.551504341,255.388502471,377.899406644
1618478131915,-9.955160291,264.169096083,378.532831768
1618478132009,-14.681302948,265.188603104,379.024104440
1618478132103,-10.069304167,264.917957758,378.372929901
1618478132197,-10.132294831,264.880680241,376.368165644
1618478132291,-19.181251902,262.117353213,379.759388127
1618478132385,-24.773494515,254.807895832,378.336422575
1618478132479,-17.854098954,261.494549095,379.935400793
1618478132573,-39.215881933,245.669178763,377.168447870
1618478132667,-21.293885698,260.050697173,379.750869145
1618478132761,9.620379374,276.345583465,382.089049031
1618478132855,-17.263225164,260.436019158,378.055725475
1618478132946,-15.365223425,259.783862853,376.972376569
1618478133040,-19.937101550,259.670045689,376.702219942
1618478133134,-0.373626018,270.431187899,380.333159077
1618478133228,-26.996204504,256.267891641,378.395212389
1618478133322,-26.955399126,255.700245717,377.322664341
1618478133416,-18.288094379,260.054124443,380.751307168
1618478133510,-18.287374220,266.238139257,377.902630307
1618478133604,-13.918137435,262.640240115,379.081825956
1618478133698,-16.191553448,260.886639759,377.985511982
1618478133792,-11.385930036,262.138786055,378.273347779
1618478133886,-16.786472754,261.942775582,377.864881321
1618478133980,-37.825192943,249.675769228,376.424900377
1618478134074,-9.564473662,267.583890837,377.713649761
1618478134165,-10.245145587,267.405690120,377.435264587
1618478134259,-14.896379204,261.244910826,379.159105960
1618478134353,5.026799272,275.851745937,379.514713648
1618478134447,-9.987208418,268.558335870,379.454773494
1618478134541,-7.401846042,265.680132937,377.725949993
1618478134635,-15.304966513,260.819522552,381.976934061
1618478134729,-35.561624615,251.607130408,376.671738198
1618478134823,-21.521428954,262.916038368,377.733659062
1618478134917,-20.060441777,264.372436586,377.919794191
1618478135011,-6.687000053,267.103174729,380.780016895
1618478135105,-13.370442389,262.556157243,381.198884842
1618478135199,-3.406222514,272.044720222,377.028156322
1618478135293,2.583170998,270.181003561,379.556794454
1618478135385,-15.458039789,262.504317599,379.192259471
1618478135479,-16.643773266,261.619018642,377.951308637
1618478135573,-13.466410799,264.091157997,379.267260670
1618478135667,-20.720770133,262.389863706,375.794216360
1618478135761,1.840388875,273.190663440,378.046808611
1618478135855,-17.993367845,262.820336244,376.849232948
1618478135949,-30.617035020,250.757927473,374.818815939
1618478136043,-23.211924296,260.323818523,375.530165236
1618478136137,-20.801762176,258.341933075,374.788090581
1618478136231,-32.132533344,255.636447124,374.931095236
1618478136325,-5.862070355,274.366746376,376.069312909
1618478136419,-33.065359747,254.084405763,374.860541532
1618478136513,-19.497546814,261.297348938,379.038002713
1618478136603,-18.993979102,258.228180191,372.773552381
1618478136698,-41.191500843,247.091813039,372.094657582
1618478136793,-15.467721477,261.314999403,372.040258532
1618478136888,-38.304802728,249.167321826,370.615528415
1618478136983,-13.639049142,264.580785922,371.329837619
1618478137078,-32.062607717,251.677828713,363.936384015
1618478137173,-0.999790834,270.877038494,357.134530848
1618478137268,-41.361217081,249.174964562,336.233089878
1618478137363,1.182367073,270.760221449,302.375211245
1618478137458,-16.463963449,263.092606325,297.267445774
1618478137553,-15.660476817,262.976310832,323.252582616
1618478137648,-24.043944264,259.015022464,340.618504629
1618478137743,-28.251908558,253.932978808,381.224603712
1618478137834,-30.081918642,256.033577873,420.237460786
1618478137928,1.216234440,271.372058279,416.453407116
1618478138022,-8.673769613,269.111004428,373.781017570
1618478138116,-40.313105203,249.162408468,343.614900463
1618478138210,-26.690408087,258.816037478,328.720878438
1618478138304,-18.156234785,262.274718398,286.290720627
1618478138398,-27.434628039,258.559200970,279.815858527
1618478138492,-13.641083405,266.130347941,264.783489770
1618478138586,-24.691680671,261.590667312,341.947685192
1618478138680,-33.452809824,255.997675208,404.360677349
1618478138774,-20.753874419,271.288215917,450.548055891
1618478138868,-22.850494300,271.006419763,466.767651116
1618478138962,-34.948187153,269.989634118,462.382090506
1618478139050,-57.856189441,283.268694899,442.162145686
1618478139145,-40.704735671,317.459856148,431.081212813
1618478139240,-41.138801073,373.161950281,412.426554241
1618478139335,-18.517267450,296.244649948,399.414682831
1618478139430,-99.519187625,302.550187518,394.431291243
1618478139525,-58.062571250,430.330147946,392.297804806
1618478139620,67.804478569,382.353000553,389.195361229
1618478139715,51.347191152,265.695728296,382.194281885
1618478139810,23.599864190,212.886287193,383.835220967
1618478139905,-49.135369183,222.818357519,384.082149420
1618478140000,-49.501479377,242.212964811,384.794048628
1618478140095,-84.403229641,315.454697074,382.952748351
1618478140190,-140.872863487,392.360359062,381.068496578
1618478140282,-68.945715629,577.725451264,380.987352119
1618478140376,-39.275223219,484.489422116,381.340601708
1618478140470,56.575223889,480.482974425,380.572947023
1618478140564,33.888881035,380.690148462,374.554543223
1618478140658,63.041617116,369.657451517,382.700610342
1618478140752,72.858577207,331.834249936,378.745646933
1618478140846,51.013799770,292.599960939,379.076678072
1618478140940,22.307336664,270.855731264,384.342536188
1618478141034,6.987379698,257.482793923,380.167067785
1618478141128,2.646595304,257.648296912,379.443830125
1618478141222,4.531648914,257.314626804,380.040210912
1618478141316,-8.653331240,252.879007775,378.345511045
1618478141410,2.600648208,263.906226079,380.499235639
1618478141508,-2.967594289,260.569943400,380.456256995
1618478141602,-1.273847170,264.164087628,377.659996768
1618478141696,-11.600561142,258.052797017,377.878942622
1618478141790,-33.005280447,247.569194467,378.411279579
1618478141884,4.396978421,268.520049969,378.088905891
1618478141978,-29.276915288,250.367414083,378.768906334
1618478142072,-10.607926449,262.415615526,380.180922893
1618478142166,-28.441058133,253.270275280,380.756491499
1618478142260,-7.019267494,268.131157805,379.527983062
1618478142354,-16.631891420,259.034255936,379.876572977
1618478142448,-2.067436013,267.061623519,385.902511544
1618478142542,-10.135035665,260.287263918,380.292324008
1618478142636,-37.885749978,245.864548977,378.193417181
1618478142730,-10.050762153,263.337136503,377.298697979
1618478142824,-6.698712074,265.504449308,378.703496728
1618478142918,-22.417261955,258.794095178,379.590268994
1618478143012,-12.173656666,258.672613914,381.213768599
1618478143106,-21.956951419,257.474710021,377.549449940
1618478143200,1.187158727,269.579468495,378.224304988
1618478143294,-15.936165335,260.445982678,378.929193757
1618478143388,-11.509022404,264.841323634,379.490940775
1618478143482,-21.523415790,257.139479628,374.506605784
1618478143576,-20.865755446,257.120473593,380.631981822
1618478143670,-16.594413763,263.831817943,380.106310581
1618478143764,-20.291337894,260.643999263,377.826696182
1618478143858,-11.163148859,261.862421003,379.365832020
1618478143947,-31.691324280,252.305757826,376.888831455
1618478144041,-8.043781481,267.116650566,380.526128963
1618478144135,-9.419185412,267.669871597,378.724638542
1618478144229,-30.657225862,251.734142761,378.815776131
1618478144323,-4.784014667,269.862173404,379.621410588
1618478144417,-35.472767104,249.476127150,377.527190206
1618478144511,-22.487062894,257.344581693,379.660623981
1618478144605,-5.930522105,268.367265450,380.685963931
1618478144699,-0.224546785,270.927617828,378.268800251
1618478144793,-6.479426088,268.634221508,380.720082278
1618478144887,-13.594777067,263.831602942,379.106283102
1618478144981,6.826195197,280.100206842,379.802078433
1618478145075,-7.368677183,269.291556394,378.804093033
1618478145164,-21.483221956,258.163266110,376.509645818
1618478145258,-4.947073620,266.541058985,380.835980738
1618478145352,-29.460283181,259.809663890,378.208843436
1618478145446,-12.958329928,265.575425996,380.456957699
1618478145540,-15.081107469,264.727384003,380.220768496
1618478145634,-49.071307221,240.428588429,377.498673665
1618478145728,-11.222053750,262.235767110,380.285742453
1618478145822,-5.404274791,266.678695618,378.725766297
1618478145916,-42.372582753,245.801061166,377.929692902
1618478146010,-12.158078374,263.457216001,384.441849858
1618478146104,-20.734051672,258.790209452,377.717577484
1618478146198,-12.867865149,267.445373910,377.312531272
1618478146292,-24.707905997,257.213888000,378.643920660
1618478146388,8.278310460,275.184177456,379.685005200
1618478146482,-3.651556990,266.715944046,387.858331942
1618478146576,-10.853793337,262.453701528,381.313595584
1618478146670,-26.511057622,254.371410179,377.280637480
1618478146764,-28.194896519,254.966718208,376.228915780
1618478146858,-8.178908932,273.995654480,380.894080364
1618478146952,-23.844489339,256.357675813,379.406687264
1618478147046,-9.679550524,266.515789004,383.704945999
1618478147140,-4.556421127,269.547627851,383.092430485
1618478147234,-37.930749872,249.205095551,378.492550984
1618478147328,-18.291026769,260.644183385,379.826719714
1618478147422,-23.065102432,261.002501181,379.616904345
1618478147516,-40.360578608,249.358931036,375.384406838
1618478147607,-7.232567152,269.188516908,380.663118955
1618478147701,-20.569528415,256.703984752,379.578752421
1618478147795,-26.659915457,256.875111273,379.345013052
1618478147889,-13.425012788,261.932068477,377.119123111
1618478147983,-15.552272223,262.856757066,380.109497928
1618478148077,-27.320357938,255.484265167,380.295060924
1618478148171,-28.947815403,254.153967837,377.869431920
1618478148265,-24.320836250,255.442953675,377.673196423
1618478148359,-17.271133594,265.023133309,378.130761661
1618478148453,-0.738810677,270.439690752,380.078635573
1618478148547,-18.416689186,260.161611395,379.892849655
1618478148641,-2.304939865,270.104658718,381.035816768
1618478148735,-21.229031039,261.497283477,377.680140049
1618478148823,-28.051536067,260.643352422,375.315393087
1618478148917,-9.137835831,264.652784051,379.594649560
1618478149011,-17.274628698,259.245681984,379.903594306
