1618477276796,-10.657786350,261.807322787,379.972151212
1618477276890,-8.657796477,262.807328489,377.972152036
1618477276984,-6.657782597,259.807320674,375.972150907
1618477277078,-9.657785426,259.807322267,379.972151137
1618477277172,-10.657794834,259.807327564,377.972151903
1618477277266,-9.657783586,259.807321231,382.972150987
1618477277360,-7.657799072,264.807329950,379.972152248
1618477277454,-9.657786040,259.807322613,378.972151187
1618477277548,-6.657786759,260.807323018,378.972151246
1618477277643,-9.657784170,262.807321560,379.972151035
1618477277737,-10.657800836,260.807330943,377.972152391
1618477277831,-5.657783966,261.807321445,379.972151018
1618477277925,-9.657791428,260.807325646,379.972151626
1618477278019,-8.657783860,260.807321386,378.972151010
1618477278113,-9.657801621,259.807331385,384.972152455
1618477278207,-10.657792381,259.807326183,381.972151703
1618477278301,-10.657794834,259.807327564,377.972151903
1618477278395,-11.657783141,259.807320981,378.972150951
1618477278489,-5.657785835,258.807322498,378.972151170
1618477278583,-8.657789249,261.807324419,379.972151448
1618477278677,-8.657797119,259.807328851,378.972152089
1618477278771,-9.657786653,259.807322958,377.972151237
1618477278862,-6.657791534,261.807325706,380.972151634
1618477278956,-9.657785426,259.807322267,379.972151137
1618477279050,-9.657791428,260.807325646,379.972151626
1618477279144,-8.657796477,262.807328489,377.972152036
1618477279238,-7.657800328,261.807330658,379.972152350
1618477279332,-4.657784269,259.807321616,377.972151043
1618477279426,-7.657794327,260.807327278,379.972151861
1618477279520,-7.657794327,260.807327278,379.972151861
1618477279614,-9.657787266,259.807323303,376.972151287
1618477279708,-10.657787576,261.807323478,377.972151312
1618477279802,-9.657798043,261.807329371,378.972152164
1618477279896,-9.657800526,258.807330769,376.972152366
1618477279990,-9.657791399,263.807325630,377.972151623
1618477280079,-9.657786040,259.807322613,378.972151187
1618477280173,-9.657793911,257.807327044,377.972151828
1618477280267,-7.657788325,259.807323899,379.972151373
1618477280361,-7.657788325,259.807323899,379.972151373
1618477280455,-9.657788945,263.807324249,381.972151424
1618477280549,-6.657792147,261.807326051,379.972151684
1618477280643,-9.657791428,260.807325646,379.972151626
1618477280737,-8.657801281,260.807331194,381.972152427
1618477280831,-9.657800526,258.807330769,376.972152366
1618477280925,-10.657786963,261.807323133,378.972151262
1618477281019,-9.657791399,263.807325630,377.972151623
1618477281113,-9.657792655,260.807326337,377.972151725
1618477281207,-9.657795590,261.807327990,382.972151964
1618477281298,-8.657783247,260.807321040,379.972150960
1618477281393,-10.657801449,260.807331289,376.972152441
1618477281488,-9.657798656,261.807329716,377.972152214
1618477281583,-9.657792655,260.807326337,377.972151725
1618477281678,-9.657791428,260.807325646,379.972151626
1618477281773,-9.657786653,259.807322958,377.972151237
1618477281868,-9.657785426,259.807322267,379.972151137
1618477281963,-9.657785426,259.807322267,379.972151137
1618477282058,-9.657784784,262.807321905,378.972151085
1618477282153,-9.657787266,259.807323303,376.972151287
1618477282248,-8.657783247,260.807321040,379.972150960
1618477282343,-7.657794327,260.807327278,379.972151861
1618477282438,-12.657789453,262.807324534,379.972151465
1618477282529,-6.657798762,262.807329776,378.972152222
1618477282622,-9.657784784,262.807321905,378.972151085
1618477282715,-7.657798007,260.807329350,373.972152161
1618477282808,-7.657787069,262.807323192,379.972151271
1618477282901,-9.657787880,259.807323649,375.972151337
1618477282994,-7.657787069,262.807323192,379.972151271
1618477283087,-6.657789051,264.807324308,382.972151432
1618477283180,-9.657790201,260.807324956,381.972151526
1618477283273,-9.657796174,264.807328318,379.972152012
1618477283366,-7.657794327,260.807327278,379.972151861
1618477283459,-8.657800055,260.807330503,383.972152328
1618477283552,-11.657792019,267.807325979,379.972151674
1618477283645,-9.657786653,259.807322958,377.972151237
1618477283735,-7.657789552,259.807324590,377.972151473
1618477283829,-9.657798043,261.807329371,378.972152164
1618477283923,-9.657799912,258.807330423,377.972152316
1618477284017,-6.657786146,260.807322672,379.972151196
1618477284111,-7.657801584,258.807331365,379.972152452
1618477284205,-7.657788325,259.807323899,379.972151373
1618477284299,-4.657801077,259.807331079,381.972152411
1618477284393,-7.657788938,259.807324245,378.972151423
1618477284487,-6.657799405,259.807330138,379.972152275
1618477284581,-8.657782634,260.807320695,380.972150910
1618477284675,-5.657786449,258.807322843,377.972151220
1618477284769,-3.657795992,256.807328216,378.972151997
1618477284863,0.342211470,257.807324015,378.972151390
1618477284955,0.342199467,259.807330773,378.972152367
1618477285049,5.342205559,262.807327343,382.972151871
1618477285143,16.342211893,263.807323777,381.972151355
1618477285237,35.342201272,268.807329756,379.972152220
1618477285331,65.342210128,301.807324770,379.972151499
1618477285425,70.342201313,348.807329733,381.972152216
1618477285519,71.342203013,426.807328776,380.972152078
1618477285613,2.342206010,524.807327089,380.972151834
1618477285707,-156.657801253,421.807331178,382.972152425
1618477285801,-87.657794528,225.807327392,381.972151878
1618477285895,-15.657790547,188.807325150,384.972151554
1618477285989,77.342212741,302.807323299,390.972151286
1618477286083,-87.657792185,416.807326073,401.972151687
1618477286173,-29.657801605,283.807331376,446.972152454
1618477286288,-32.657793964,262.807327074,450.972151832
1618477286403,-24.657785554,263.807322339,461.972151148
1618477286518,-19.657800576,263.807330797,307.972152370
1618477286633,-16.657797294,259.807328949,296.972152103
1618477286748,-11.657787668,260.807323529,349.972151320
1618477286863,-14.657800222,257.807330598,402.972152341
1618477286978,-11.657800284,262.807330633,348.972152346
1618477287093,-9.657795122,258.807327726,322.972151926
1618477287208,-11.657784119,259.807321531,345.972151031
1618477287323,-12.657796228,259.807328349,370.972152016
1618477287438,-11.657796984,261.807328775,375.972152078
1618477287553,-9.657782462,261.807320598,372.972150896
1618477287672,-9.657792041,260.807325992,378.972151675
1618477287750,-13.657795925,261.807328179,372.972151992
1618477287828,-9.657793881,260.807327028,375.972151825
1618477287906,-10.657782801,260.807320789,375.972150924
1618477287984,-6.657799405,259.807330138,379.972152275
1618477288062,-9.657798656,261.807329716,377.972152214
1618477288140,-10.657794221,259.807327219,378.972151853
1618477288218,-10.657800193,263.807330581,376.972152339
1618477288296,-7.657801555,261.807331348,377.972152450
1618477288374,-9.657786653,259.807322958,377.972151237
1618477288452,-9.657785426,259.807322267,379.972151137
1618477288530,-9.657792041,260.807325992,378.972151675
1618477288608,-9.657786040,259.807322613,378.972151187
1618477288691,-77.756141117,300.148871069,385.513884053
1618477288784,-9.657784170,262.807321560,379.972151035
1618477288877,-9.657798043,261.807329371,378.972152164
1618477288970,-8.657797119,259.807328851,378.972152089
1618477289063,-15.657785667,261.807322403,384.972151157
1618477289156,-8.657788635,261.807324074,380.972151398
1618477289249,-8.657789862,261.807324765,378.972151498
1618477289342,-8.657782604,263.807320678,378.972150908
1618477289435,-9.657784170,262.807321560,379.972151035
1618477289528,-9.657793268,260.807326682,376.972151775
1618477289621,-10.657800222,260.807330598,378.972152341
1618477289714,-9.657799912,258.807330423,377.972152316
1618477289807,-9.657786040,259.807322613,378.972151187
1618477289906,-9.657793268,260.807326682,376.972151775
1618477290001,-9.657784784,262.807321905,378.972151085
1618477290096,-9.657792041,260.807325992,378.972151675
1618477290191,-9.657801110,261.807331097,373.972152413
1618477290286,-9.657791428,260.807325646,379.972151626
1618477290381,-8.657784474,260.807321731,377.972151060
1618477290476,-8.657795250,262.807327798,379.972151937
1618477290571,-9.657796816,261.807328680,380.972152064
1618477290666,-11.657783141,259.807320981,378.972150951
1618477290761,-9.657787266,259.807323303,376.972151287
1618477290856,-9.657792041,260.807325992,378.972151675
1618477290951,-9.657792041,260.807325992,378.972151675
1618477291046,-7.657800971,258.807331019,380.972152402
1618477291146,-11.657789785,257.807324721,379.972151492
1618477291239,-9.657797430,261.807329026,379.972152114
1618477291332,-12.657791322,259.807325587,378.972151617
1618477291425,-10.657795447,259.807327909,376.972151953
1618477291518,-9.657786653,259.807322958,377.972151237
1618477291611,-10.657793607,259.807326874,379.972151803
1618477291704,-10.657794221,259.807327219,378.972151853
1618477291797,-9.657798072,258.807329387,380.972152166
1618477291890,-8.657795893,259.807328160,380.972151989
1618477291983,-9.657787266,259.807323303,376.972151287
1618477292076,-9.657784170,262.807321560,379.972151035
1618477292169,-8.657788635,261.807324074,380.972151398
1618477292262,-5.657799679,260.807330292,375.972152297
1618477292361,-8.657797119,259.807328851,378.972152089
1618477292456,-8.657785087,260.807322076,376.972151110
1618477292551,-13.657790990,264.807325400,378.972151590
1618477292646,-9.657790172,263.807324939,379.972151523
1618477292741,-9.657789559,263.807324594,380.972151473
1618477292836,-9.657795560,264.807327973,380.972151962
1618477292931,-9.657792655,260.807326337,377.972151725
1618477293026,-10.657794834,259.807327564,377.972151903
1618477293121,-8.657795864,262.807328144,378.972151987
1618477293216,-11.657794531,261.807327393,379.972151878
1618477293311,-11.657788529,260.807324014,379.972151390
1618477293406,-11.657800562,259.807330789,381.972152369
1618477293501,-9.657791428,260.807325646,379.972151626
1618477293595,-9.657790172,263.807324939,379.972151523
1618477293689,-9.657799883,261.807330407,375.972152314
1618477293783,-9.657792655,260.807326337,377.972151725
1618477293877,-9.657798656,261.807329716,377.972152214
1618477293971,-9.657799270,261.807330061,376.972152264
1618477294065,-8.657791702,261.807325801,375.972151648
1618477294159,-8.657796506,259.807328506,379.972152039
1618477294253,-10.657800222,260.807330598,378.972152341
1618477294347,-10.657792352,262.807326166,379.972151701
1618477294441,-8.657782634,260.807320695,380.972150910
1618477294535,-13.657789150,264.807324364,381.972151440
1618477294629,-12.657796097,260.807328275,380.972152006
1618477294723,-10.657790030,261.807324859,373.972151512
1618477294814,-7.657799744,258.807330329,382.972152302
1618477294909,-8.657783860,260.807321386,378.972151010
1618477295004,-8.657796506,259.807328506,379.972152039
1618477295099,-6.657798762,262.807329776,378.972152222
1618477295194,-8.657785087,260.807322076,376.972151110
1618477295289,-12.657784678,261.807321846,377.972151076
1618477295384,-9.657795108,260.807327718,373.972151925
1618477295479,-9.657791428,260.807325646,379.972151626
