1610679271515	160	334	285
1610679271609	163	333.5	284
1610679271703	162	333.5	284
1610679271797	159	333.5	285
1610679271891	161	333	285
1610679271985	160	334.5	284.5
1610679272079	163	336	284
1610679272173	158	334	285
1610679272267	162	334	283.5
1610679272356	161	334	282.5
1610679272450	164	332	282
1610679272544	164	333	284.5
1610679272638	163	332	283.5
1610679272732	162	335.5	285
1610679272826	161	336	286
1610679272920	163	333.5	284.5
1610679273014	162	334.5	282.5
1610679273108	163	333.5	282
1610679273202	164	335	283
1610679273296	142.656458	335	283
1610679273390	165	333.5	284
1610679273484	162	334	284
1610679273581	162	335	284
1610679273675	161	333.5	285.5
1610679273769	164	332.5	282.5
1610679273863	162	334	284
1610679273957	165	334.5	284
1610679274051	163	335	284
1610679274145	163	335	283.5
1610679274239	163	333	283
1610679274333	160	338.5	285
1610679274427	163	334	247.40245
1610679274521	159	334.5	283
1610679274615	162	334	282.5
1610679274709	162	335	282.5
1610679274801	142.656458	334	282.5
1610679274895	161	334.5	284
1610679274989	161	334.5	284
1610679275083	160	334.5	283
1610679275177	165	333.5	282.5
1610679275271	159	334	284
1610679275365	167	333	282.5
1610679275459	164	333	284
1610679275553	162	333.5	283.5
1610679275647	163	335	284
1610679275741	164	333	284
1610679275835	159	338	283.5
1610679275929	164	333	282.5
1610679276020	161	305.943808	284.5
1610679276114	163	335	284
1610679276208	164	332	284.5
1610679276302	161	334	284
1610679276396	160	360.056192	281.5
1610679276490	158	334	284
1610679276584	163	332.5	282
1610679276678	164	335	285.5
1610679276772	162	335	284.5
1610679276866	165	335.5	285
1610679276960	143.656458	334	284.5
1610679277054	159	334.5	285
1610679277148	162	335.5	286.5
1610679277239	165	362.556192	284
1610679277333	158	338	284.5
1610679277427	163	361.556192	283.5
1610679277521	162	335	284
1610679277615	165	334.5	284.5
1610679277709	161	335	282.5
1610679277803	161	337	286
1610679277897	159	333.5	244.90245
1610679277991	163	333.5	284
1610679278085	160	333	283.5
1610679278179	164	331.5	282.5
1610679278273	163	333.5	281.5
1610679278367	157	333	283
1610679278460	164	332.5	284
1610679278554	160	332.5	284
1610679278648	161	340	286.5
1610679278742	162	334.5	283.5
1610679278836	157	337	284
1610679278930	162	334.5	285.5
1610679279024	160	333	284.5
1610679279118	163	334	283
1610679279212	163	334	283.5
1610679279306	160	334	284.5
1610679279400	162	335	283.5
1610679279494	164	334.5	283.5
1610679279588	163	335.5	284
1610679279680	165	335	282.5
1610679279775	163	335	286
1610679279870	162	332.5	282
1610679279965	165	335	283
1610679280060	162	335.5	284
1610679280155	159	334	283
1610679280250	161	334.5	283.5
1610679280345	162	334.5	283
1610679280440	161	305.943808	282
1610679280535	164	335	284.5
1610679280630	165	334.5	283.5
1610679280725	164	334	283
1610679280820	162	332	283
1610679280911	165	334	282.5
1610679281005	165	334.5	284
1610679281099	165	333	284.5
1610679281193	162	335.5	320.59755
1610679281287	164	334	285
1610679281381	164	334.5	283.5
1610679281475	167	336	283.5
1610679281569	169	334.5	284
1610679281663	172	338	285
1610679281757	174	336.5	283.5
1610679281851	177	337.5	287
1610679281945	185	343	286
1610679282039	204	354	294
1610679282130	226	371.5	303
1610679282224	248	393.443808	352
1610679282318	109	240	265.5
1610679282412	322	398	404
1610679282506	140	124.5	246.5
1610679282600	195	7.5	151
1610679282694	411	16	131
1610679282788	205	213	265
1610679282882	97	248.5	206
1610679282976	221	242.943808	205.5
1610679283070	220	324.5	264
1610679283164	195	332	294.5
1610679283258	184	337	273.5
1610679283348	171	334.5	268.5
1610679283443	170	333.5	104.5
1610679283538	169	363.056192	64.5
1610679283633	163	304.943808	75.5
1610679283728	167	333.5	182.5
1610679283823	164	333	276
1610679283918	164	333	306.5
1610679284013	182.343542	334.5	301
1610679284108	162	333.5	289.5
1610679284203	163	335	288
1610679284298	162	333	285.5
1610679284393	162	333.5	288
1610679284488	167	333.5	283.5
1610679284582	162	334.5	284.5
1610679284677	162	333	283.5
1610679284772	162	305.443808	283.5
1610679284867	162	334.5	285
1610679284962	161	332.5	282.5
1610679285057	160	333.5	283
1610679285152	163	334.5	283.5
1610679285247	161	333	283.5
1610679285342	146.656458	334.5	285
1610679285437	160	334	283
1610679285532	161	336	285
1610679285627	164	334.5	282.5
1610679285722	160	333.5	283.5
1610679285817	164	362.056192	285
1610679285911	162	335	321.59755
1610679286005	162	334	284
1610679286099	160	333.5	285
1610679286193	155	338.5	286.5
1610679286287	162	333.5	284
1610679286381	163	334	283.5
1610679286475	162	334.5	283
1610679286569	164	333.5	285
1610679286663	162	333	284
1610679286757	162	333.5	283.5
1610679286851	163	334.5	283
1610679286945	162	334.5	284.5
1610679287037	182.343542	334.5	284
1610679287131	162	334.5	282
1610679287225	161	333	282.5
1610679287319	161	334.5	285.5
1610679287413	162	332.5	282.5
1610679287507	164	334.5	282.5
1610679287601	159	306.443808	284
1610679287695	160	333.5	284
1610679287789	158	336.5	284.5
1610679287883	163	305.943808	283.5
1610679287977	165	334.5	284
1610679288071	163	333.5	284
1610679288165	161	334	285
1610679288254	165	335.5	285.5
1610679288349	161	331	280.5
1610679288444	163	333.5	282
1610679288539	164	335	286
1610679288634	162	333	282.5
1610679288729	179.343542	333.5	285.5
1610679288824	165	334.5	285
1610679288919	163	333.5	284
1610679289014	161	333.5	283.5
1610679289109	160	333	285
1610679289204	162	334.5	285
1610679289299	161	333	281.5
1610679289394	163	332.5	283
1610679289488	160	335	284
1610679289583	162	334	283
1610679289678	160	334.5	283.5
1610679289773	163	360.556192	283
1610679289868	165	333.5	283
1610679289963	165	334	284.5
1610679290058	160	333	286
1610679290153	160	332.5	282.5
1610679290248	162	335	285
1610679290343	165	334	283.5
1610679290438	162	333.5	283.5
1610679290533	163	332.5	282
1610679290628	161	334	285
1610679290723	165	334.5	284.5
1610679290817	160	333.5	282.5
1610679290911	163	333.5	281
1610679291005	160	335	283.5
1610679291099	161	360.556192	282
1610679291193	160	333.5	284.5
1610679291287	163	336.5	282.5
1610679291381	162	334	284
1610679291475	161	333.5	284
1610679291569	178.343542	333	285.5
1610679291663	162	335	283.5
1610679291757	165	333	284
1610679291851	160	332.5	284.5
1610679291941	159	334	285
1610679292035	161	334	284.5
1610679292129	176.343542	340	287
1610679292223	162	333	284.5
1610679292317	161	333.5	319.59755
