1618476421580,-93.620531935,251.662452962,234.871384789
1618476421674,-95.617034236,251.540350081,233.877746357
1618476421768,-92.935263623,262.649575447,234.298954991
1618476421862,-93.055287488,197.020568674,232.718230521
1618476421956,-92.033176507,194.248685617,236.758445679
1618476422050,-94.363913587,277.613526786,233.519332151
1618476422144,-94.271476290,270.386587956,232.687455875
1618476422238,-95.410679515,242.336612156,234.253061572
1618476422332,-95.089845277,267.045942057,235.017803939
1618476422426,-91.778838274,258.188846408,236.583459330
1618476422517,-94.215001625,237.505596923,234.608957911
1618476422611,-91.636787336,217.320431404,238.660606350
1618476422705,-95.298071598,273.315016582,234.639084683
1618476422799,-94.722114788,218.299169177,236.505413918
1618476422893,-96.341066909,276.815960916,232.560885385
1618476422987,-91.545272338,216.125689543,237.827052609
1618476423081,-96.057874116,232.020355820,234.894739330
1618476423175,-97.098376790,232.434283516,235.821073605
1618476423269,-88.595750655,180.978372508,239.554029987
1618476423363,-95.004732096,194.255705737,234.810179995
1618476423457,-93.467698819,173.508148291,239.786928960
1618476423551,-94.993606601,265.686299023,233.192841560
1618476423645,-93.290411575,239.138119772,236.471803299
1618476423744,-93.147012606,231.132135011,235.732615431
1618476423839,-96.824009594,223.856264803,237.320089004
1618476423934,-91.452768489,245.805916742,236.176510708
1618476424029,-91.619495587,213.716785257,235.692056354
1618476424124,-92.989598076,195.727384830,237.837705549
1618476424219,-92.277009680,238.670266452,234.496178488
1618476424314,-93.544463778,214.097463132,235.828523207
1618476424409,-97.771157723,291.830211587,230.778641947
1618476424504,-94.243296966,238.493372844,231.557494721
1618476424599,-90.641245511,182.566574702,239.471284549
1618476424694,-96.865844090,296.135664312,231.606427644
1618476424789,-95.460612934,210.170272984,237.981030005
1618476424884,-95.671986405,253.458702223,233.777800085
1618476424973,-94.028106196,230.981172932,236.948880826
1618476425068,-94.854704784,223.927818211,237.264261002
1618476425163,-91.656378342,252.913832719,233.806187822
1618476425258,-95.717637228,255.052349141,235.694770977
1618476425353,-97.746229428,226.140998944,237.461554532
1618476425448,-93.935627547,230.752790541,237.117079759
1618476425543,-94.117346009,269.005978556,232.967785975
1618476425638,-94.894486826,260.226078310,232.373119285
1618476425733,-91.507190397,211.796268415,237.896315537
1618476425828,-95.737284976,220.828752667,237.477822584
1618476425923,-91.835673250,222.263437091,233.298875301
1618476426018,-91.584826607,214.506508867,236.755111833
1618476426113,-95.259142436,169.227551480,236.166248529
1618476426214,-91.913528410,258.890810284,233.338486706
1618476426309,-92.941885688,227.971259051,234.105697536
1618476426404,-91.615754779,246.495684873,232.880073417
1618476426499,-92.854663217,188.016877799,236.083123272
1618476426594,-97.181515388,271.246098825,233.851075563
1618476426689,-93.759242974,256.504784496,234.619099000
1618476426784,-95.909545245,263.751759994,235.345731235
1618476426879,-93.548253355,180.320266019,234.640417443
1618476426974,-95.825503060,188.998911617,238.136159377
1618476427069,-91.625831129,216.937955795,235.680533354
1618476427164,-93.113199813,198.042258348,237.612900358
1618476427259,-102.848790418,228.721350726,236.275017971
1618476427354,-94.709504248,218.858941648,236.528349801
1618476427450,-97.043865450,232.531320456,235.920218104
1618476427543,-92.905164945,229.689356647,232.172484734
1618476427636,-95.674543142,250.547956597,234.773149927
1618476427729,-91.548477260,214.237571735,233.821223540
1618476427822,-96.316052314,240.033224868,232.425168265
1618476427915,-95.083012880,196.988447948,237.667803948
1618476428008,-95.997953837,227.928569485,236.003721534
1618476428101,-93.216172912,202.636996647,237.425614258
1618476428194,-96.503030259,245.560529459,233.085095271
1618476428287,-96.413545217,242.436652330,234.247849473
1618476428380,-97.355215837,204.490914160,236.172724839
1618476428473,-98.681751746,215.890115977,235.578825682
1618476428566,-98.602689078,250.039567922,231.903837140
1618476428665,-97.729049601,255.450749241,235.674014306
1618476428759,-96.169318971,200.001349500,237.510831581
1618476428853,-96.830817442,223.093923286,237.307706982
1618476428947,-98.085507037,231.985007008,234.844480940
1618476429041,-95.918221654,225.145159696,237.148737366
1618476429135,-98.175129507,242.113681650,232.681476788
1618476429229,-101.136459538,269.673222100,228.933022543
1618476429323,-100.607142808,251.195045369,235.895736755
1618476429417,-97.083881970,201.018787407,235.666223260
1618476429511,-102.376829850,243.154937616,235.314626893
1618476429605,-100.904480764,189.755982954,238.992515781
1618476429699,-101.018503476,160.826968286,237.603919460
1618476429793,-105.569211316,216.961387038,237.783512715
1618476429887,-105.013070203,198.546784801,238.795014757
1618476429982,-106.151577367,203.381999157,237.543099774
1618476430077,-112.320374953,208.274636671,237.236092976
1618476430172,-124.347347931,254.125738887,234.368248214
1618476430267,-123.990672030,274.583854658,230.198178918
1618476430362,-128.024935158,256.870473629,234.954648267
1618476430457,-120.285133889,311.863367758,233.662615616
1618476430552,-116.794582664,256.828985699,235.373610312
1618476430647,-127.770159267,300.885866695,231.599244593
1618476430742,-79.701328178,239.664029906,235.362006997
1618476430837,-78.595888462,267.892672569,234.734992679
1618476430932,-115.761498821,180.855067008,238.071356102
1618476431027,-173.649445592,270.762324654,234.637583683
1618476431122,-187.115096752,390.017968846,236.790663561
1618476431218,-100.242643018,454.470543857,234.558684113
1618476431314,7.708358234,319.271575784,238.288352513
1618476431410,1.741895260,280.010304661,234.530562540
1618476431506,-10.545366733,198.128984809,233.826880926
1618476431602,-36.144824057,213.965223187,234.917809267
1618476431698,-82.567221185,185.801401912,232.968345670
1618476431794,-118.989342894,181.627965875,235.019383002
1618476431890,-127.559600025,215.535351101,234.982206935
1618476431986,-137.428852049,205.971006016,232.220009611
1618476432082,-163.266037950,239.196738279,229.697347055
1618476432178,-201.978263504,223.241190011,236.039534050
1618476432274,-240.232730857,311.124515364,234.576712220
1618476432372,-245.250789119,373.754920070,232.543868094
1618476432466,-253.464777333,478.225139337,230.154669183
1618476432560,-189.636801094,590.320911667,234.660581328
1618476432654,-97.877832984,595.735211877,235.222195739
1618476432748,-72.900584740,499.529464038,231.180815150
1618476432842,-65.617467744,519.555483616,228.876957899
1618476432936,-13.992968231,432.754524546,229.012789287
1618476433030,-27.640681668,384.365869829,228.834736724
1618476433124,-34.285305286,317.050372507,228.299877218
1618476433218,-24.585567615,307.532377073,220.753764097
1618476433312,-17.656526113,247.100012708,215.443492394
1618476433406,-22.722370933,329.127089664,203.867374710
1618476433500,-27.582166607,237.413649622,178.759949805
1618476433592,-40.923666380,236.335232322,177.138834570
1618476433686,-56.266318809,279.206542937,205.696836232
1618476433780,-62.151424500,236.286151958,214.724591138
1618476433874,-70.875614782,259.567264876,223.407443508
1618476433968,-73.666473988,220.356777248,288.606612664
1618476434062,-77.829853511,222.060272947,302.309460167
1618476434156,-78.639718487,210.422756381,263.655275212
1618476434250,-82.516550252,244.032505499,230.060505288
1618476434344,-83.378604934,206.307415574,204.130185062
1618476434438,-81.941207447,221.947582016,186.106931111
1618476434532,-84.022923127,158.981256035,177.595881059
1618476434626,-87.030302437,227.057842596,151.944886332
1618476434720,-88.619556107,249.628387291,158.873159613
1618476434808,-87.383467859,241.386667131,192.302553770
1618476434902,-89.086469740,160.199635850,229.480303326
1618476434996,-91.089305455,231.117607829,321.837572429
1618476435090,-91.025414644,228.887212229,355.953776185
1618476435184,-95.800428464,192.123570283,298.181764717
1618476435278,-91.146942145,200.220185933,310.551530254
1618476435372,-93.203975264,268.030161596,289.810225842
1618476435466,-90.674002182,253.529071986,288.774133816
1618476435560,-91.461395882,279.016583910,293.342032653
1618476435654,-89.472287532,177.668337921,297.778583070
1618476435748,-92.552128954,250.274539824,292.995795219
1618476435842,-90.397122653,205.953859682,284.096505282
1618476435936,-91.639835545,181.517353503,276.473848977
1618476436027,-91.272647978,239.518001675,265.504111492
1618476436122,-91.982045111,228.373204009,259.032656112
1618476436217,-92.911893036,258.833720209,255.341461102
1618476436312,-89.031208008,232.089455631,253.943239291
1618476436407,-94.870276271,225.471410853,252.235939790
1618476436502,-88.481535969,177.991196153,250.761762135
1618476436597,-91.121775150,164.432129659,251.416090318
1618476436692,-91.721326278,183.362153350,249.325634720
1618476436787,-94.426830951,246.900450529,241.223685556
1618476436882,-94.522854563,211.343096458,242.867825760
1618476436977,-93.277779699,243.697147426,241.494777987
1618476437072,-91.786037280,220.530670727,240.389152542
1618476437167,-94.035357466,196.324821750,242.754478981
1618476437261,-94.724908578,253.306188267,237.681545942
1618476437356,-92.582106520,212.411552019,241.760059091
1618476437451,-94.739531169,255.816655440,236.654950569
1618476437546,-93.543261264,245.964973277,238.011923656
1618476437641,-91.432957382,210.204831773,241.031329555
1618476437736,-91.915087974,227.035764548,239.154436860
1618476437831,-90.799570653,188.093624535,239.183324893
1618476437926,-93.481922413,210.914176028,237.942272608
1618476438021,-93.045643296,231.593384147,236.916984582
1618476438116,-93.558629054,211.591965686,237.802759592
1618476438211,-95.744331964,253.984248734,237.646218948
1618476438306,-88.870111001,189.556152054,239.055027049
1618476438401,-94.354767132,277.294228714,236.535967602
1618476438495,-95.524932806,218.415646862,238.864045879
1618476438591,-92.227083887,237.927382524,241.586982854
1618476438687,-96.227666398,244.947717703,236.585923390
1618476438783,-92.105294613,196.766291860,238.627278230
1618476438879,-97.420155592,279.576906454,236.417039943
1618476438975,-93.566184851,213.855734687,237.789017210
1618476439071,-95.079241391,198.856787186,239.674663482
1618476439167,-94.841464698,257.375102889,235.469555225
1618476439263,-92.534007525,213.732440675,237.847540901
1618476439359,-95.215508544,272.432782516,236.789249265
1618476439455,-90.590073446,216.689673336,237.745568952
1618476439551,-95.403925272,209.191335644,238.084132769
1618476439647,-95.000370733,264.922431402,235.180539048
1618476439737,-94.493441819,210.316312598,237.921321266
1618476439831,-95.528234331,248.440390725,236.039254441
1618476439925,-91.854601310,222.924205971,237.264449200
1618476440019,-94.780397975,256.243294755,237.580622568
1618476440113,-91.326861283,239.410560479,235.405509055
1618476440207,-93.614653075,212.547735647,237.700863850
1618476440301,-89.914432369,195.103388383,237.974415935
1618476440395,-95.337573575,275.694010425,234.567239014
1618476440489,-97.037696849,265.225467047,233.112650806
1618476440583,-95.627654267,286.820579227,239.039644119
1618476440677,-91.251442747,203.868248577,234.361465952
1618476440771,-92.402124212,207.128461579,237.087408512
1618476440865,-94.001805048,263.972502629,235.177930334
1618476440957,-90.201152776,203.112651376,239.452932681
1618476441053,-92.971344561,193.090163940,243.870904799
1618476441149,-91.637524593,252.255657951,233.840478770
1618476441245,-93.430321997,245.022321151,235.217336089
1618476441341,-95.990511718,299.487747547,234.379683824
1618476441437,-92.301647433,275.439847154,234.632581002
1618476441533,-93.777374853,258.137759112,235.586120982
1618476441629,-91.114973706,235.013673348,236.790887357
1618476441725,-91.213574992,202.546304599,235.430339320
1618476441821,-91.928361097,192.589633172,240.949082550
1618476441917,-93.407105084,208.302341269,234.078349369
1618476442013,-92.860073532,224.115238475,237.254496394
1618476442109,-90.242101715,238.451647234,234.559668628
1618476442199,-93.398817492,209.013025647,238.093422732
1618476442293,-92.302783610,201.660531896,240.268087874
1618476442387,-94.823577825,260.750681298,234.502087631
1618476442481,-94.784950943,257.402236553,234.572341690
1618476442575,-95.818801386,258.583938236,232.510774955
1618476442669,nan,nan,nan
1618476442763,nan,nan,nan
1618476442857,nan,nan,nan
