1618477949420,0.007620
1618477949514,-0.014428
1618477949608,0.007396
1618477949699,0.017353
1618477949794,0.021246
1618477949889,0.035958
1618477949984,0.062985
1618477950079,-0.009001
1618477950174,-0.000802
1618477950269,0.030755
1618477950364,0.004401
1618477950459,-0.087500
1618477950554,-0.000578
1618477950649,0.023005
1618477950744,0.017353
1618477950839,-0.023264
1618477950935,-0.009225
1618477951029,0.012375
1618477951123,0.063434
1618477951217,-0.006230
1618477951311,-0.018958
1618477951405,-0.006230
1618477951499,0.003952
1618477951593,-0.051413
1618477951687,0.026225
1618477951781,0.048910
1618477951875,0.043932
1618477951969,0.044380
1618477952063,-0.032808
1618477952154,-4.594197
1618477952248,-0.000578
1618477952342,-0.019856
1618477952436,-0.033033
1618477952530,0.049359
1618477952624,0.003728
1618477952718,-0.082970
1618477952812,-0.028503
1618477952906,0.039402
1618477953000,0.044605
1618477953094,0.025552
1618477953188,0.022108
1618477953282,0.036182
1618477953371,0.020797
1618477953466,0.017353
1618477953561,0.030755
1618477953656,0.048237
1618477953751,0.017578
1618477953846,0.023454
1618477953941,0.030755
1618477954036,0.009155
1618477954131,-0.024161
1618477954226,0.049135
1618477954321,0.061863
1618477954416,0.030979
1618477954511,-0.001700
1618477954605,-0.009674
1618477954700,-0.004919
1618477954795,-0.106329
1618477954890,0.021435
1618477954985,-0.060284
1618477955080,-0.000578
1618477955175,-0.006454
1618477955270,0.008931
1618477955365,0.011926
1618477955460,-0.123398
1618477955555,0.011477
1618477955650,-0.047556
1618477955745,0.011701
1618477955839,0.034387
1618477955933,-0.065936
1618477956027,-0.003046
1618477956121,0.046442
1618477956215,-0.050697
1618477956309,-0.003228
1618477956403,0.036569
1618477956497,-0.015345
1618477956591,-0.035114
1618477956685,0.071717
1618477956779,3.907238
1618477956873,-0.004022
1618477956967,-0.004555
1618477957060,0.021539
1618477957154,-0.041006
1618477957248,-0.019849
1618477957342,-0.042268
1618477957436,-0.041923
1618477957530,-0.093467
1618477957624,-0.175592
1618477957718,-0.131658
1618477957812,-0.162601
1618477957906,-0.172757
1618477958000,-0.258368
1618477958094,-0.365052
1618477958188,-1.179953
1618477958278,-1.269866
1618477958373,-2.222071
1618477958468,-1.028037
1618477958563,-1.470503
1618477958658,-3.996364
1618477958753,-0.568346
1618477958848,1.051950
1618477958943,1.379013
1618477959038,0.558087
1618477959133,0.087206
1618477959228,-1.319826
1618477959323,-3.564333
1618477959418,-7.229498
1618477959513,-6.971208
1618477959607,-4.698213
1618477959701,-2.980519
1618477959795,-1.268547
1618477959889,-0.622885
1618477959983,-0.077995
1618477960077,0.274073
1618477960171,0.400451
1618477960265,0.433618
1618477960359,0.409885
1618477960453,0.344413
1618477960547,0.245625
1618477960641,0.282385
1618477960733,0.183597
1618477960827,0.178618
1618477960921,0.124789
1618477961015,0.129992
1618477961109,0.039402
1618477961203,0.081365
1618477961297,0.076386
1618477961391,0.031203
1618477961485,0.121120
1618477961579,0.052354
1618477961673,0.021883
1618477961767,0.075713
1618477961861,0.089788
1618477961950,0.085671
1618477962044,0.099072
1618477962138,0.044380
1618477962232,0.043707
1618477962326,0.049584
1618477962420,0.076611
1618477962514,0.030755
1618477962608,0.003952
1618477962702,0.049359
1618477962796,-0.037338
1618477962890,0.049359
1618477962984,-0.014204
1618477963078,-0.005557
1618477963169,-0.119281
1618477963263,0.050032
1618477963357,-0.082745
1618477963451,0.002193
1618477963545,0.025776
1618477963639,-0.023937
1618477963733,0.052130
1618477963827,0.003279
1618477963921,-0.005557
1618477964015,-0.009674
1618477964109,-0.000802
1618477964203,0.049808
1618477964297,-0.000578
1618477964387,0.062985
1618477964481,0.057782
1618477964575,0.050481
1618477964669,-0.019407
1618477964763,-0.014204
1618477964857,0.025776
1618477964951,-0.004919
1618477965045,0.009155
1618477965139,0.031203
1618477965233,0.030755
1618477965327,0.012150
1618477965421,0.007620
1618477965515,-0.059611
1618477965608,0.049584
1618477965703,0.026225
1618477965798,-0.019407
1618477965893,0.057109
1618477965988,0.044605
1618477966083,-3.609325
1618477966178,0.017353
1618477966273,-0.000578
1618477966368,0.026225
1618477966463,0.022556
1618477966558,-0.045761
1618477966653,0.080916
1618477966748,0.022332
1618477966842,0.031203
1618477966936,0.049584
1618477967030,0.012150
1618477967124,0.062087
1618477967218,0.013048
1618477967312,0.025552
1618477967406,-0.056167
1618477967500,0.048910
1618477967594,0.062761
1618477967688,0.044380
1618477967782,-0.019183
