1610679483725,-3.887425
1610679483819,1.270191
1610679483909,3.028065
1610679484003,-3.534959
1610679484097,-0.286811
1610679484191,3.718132
1610679484285,-2.399972
1610679484379,-1.435204
1610679484473,3.840532
1610679484567,-1.339668
1610679484661,-2.622019
1610679484755,3.709982
1610679484849,-0.044558
1610679484943,-3.453871
1610679485037,2.762534
1610679485134,-2.613962
1610679485229,-3.846276
1610679485324,1.618216
1610679485419,2.597841
1610679485514,-3.680084
1610679485609,0.258709
1610679485704,3.428907
1610679485799,-2.826905
1610679485894,-1.175160
1610679485989,3.904161
1610679486084,-1.877054
1610679486179,-2.281771
1610679486274,0.916234
1610679486370,-0.634660
1610679486464,-3.278321
1610679486558,3.351336
1610679486652,0.943510
1610679486746,-3.865080
1610679486840,2.144553
1610679486934,2.386329
1610679487028,-3.442166
1610679487122,0.935399
1610679487216,3.431538
1610679487310,-3.218469
1610679487404,3.575193
1610679487498,3.744900
1610679487591,-2.479996
1610679487685,-1.900660
1610679487779,4.061558
1610679487873,-0.783326
1610679487967,-3.002995
1610679488061,3.298759
1610679488155,0.580722
1610679488249,-3.632627
1610679488343,2.529031
1610679488437,1.874421
1610679488531,3.150812
1610679488625,1.254230
1610679488719,2.820562
1610679488813,-3.557032
1610679488907,0.044748
1610679489001,3.732741
1610679489095,-2.836304
1610679489189,-1.372038
1610679489283,3.670501
1610679489377,-1.175154
1610679489471,-2.642624
1610679489565,3.560646
1610679489659,-1.154370
1610679489753,-3.259466
1610679489847,3.022502
1610679489941,1.325783
1610679490041,-3.596020
1610679490137,1.721032
1610679490233,2.642399
1610679490329,-3.553807
1610679490425,0.583751
1610679490521,3.479927
1610679490617,-2.823005
1610679490713,-1.219181
1610679490809,-3.520621
1610679490905,-1.738477
1610679491001,-2.183602
1610679491097,3.544001
1610679491193,-0.550538
1610679491283,-2.994387
1610679491377,3.302516
1610679491471,0.900073
1610679491565,-3.665313
1610679491659,2.112511
1610679491753,2.187034
1610679491847,-3.883918
1610679491941,-2.836387
1610679492035,3.277697
1610679492129,-3.057944
1610679492223,-0.467999
1610679492317,3.880667
1610679492411,-2.031725
1610679492502,-1.660595
1610679492597,3.717286
1610679492692,-0.966351
1610679492787,-3.049225
1610679492882,3.345618
1610679492977,0.348802
1610679493072,0.366876
1610679493167,2.691293
1610679493262,1.936717
1610679493357,-3.620139
1610679493452,1.486520
1610679493547,3.165407
1610679493642,-2.373665
1610679493736,1.598528
1610679493830,0.453138
1610679493924,-2.844519
1610679494018,-8.384802
1610679494112,-6.258516
1610679494206,0.858774
1610679494300,-1.161668
1610679494394,4.567188
1610679494488,0.201042
1610679494582,-3.044336
1610679494676,2.960723
1610679494770,1.242027
1610679494864,-3.800658
1610679494954,1.998592
1610679495049,2.369537
1610679495144,-3.545797
1610679495239,0.686201
1610679495334,2.641955
1610679495429,-3.040161
1610679495524,-1.010344
1610679495619,3.939445
1610679495714,-2.046257
1610679495809,-2.086392
1610679495904,3.743328
1610679495999,-0.615821
1610679496094,-3.050213
1610679496191,3.362736
1610679496285,0.613634
1610679496379,-3.791472
1610679496473,-0.960732
1610679496567,2.171657
1610679496661,-3.689418
1610679496755,1.131307
1610679496849,2.834399
1610679496943,-3.313467
1610679497037,-0.267255
1610679497131,3.523061
1610679497225,-2.643831
1610679497319,-1.383705
1610679497409,3.728993
1610679497504,-1.325075
1610679497599,-3.575348
1610679497694,3.430822
1610679497789,-0.122352
1610679497884,-3.238885
1610679497979,2.954751
1610679498074,1.498966
1610679498169,-3.709049
1610679498264,1.880905
1610679498359,2.400415
1610679498454,-3.501065
1610679498549,0.436143
1610679498645,3.340467
1610679498738,-2.760547
1610679498831,-0.736188
1610679498924,3.928723
1610679499017,-1.866080
1610679499110,-2.056122
1610679499203,4.013066
1610679499296,-0.712293
1610679499389,-3.090101
1610679499482,3.479634
1610679499575,0.807571
1610679499668,-3.532490
1610679499761,2.455550
1610679499860,1.027285
1610679499956,-3.784724
1610679500052,1.219043
1610679500148,3.155326
1610679500244,-3.379790
1610679500340,-0.310046
1610679500436,3.852302
1610679500532,-2.512854
1610679500628,-1.699709
1610679500724,3.966870
1610679500820,-1.240855
1610679500916,-2.613073
1610679501012,3.845760
1610679501111,0.049077
1610679501205,-3.501178
1610679501299,2.935149
