1610679019736	-97	549	65
1610679019830	-101	548	65
1610679019924	-103	549	67
1610679020018	-100	554	68
1610679020109	-99	551	68
1610679020203	-99	550	67
1610679020297	-101	550	66
1610679020391	-101	550	71
1610679020485	-99	550	66
1610679020579	-100	547	65
1610679020673	-107	553	62
1610679020767	-106	551	57
1610679020861	-108	551	43
1610679020955	-106	550	46
1610679021049	-109	551	43
1610679021143	-110	559	67
1610679021237	-116	555	136
1610679021327	-112	563	233
1610679021421	-112	563	-103
1610679021515	-113	569	-104
1610679021609	-110	571	-107
1610679021703	-112	572	-52
1610679021797	-115	570	19
1610679021891	-112	570	-61
1610679021985	-117	570	67
1610679022079	-116	567	61
1610679022173	-126	566	49
1610679022267	-165	530	40
1610679022361	-212	501	34
1610679022455	-269	533	31
1610679022546	-60	604	22
1610679022640	-72	594	18
1610679022734	-95	526	11
1610679022828	-147	698	2
1610679022922	-55	827	-4
1610679023016	65	680	-12
1610679023110	-30	544	-27
1610679023204	-78	549	-26
1610679023298	-93	558	-34
1610679023392	-99	567	-42
1610679023486	-102	572	-43
1610679023580	-106	576	-51
1610679023674	-107	579	-52
1610679023766	-110	578	-56
