1610678699374,164.948043492,247.527091392,329.072671241
1610678699468,164.948042645,245.527099989,325.072672426
1610678699562,166.948042515,247.527101301,327.072672607
1610678699656,167.948041877,246.527107780,326.072673501
1610678699750,164.948043245,249.527093895,325.072671586
1610678699844,166.948042078,245.527105736,326.072673219
1610678699938,166.948042625,245.527100186,330.072672453
1610678700032,162.948043622,245.527090079,327.072671060
1610678700123,162.948043485,245.527091467,326.072671251
1610678700217,160.948043100,252.527095374,326.072671790
1610678700311,167.948042027,247.527106256,326.072673290
1610678700405,164.948043055,245.527095826,328.072671852
1610678700499,162.948043498,246.527091331,325.072671233
1610678700593,163.948043420,246.527092123,327.072671342
1610678700687,163.948043420,246.527092123,327.072671342
1610678700781,163.948043010,246.527096286,324.072671916
1610678700875,166.948042092,246.527105600,325.072673200
1610678700969,164.948043219,247.527094167,327.072671624
1610678701063,164.948042795,246.527098465,325.072672216
1610678701157,162.948043348,245.527092854,325.072671443
1610678701251,164.948042932,246.527097078,326.072672025
1610678701345,164.948041913,248.527107413,332.072673450
1610678701439,164.948043082,247.527095554,326.072671815
1610678701533,164.948043669,250.527089596,327.072670993
1610678701627,167.948043880,246.527087460,325.072670699
1610678701721,161.948042898,253.527097418,326.072672072
1610678701815,164.948043342,246.527092915,329.072671451
1610678701909,162.948043758,245.527088691,328.072670869
1610678702003,164.948042918,245.527097214,327.072672044
1610678702097,164.948042645,245.527099989,325.072672426
1610678702191,163.948043981,247.527086437,330.072670558
1610678702285,163.948043407,245.527092259,328.072671361
1610678702379,161.948043700,245.527089287,325.072670951
1610678702473,164.948043095,248.527095418,325.072671796
1610678702561,164.948043095,248.527095418,325.072671796
1610678702655,166.948042092,246.527105600,325.072673200
1610678702749,164.948042645,245.527099989,325.072672426
1610678702843,166.948043918,243.527087076,326.072670646
1610678702937,164.948043055,245.527095826,328.072671852
1610678703031,166.948041928,244.527107260,326.072673429
1610678703125,167.948043880,246.527087460,325.072670699
1610678703219,168.948043925,245.527087001,329.072670636
1610678703313,169.948043026,245.527096118,325.072671893
1610678703407,173.948043609,244.527090204,325.072671077
1610678703501,182.948042134,241.527105174,325.072673141
1610678703595,204.948042956,241.527096827,325.072671990
1610678703689,294.948041865,245.527107895,325.072673516
1610678703777,75.948042634,293.527100094,325.072672441
1610678703871,166.948043454,239.527091782,327.072671295
1610678703965,111.948043486,252.527091456,328.072671250
1610678704059,187.948043729,347.527088985,327.072670909
1610678704153,70.948042877,406.527097632,315.072672101
1610678704247,121.948043284,185.527093506,285.072671532
1610678704341,164.948042627,231.527100171,43.072672451
1610678704435,170.948042858,239.527097820,286.072672127
1610678704529,164.948042204,245.527104458,400.072673043
1610678704623,164.948043116,243.527095204,315.072671767
1610678704717,163.948042475,244.527101707,291.072672663
1610678704811,162.948042245,245.527104048,270.072672986
1610678704905,164.948042631,244.527100125,326.072672445
1610678704998,164.948043602,245.527090276,332.072671087
1610678705092,163.948043270,245.527093646,327.072671552
1610678705186,163.948042846,244.527097945,325.072672145
1610678705280,162.948043498,246.527091331,325.072671233
1610678705374,162.948043662,248.527089671,324.072671004
1610678705468,162.948043635,246.527089943,326.072671041
1610678705562,159.948042767,252.527098745,321.072672255
1610678705656,166.948042665,248.527099778,327.072672397
1610678705750,163.948043147,246.527094898,325.072671724
1610678705844,162.948043922,247.527087032,327.072670640
1610678705938,166.948042502,246.527101437,328.072672626
1610678706032,172.507482491,189.127372485,317.296718852
1610678706126,164.948042645,245.527099989,325.072672426
1610678706215,164.948043219,247.527094167,327.072671624
1610678706309,163.948043584,248.527090463,326.072671113
1610678706403,164.948042945,247.527096942,325.072672006
1610678706497,164.948042795,246.527098465,325.072672216
1610678706591,164.948042918,245.527097214,327.072672044
1610678706685,166.948042379,247.527102689,326.072672799
1610678706779,161.948043399,243.527092334,325.072671371
1610678706873,166.948042228,246.527104213,326.072673009
1610678706967,166.948042652,247.527099914,328.072672416
1610678707061,163.948043570,247.527090599,327.072671132
1610678707155,160.948042826,252.527098149,324.072672173
1610678707249,163.948041978,247.527106756,331.072673359
1610678707343,161.948043946,243.527086784,329.072670606
1610678707434,163.948043297,247.527093374,325.072671514
1610678707528,166.948042078,245.527105736,326.072673219
1610678707622,163.948043270,245.527093646,327.072671552
1610678707716,164.948043219,247.527094167,327.072671624
1610678707810,163.948043147,246.527094898,325.072671724
1610678707904,166.948042202,244.527104484,328.072673046
1610678707998,162.948043622,245.527090079,327.072671060
1610678708092,159.948042714,248.527099289,325.072672330
1610678708186,163.948043270,245.527093646,327.072671552
1610678708280,160.948042335,246.527103128,327.072672859
1610678708374,164.948042221,244.527104288,323.072673019
1610678708468,163.948043297,247.527093374,325.072671514
1610678708562,162.948043348,245.527092854,325.072671443
1610678708654,164.948043232,248.527094031,326.072671605
1610678708748,162.948041892,245.527107624,330.072673479
1610678708842,163.948042996,245.527096421,325.072671934
1610678708936,164.948042945,247.527096942,325.072672006
1610678709030,163.948042996,245.527096421,325.072671934
1610678709124,164.948043095,248.527095418,325.072671796
1610678709218,164.948043082,247.527095554,326.072671815
1610678709312,163.948043584,248.527090463,326.072671113
1610678709406,nan,nan,nan
