1610678705750,118.616545630,246.186686952,326.715691235
1610678705844,105.681548435,247.235782119,324.640923363
1610678705938,199.699422011,245.865489405,327.204848494
1610678706032,103.351297885,245.261821899,327.601266934
1610678706126,148.975888771,245.065915928,324.899615502
1610678706215,134.292584717,247.126316382,324.807630613
1610678706309,151.367329762,248.051965077,326.920861492
1610678706403,145.703361566,247.079377621,325.879114459
1610678706497,203.507932906,245.841595825,325.241236437
1610678706591,177.850427784,244.947139167,325.080502670
1610678706685,147.884879658,247.078630937,326.880251595
1610678706779,139.647357409,243.091948636,325.859969844
1610678706873,152.430810862,246.059931038,324.908729994
1610678706967,186.703989524,246.918946722,326.123437429
1610678707061,143.364189181,247.084886368,327.870725092
1610678707155,174.963415736,251.942560839,327.087475084
1610678707249,166.699238497,246.988896557,324.016909624
1610678707343,189.742271841,242.885880873,331.173793977
1610678707434,164.134785802,246.999445552,329.000844378
1610678707528,217.579686648,244.791938104,325.316861033
1610678707622,228.391583563,244.735122223,326.403386914
1610678707716,176.945119883,246.950863193,327.074831287
1610678707810,135.617662753,246.116752066,326.822196275
1610678707904,182.424455244,243.936550785,325.096627899
1610678707998,187.270597675,244.900161767,328.152045360
1610678708092,141.879933541,248.074537737,326.886485201
1610678708186,114.231987458,245.204723036,324.688223773
1610678708280,169.997106956,245.962989982,327.056363192
1610678708374,146.984251313,244.074108621,326.887138709
1610678708468,181.163502460,246.929397134,323.107522317
1610678708562,159.644507229,245.013802976,324.978979211
1610678708654,160.821707018,248.017187603,324.973824705
1610678708748,161.163051637,245.007556373,325.988492270
1610678708842,177.613644305,244.943999640,330.085283909
1610678708936,193.409541114,246.883136030,325.177974146
1610678709030,168.376535651,244.981996917,325.027417204
1610678709124,154.334033651,248.043874949,324.933182087
1610678709218,157.690996513,247.030065926,324.954212085
1610678709312,158.727512386,248.021688623,325.966970023
1610678709406,154.504813811,247.030831797,325.953045726
1610678709500,154.042205663,246.045075397,326.931353904
1610678709594,106.610394820,249.219620626,324.665535977
1610678709688,140.415900642,246.088787198,326.864784452
1610678709782,150.628796839,247.030321787,325.953822429
1610678709872,141.433086822,242.076375862,323.883685889
1610678709966,175.668686885,243.927319034,324.110687091
1610678710060,175.665080389,241.910879683,327.135722861
1610678710154,164.897159039,237.938719843,323.093324604
1610678710248,182.417128694,229.854309992,325.221873814
1610678710342,93.309106428,262.167383885,325.745088208
1610678710436,147.453212292,342.627916500,328.566652350
1610678710530,-45.051742248,141.094824415,326.855590270
1610678710624,-193.445300109,-463.072212075,325.109973009
1610678710718,414.013153790,-169.893101898,321.837203046
1610678710812,406.487075235,254.969201567,326.046903462
1610678710906,238.211365334,71.163672401,328.750740490
1610678711000,563.188613843,2.908726104,323.139002583
1610678711094,431.035230116,384.822972577,320.269598101
1610678711188,237.765916951,522.206640239,319.685304032
1610678711282,135.356790516,359.916261395,322.127526960
1610678711376,192.838065675,276.741512692,320.393654760
1610678711470,172.598823066,255.874130317,325.191689102
1610678711564,143.492449164,248.034996206,371.946703676
1610678711658,185.905293378,245.893437370,334.162286059
1610678711752,123.302614253,246.150956405,326.770105899
1610678711846,148.475833211,246.043291650,479.934070403
1610678711940,147.450570136,245.068076850,282.896324596
1610678712034,155.061461743,245.032655547,-456.049731693
1610678712128,151.000635516,245.053473491,367.918564302
1610678712222,169.555529252,244.973033525,244.041067707
1610678712310,188.865699202,245.893600242,144.162038018
1610678712404,225.743025725,245.746017189,251.386794783
1610678712498,170.773835530,246.963908419,295.054964488
1610678712592,164.664996377,248.009605146,307.985372158
1610678712686,235.057264086,244.699475543,315.457673855
1610678712780,225.356112343,247.751722322,320.378106339
1610678712874,207.074439022,244.826924836,321.263579138
1610678712968,158.284618689,250.027624034,322.957930885
1610678713062,151.732328106,248.054577186,324.916883466
1610678713156,167.094229087,246.958476919,325.063236213
1610678713250,163.638861302,244.001485561,323.997737614
1610678713344,155.590765773,245.038705323,327.941054999
1610678713438,96.117180844,246.283352683,325.568477333
1610678713529,138.107715460,248.106509118,324.837795436
1610678713623,148.125384155,247.069414518,325.894287439
1610678713717,189.966621630,248.897298640,326.156405665
1610678713811,124.100971992,247.164126509,324.750048921
1610678713905,166.287835251,246.982361790,329.026861533
1610678713999,109.341222225,245.237182067,323.638791358
1610678714093,166.067603850,247.987381269,325.019217282
1610678714187,197.370446672,245.866842661,327.202787598
1610678714281,162.078160466,248.012019123,324.981695871
1610678714375,160.287626636,246.027611660,324.957949728
1610678714469,140.931038508,246.107235887,324.836688627
1610678714563,147.321436079,247.064494503,321.901780215
1610678714657,111.664215148,248.215285687,327.672137730
1610678714746,145.994604944,246.074066031,324.887203570
1610678714840,165.229689615,245.986714521,331.020232683
1610678714934,143.483393768,248.096736655,324.852678088
1610678715028,249.564618507,246.643912412,325.542291902
1610678715122,116.230474970,248.184161525,323.719537251
1610678715216,226.119333088,245.748582778,328.382887604
1610678715310,120.646016340,245.182452177,325.722140448
1610678715404,198.161405802,244.863589013,328.207742634
1610678715498,199.841530273,244.852564197,325.224532516
1610678715592,221.759381222,248.766517643,326.355574290
1610678715686,141.172694159,250.098014732,324.850731682
1610678715780,193.026389965,246.892939233,326.163044680
1610678715874,114.118037382,247.201078229,326.693774513
1610678715966,146.669973236,246.075401418,324.885169885
1610678716060,164.980576799,245.987739259,327.018672094
1610678716154,153.682785648,245.042440342,325.935366875
1610678716248,184.604743507,247.915241428,329.129080284
1610678716342,218.994195012,250.773778819,334.344516121
1610678716436,137.096215087,246.114783518,324.825194209
1610678716530,186.230249533,246.912668380,325.132998823
1610678716624,172.578828130,248.968824138,327.047478256
1610678716718,190.222152169,245.879793317,327.183064822
1610678716812,137.044113346,247.123224934,326.812338632
1610678716906,113.020226058,247.209707673,333.680632584
1610678717000,179.742298468,244.939356869,327.092354466
1610678717094,146.955591432,245.065999422,324.899488348
1610678717185,121.014511347,249.180936355,324.724448918
1610678717279,147.251172138,245.064783537,326.901340040
1610678717373,184.795942422,244.910341376,326.136542658
1610678717467,161.899088200,248.020982838,325.968044876
1610678717561,162.616208833,245.997465196,325.003860296
1610678717655,143.025499811,246.090393130,324.862338751
1610678717749,197.058833804,245.855783855,325.219629243
1610678717843,171.362919232,250.973825836,324.039861084
1610678717937,188.476504549,244.903428306,324.147070691
1610678718031,190.367379582,247.895650103,326.158916250
1610678718125,168.146052114,248.987058568,325.019708729
1610678718219,208.881015604,247.827720493,328.262367420
1610678718313,150.647090406,247.054927815,324.916349487
1610678718404,164.988929047,248.012386181,329.981136873
1610678718498,165.351819898,244.994439226,325.008468598
1610678718592,192.607868722,245.886433747,327.172951997
1610678718686,118.354019082,246.179539774,326.726575795
1610678718780,173.327376089,245.973972044,325.039638421
1610678718874,124.537500151,247.162330830,325.752783591
1610678718968,163.015516702,247.004049718,323.993832615
1610678719062,144.416920784,248.072328815,324.889849206
1610678719156,163.166148752,246.007543632,327.988511673
1610678719250,210.574398180,247.820754685,326.272975769
1610678719344,170.873707339,243.971724685,324.043060963
1610678719438,161.238651904,247.015472480,323.976436694
1610678719532,207.190746485,246.834673493,327.251778576
1610678719621,118.233763963,248.188261543,323.713293264
1610678719715,153.748313212,248.054511431,326.916983607
1610678719809,99.456059083,246.277845145,325.576864858
1610678719903,176.389696535,245.953147953,327.071351787
