1618477276796,114.597033570,330.952751027,260.993348177
1618477276890,-89.311281628,226.760454767,424.615257111
1618477276984,-62.691812095,212.569787174,456.187266035
1618477277078,120.073312808,335.667146326,269.945882886
1618477277172,-46.548612258,248.379932736,379.852579641
1618477277266,-103.740085790,196.902848251,487.806738814
1618477277360,110.882621566,325.000221174,290.089089836
1618477277454,-128.359557072,187.950311644,481.568604765
1618477277548,-120.883286716,186.712176306,497.235541924
1618477277643,88.739432517,309.571408633,316.946695436
1618477277737,31.786078901,298.618876306,305.994160277
1618477277831,-128.835827217,187.712179044,500.473676229
1618477277925,50.691155014,276.237534488,359.471239800
1618477278019,76.310628916,312.047676533,280.136552897
1618477278113,-132.835838674,187.950319404,492.044873705
1618477278207,9.404730896,257.332470953,395.043249560
1618477278301,103.406368428,324.476480728,263.469615638
1618477278395,-116.930747317,203.617245464,456.949131248
1618477278489,-25.881668013,231.712991497,430.091525088
1618477278583,-80.358747499,212.331652160,471.377935423
1618477278677,-89.311284208,221.522322310,430.091525140
1618477278771,-70.168080235,214.807921264,458.187266062
1618477278862,120.835163210,328.714619521,266.469616344
1618477278956,-43.310462849,248.379924009,395.281381836
1618477279050,-103.740093631,197.902852666,484.806739452
1618477279144,109.882630235,320.762082384,285.850955221
1618477279238,-7.738476382,277.237543407,343.804303723
1618477279332,-121.121424738,185.712178621,493.997408349
1618477279426,81.786887338,298.618878367,323.661097941
1618477279520,43.738605183,298.618881574,314.708562767
1618477279614,-130.597697892,190.188449444,495.235542693
1618477279708,83.263167225,304.095139391,321.661096959
1618477279802,73.072487285,310.809546971,291.327223072
1618477279896,-132.835847402,189.188458228,484.044874415
1618477279990,8.166599253,256.856201858,393.281383286
1618477280079,102.168246024,322.238340340,273.422150339
1618477280173,-114.930756274,199.379116597,462.663533705
1618477280267,-21.167256084,228.236717935,433.329658168
1618477280361,117.597038053,322.238346774,258.755213903
1618477280455,-90.311273711,223.284182490,428.615256467
1618477280549,-62.691817895,214.569790439,462.425400417
1618477280643,115.597027982,329.952754173,272.184018179
1618477280737,-44.548621028,251.618071583,388.328848173
1618477280831,115.597021207,325.714624078,264.707750912
1618477280925,112.358901510,319.762080438,291.327222759
1618477281019,-11.976590254,272.523130397,344.042436002
1618477281113,-126.121426008,191.188447155,498.473676272
1618477281207,84.263148347,299.618882202,319.946696767
1618477281298,36.024231699,291.904463943,312.470426559
1618477281393,-133.835847023,188.950324105,501.949945660
1618477281488,50.691145972,279.475673488,350.756838808
1618477281583,68.596222641,318.762080822,281.374687176
1618477281678,-135.073963691,195.664716126,482.568605163
1618477281773,14.881021907,257.332457895,386.566979854
1618477281868,99.930094490,326.714618082,265.469616136
1618477281963,3.690337627,281.951939194,337.089901136
1618477282058,-32.119787827,231.236715741,427.853390032
1618477282153,120.073305405,337.905284404,257.993347850
1618477282248,-82.596875438,226.998586164,422.138988930
1618477282343,-63.691809865,206.855384190,462.425399763
1618477282438,117.073303479,331.952749850,272.184017554
1618477282529,-44.786746875,249.141799225,378.614445789
1618477282622,-97.025670631,197.664706779,481.568603812
1618477282715,117.597036666,321.000213646,286.327222657
1618477282808,-3.262191538,275.999399912,348.280570157
1618477282901,-119.407018450,190.188443873,491.997407978
1618477282994,92.977570515,305.095138512,319.184829013
1618477283087,-114.168896061,210.855387726,463.187266365
1618477283180,-128.359557222,179.997776090,497.997408233
1618477283273,52.929275778,280.237541889,352.756839142
1618477283366,70.596218375,305.333279767,281.136553614
1618477283459,-122.883296013,195.664717178,482.092337496
1618477283552,12.881008531,265.332465427,395.281382671
1618477283645,95.453837065,324.476478321,267.945883109
1618477283735,-110.692618904,201.379114649,460.425399514
1618477283829,-29.881677898,232.474863153,425.615258074
1618477283923,117.835160519,327.952754946,261.231482653
1618477284017,-87.311280734,222.522320354,426.615257039
1618477284111,-65.929956592,211.569793135,466.901668625
1618477284205,-103.978227414,192.426584775,495.997408989
1618477284299,-40.548622761,248.379938650,392.805116133
1618477284393,-101.740082870,187.950310969,488.283006395
1618477284487,114.120754245,320.000221868,287.850956027
1618477284581,-8.738448478,269.523125968,344.804301453
1618477284675,-115.407021936,177.997776288,496.235542171
1618477284769,92.501280570,299.095150970,313.708562995
1618477284863,42.786085519,293.380738671,309.232293648
1618477284955,-122.835843784,185.712188372,499.473677578
1618477285049,79.119960931,282.713800922,355.756837872
1618477285143,99.072503804,310.571403761,280.898418272
1618477285237,-85.597704708,194.712185463,489.283007610
1618477285331,123.453015288,326.190073401,357.233106364
1618477285425,175.453830718,415.714615804,269.707749716
1618477285519,-33.930762714,363.902852405,463.425400320
1618477285613,-17.881662594,495.474854536,434.329658557
1618477285707,-29.164847281,497.667161066,268.469617197
1618477285801,-168.311294804,185.284194367,430.853392093
1618477285895,-69.453673460,139.331650604,465.187265651
1618477285989,204.835178350,374.190878816,283.184016840
1618477286083,-128.024875246,400.903662197,408.328847066
1618477286173,-114.787565816,214.188455342,551.806740089
1618477286288,94.835162468,323.000218211,354.374687679
1618477286403,-24.738465481,274.761269451,434.756838474
1618477286518,112.311418909,339.667161983,200.184019058
1618477286633,83.977549040,302.095150603,229.470429032
1618477286748,30.786078757,291.904474659,286.946695926
1618477286863,-137.835833650,181.474048757,523.473676753
1618477286978,57.643685316,282.713805311,323.994972416
1618477287093,73.072486842,303.333279402,233.089089199
1618477287208,-130.359560839,185.712179855,450.806738981
1618477287323,18.595410854,257.332465092,384.043248713
1618477287438,97.930098319,324.238348108,270.422151462
1618477287553,-117.168884951,198.902845832,455.425399370
1618477287672,-23.167275187,233.712996509,423.377124084
1618477287750,109.358902744,330.952749291,251.755214017
1618477287828,43.976744326,300.857012536,306.232294522
1618477287906,-68.929927986,211.331643120,462.901666297
1618477287984,120.835154444,331.190892276,276.660286604
1618477288062,-56.739274020,254.856196171,395.519516373
1618477288140,-104.740089309,201.379118051,488.283006919
1618477288218,105.644492081,319.523950865,280.374687748
1618477288296,-7.738472045,274.999407056,350.756839008
1618477288374,-123.883292683,187.950313575,498.473676319
1618477288452,86.501292177,308.809546163,321.422963778
1618477288530,39.500488031,296.380738229,318.184829222
1618477288608,-137.312085875,187.950307795,503.949943303
1618477288691,61.881821181,281.713804210,352.756838347
1618477288784,-90.311282248,215.569785569,435.567792800
1618477288877,-132.835844534,187.712188794,486.044874182
1618477288970,18.119145879,259.570597400,392.043248482
1618477289063,89.453831978,328.714615095,277.184017432
1618477289156,-111.692616560,205.617247239,470.139801052
1618477289249,-22.167269643,239.189261206,425.615257543
1618477289342,114.358904305,332.952748412,262.231481709
1618477289435,-90.311284832,226.760456571,428.853391282
1618477289528,-67.929952026,213.569790564,461.663534344
1618477289621,119.073302533,327.714616473,271.184017631
1618477289714,-45.548621596,247.379937994,388.805116038
1618477289807,-101.501941273,190.188440550,483.806737951
1618477289906,-128.359570497,186.712185293,492.997409314
1618477290001,-5.262188867,271.523130589,347.280569939
1618477290096,-128.359561770,186.712180380,499.473676422
1618477290191,84.263149942,304.095149122,315.422964456
1618477290286,32.786084434,294.142605372,316.946695464
1618477290381,-136.312091038,179.997775065,498.473675904
1618477290476,56.167407775,275.999409056,354.994973207
1618477290571,73.072486699,313.047681211,286.612821392
1618477290666,-134.835826268,190.188446328,488.283006605
1618477290761,10.404747262,257.332461739,396.757649957
1618477290856,102.168226063,329.952753307,271.184018054
1618477290951,-121.645153313,206.855381776,459.187265505
1618477291046,16.880995318,256.332472866,405.233919384
1618477291146,115.835174396,326.952747132,265.469615433
1618477291239,-90.311298091,225.760464036,428.853392361
1618477291332,-75.406211966,208.093518309,470.377935431
1618477291425,119.073291412,331.190890554,271.422152446
1618477291518,-52.262999360,248.379924500,388.805114088
1618477291611,-102.501949351,190.188445098,495.997408155
1618477291704,105.644503230,317.762078497,291.327222478
1618477291797,-5.262210166,267.523142581,355.994973401
1618477291890,-127.359569372,185.712184660,499.235543132
1618477291983,88.739437307,302.095138117,318.422962865
1618477292076,39.500494474,296.142600692,312.470426969
1618477292169,114.358913150,326.476475613,284.374686174
1618477292262,54.691152836,273.999401805,353.233106068
1618477292361,78.548761855,313.285810989,280.136552976
1618477292456,-129.597685765,193.426576526,484.044872159
1618477292551,10.881017060,262.332460624,398.757649796
1618477292646,99.930093494,330.714618643,267.707750126
1618477292741,-114.930746234,207.617244854,463.425398979
1618477292836,-34.357949062,230.998597217,438.805927893
1618477292931,115.597036703,332.190883172,258.993347922
1618477293026,-80.120615826,228.236724695,424.615257416
1618477293121,-78.120621103,213.331656390,468.139802125
1618477293216,118.073296464,328.714619890,276.660285944
1618477293311,75.548760237,321.000213628,281.136553108
1618477293406,-107.978229827,190.188452225,497.997409186
1618477293501,108.882629596,316.523948834,290.089089183
1618477293595,3.690348653,276.999397348,346.042435877
1618477293689,-130.597706373,187.712186400,496.473677293
1618477293783,90.977568170,303.095139832,330.613632660
1618477293877,39.500468738,295.142615183,303.756027335
1618477293971,-135.073967521,187.712182644,492.997408931
1618477294065,44.976756603,272.761264802,350.994971711
1618477294159,80.786881782,311.047684952,287.850955842
1618477294253,-129.359564139,193.426583442,486.044873159
1618477294347,9.404740625,253.618063747,404.233918316
1618477294441,-46.786722860,242.665517885,385.090711653
1618477294535,-116.692628325,208.617253863,464.425400281
1618477294629,-41.834210318,233.712995251,441.044061269
1618477294723,119.073295402,330.952754398,261.707750393
1618477294814,-81.596884435,224.998591230,429.615257481
1618477294909,-73.644339452,206.855380783,477.092336637
1618477295004,121.073306249,326.714614381,272.184017329
1618477295099,-33.596071465,253.618063743,385.328847040
1618477295194,-107.216358614,191.188449340,488.521140950
1618477295289,108.120780994,313.047671169,292.565355578
1618477295384,-3.024062815,273.999402832,342.280570579
1618477295479,-128.359561667,186.712180321,511.664345961
