1618476501305,1.032699
1618476501399,-2.576977
1618476501493,-0.000353
1618476501587,0.654838
1618476501681,-1.209576
1618476501775,0.307162
1618476501869,2.361223
1618476501963,-0.136212
1618476502059,-1.758693
1618476502153,2.026113
1618476502247,0.237708
1618476502341,-1.426551
1618476502435,1.439184
1618476502529,1.418149
1618476502623,-0.936716
1618476502717,-0.547472
1618476502811,2.623364
1618476502905,-0.334545
1618476502999,-1.641065
1618476503093,1.397283
1618476503187,-1.236715
1618476503277,-1.086509
1618476503372,3.093698
1618476503467,2.145518
1618476503562,-2.934023
1618476503657,-0.870771
1618476503752,0.191897
1618476503847,-1.395825
1618476503942,0.652489
1618476504037,3.488944
1618476504132,-2.346031
1618476504227,-2.269974
1618476504322,2.275387
1618476504417,2.227368
1618476504514,-1.741771
1618476504608,-1.657055
1618476504702,-0.297849
1618476504796,-0.515028
1618476504890,1.317064
1618476504984,1.324519
1618476505078,-1.527047
1618476505172,-2.367526
1618476505266,2.187398
1618476505360,1.070088
1618476505454,-0.469799
1618476505548,-1.167571
1618476505642,-1.681412
1618476505735,-1.233581
1618476505830,2.578125
1618476505925,1.744292
1618476506020,-1.374917
1618476506115,-2.192302
1618476506210,0.539814
1618476506305,1.528254
1618476506400,1.940978
1618476506495,0.195545
1618476506590,-1.742244
1618476506685,-1.165674
1618476506780,2.420746
1618476506875,3.059601
1618476506967,0.124417
1618476507061,-1.524329
1618476507155,-0.963575
1618476507249,-0.579080
1618476507343,2.520494
1618476507437,1.410599
1618476507531,-2.964348
1618476507625,-2.055694
1618476507719,0.092173
1618476507813,0.977965
1618476507907,0.072593
1618476508001,0.513277
1618476508095,-1.531912
1618476508185,-1.926275
1618476508280,3.182282
1618476508375,2.126619
1618476508470,-1.365030
1618476508565,-1.118596
1618476508660,-0.540822
1618476508755,-0.167896
1618476508850,2.521789
1618476508945,1.518681
1618476509040,-2.647616
1618476509135,-2.333492
1618476509230,0.526098
1618476509325,1.056540
1618476509419,0.464713
1618476509513,-0.879017
1618476509607,-0.473861
1618476509701,-1.298158
1618476509795,1.959021
1618476509889,2.236466
1618476509983,-1.787307
1618476510077,-1.987912
1618476510171,-0.548382
1618476510265,0.549206
1618476510359,0.845972
1618476510453,0.857329
1618476510547,-1.463189
1618476510641,-3.113119
1618476510735,1.104215
1618476510829,1.548954
1618476510923,-0.721814
1618476511017,-0.908332
1618476511111,-1.684655
1618476511205,-1.075855
1618476511299,1.782067
1618476511393,2.027858
1618476511487,-2.407523
1618476511581,-3.184098
1618476511675,1.859593
1618476511769,1.446202
1618476511866,2.743830
1618476511960,1.083031
1618476512054,-1.348520
1618476512148,-5.038202
1618476512242,-3.152331
1618476512336,-6.316183
1618476512430,-8.803783
1618476512524,-4.216377
1618476512618,-0.397058
1618476512712,1.585409
1618476512806,3.054112
1618476512900,-4.270060
1618476512994,-3.044697
1618476513083,-3.376246
1618476513177,-1.115300
1618476513271,-0.209650
1618476513365,-0.022335
1618476513459,0.231307
1618476513553,-1.982408
1618476513647,-2.377567
1618476513741,2.761567
1618476513835,3.429877
1618476513929,0.376810
1618476514023,-3.099579
1618476514117,-1.425122
1618476514211,0.078565
1618476514305,3.317618
1618476514399,0.583587
1618476514493,-1.795133
1618476514587,-1.901183
1618476514681,1.617314
1618476514775,0.639373
1618476514869,-0.387805
1618476514963,0.747139
1618476515057,-1.812314
1618476515151,-3.026571
1618476515245,2.843565
1618476515339,2.686263
1618476515433,-0.045725
1618476515530,-2.958293
1618476515626,-0.940646
1618476515722,-0.370896
1618476515818,1.078154
1618476515914,1.555078
1618476516010,-2.207887
1618476516106,-2.966815
1618476516202,0.815653
1618476516298,1.871869
1618476516394,0.700813
1618476516490,-1.025842
1618476516586,-2.340886
1618476516682,-2.600654
1618476516781,3.082445
1618476516873,3.019126
1618476516965,-0.960428
1618476517057,-1.220654
1618476517149,-0.640589
1618476517241,0.243818
1618476517333,1.753150
1618476517425,1.529636
1618476517517,-3.459250
1618476517609,-2.880893
1618476517701,1.926574
1618476517793,1.565622
1618476517885,-0.289646
1618476517983,-1.213617
1618476518077,-1.476654
1618476518171,-1.375037
1618476518265,1.866414
1618476518359,1.630381
1618476518453,-2.637799
1618476518547,-2.480856
1618476518641,1.285407
1618476518735,1.051992
1618476518829,1.621949
1618476518923,0.298792
1618476519017,-3.090754
1618476519111,-3.669429
1618476519200,1.961313
1618476519295,1.311341
1618476519390,-0.482695
1618476519485,-2.142108
1618476519580,-1.562975
1618476519675,-2.005044
1618476519770,2.159380
1618476519865,2.708322
1618476519960,-2.242695
1618476520055,-1.890348
1618476520150,1.255511
1618476520245,0.443791
1618476520340,2.454744
1618476520436,0.714708
1618476520530,-1.969855
1618476520624,-1.566361
1618476520718,2.749331
1618476520812,1.952814
1618476520906,-0.577040
1618476521000,-1.626744
1618476521094,-1.243961
1618476521188,0.410736
1618476521282,2.853067
1618476521376,2.782313
1618476521470,-2.075364
1618476521564,-2.598162
1618476521655,0.553924
1618476521750,0.990036
1618476521845,1.522270
1618476521940,0.568402
1618476522035,-3.196055
1618476522130,-2.935282
1618476522225,2.171236
1618476522320,2.026350
1618476522415,-0.740765
1618476522510,-1.692599
1618476522605,-1.516825
1618476522700,1.052568
1618476522795,1.204853
1618476522891,2.245132
1618476522985,-2.221170
1618476523079,-2.444510
1618476523173,1.720456
1618476523267,1.508435
1618476523361,1.988166
1618476523455,-0.660558
1618476523549,-1.472161
1618476523643,-2.817506
1618476523737,3.039514
1618476523831,1.266822
1618476523925,-0.939982
1618476524019,-2.486630
1618476524108,-2.024331
1618476524202,-1.411537
1618476524296,1.333788
1618476524390,2.385045
1618476524484,-2.327527
1618476524578,-3.349042
1618476524672,1.876261
1618476524766,1.594490
1618476524860,1.242001
1618476524954,-0.031777
