1610678675171,-2.527761
1610678675265,0.043179
1610678675359,0.015066
1610678675453,0.046306
1610678675547,0.016654
1610678675641,0.015066
1610678675735,0.075479
1610678675829,0.046835
1610678675919,0.152458
1610678676013,-0.075630
1610678676107,0.105761
1610678676201,0.042650
1610678676295,0.065948
1610678676389,0.036775
1610678676483,0.014536
1610678676577,0.116830
1610678676671,0.016604
1610678676765,0.015595
1610678676859,0.043709
1610678676953,0.095650
1610678677047,0.054828
1610678677139,0.082942
1610678677233,0.044768
1610678677327,0.005484
1610678677421,0.055358
1610678677515,-0.093154
1610678677609,0.077067
1610678677703,-0.033220
1610678677797,-0.026815
1610678677891,0.085060
1610678677985,0.125352
1610678678079,-0.014107
1610678678173,0.035186
1610678678267,0.053769
1610678678357,0.085539
1610678678451,0.035186
1610678678545,0.053769
1610678678639,-0.031682
1610678678733,-0.013099
1610678678827,0.014007
1610678678921,0.055358
1610678679015,-0.015166
1610678679109,0.043709
1610678679203,0.025126
1610678679297,0.085590
1610678679391,0.087127
1610678679485,0.076538
1610678679578,0.044238
1610678679672,0.035186
1610678679766,-0.053920
1610678679860,0.015595
1610678679954,0.006014
1610678680048,0.026715
1610678680142,0.034178
1610678680236,-0.025756
1610678680330,0.043709
1610678680424,0.058005
1610678680518,-0.006694
1610678680612,0.047415
1610678680706,-0.049585
1610678680795,-0.064312
1610678680889,-0.094213
1610678680983,0.048425
1610678681077,-0.091565
1610678681171,-0.111157
1610678681265,-0.135514
1610678681359,-0.279789
1610678681453,-0.571996
1610678681547,-0.819725
1610678681641,-3.149386
1610678681735,-6.321854
1610678681829,-0.980296
1610678681923,-0.097288
1610678682012,3.422579
1610678682106,-0.368214
1610678682200,1.033000
1610678682294,4.694860
1610678682388,0.580421
1610678682482,-0.160575
1610678682576,-0.062190
1610678682670,-0.147162
1610678682764,-0.126461
1610678682858,-0.086220
1610678682952,-0.064989
1610678683046,-0.095751
1610678683140,0.015066
1610678683231,-0.015217
1610678683325,-0.043280
1610678683419,0.043179
1610678683513,0.017133
1610678683607,0.002358
1610678683701,-0.016225
1610678683795,-0.006165
1610678683889,0.034657
1610678683983,0.086598
1610678684077,-0.006165
1610678684171,0.043179
1610678684265,0.034127
1610678684359,0.024596
1610678684452,0.054299
