1618477666748,-277.823389482,171.006287978,502.190122135
1618477666842,-127.466377944,220.125259849,390.672367329
1618477666936,90.569133916,356.202499716,-134.356904295
1618477667030,-190.865133034,196.565772934,414.231868474
1618477667124,-155.025886167,170.006297076,430.511619236
1618477667218,115.128623203,294.803810812,-135.356903630
1618477667312,-131.466385578,232.405051794,220.755860775
1618477667402,-252.263890389,132.167046827,573.868625238
1618477667496,92.569123954,294.803801315,-59.678400735
1618477667590,-59.787875596,281.524015851,96.958355387
1618477667684,-267.543637212,121.887276369,637.267377525
1618477667778,54.729873197,280.524046796,48.839353715
1618477667872,-30.228374615,294.803766445,-9.559399103
1618477667966,-327.942389111,133.167023628,573.868624996
1618477668060,-20.948625865,221.125272945,216.755860478
1618477668154,90.569133828,354.202500195,-99.517652793
1618477668248,17.890625409,280.524026657,58.119104003
1618477668342,-104.906880268,181.286026386,417.231868515
1618477668436,89.569127809,332.643031882,-136.356903948
1618477668530,-239.984130654,198.565749175,416.231868226
1618477668621,-191.865140013,169.006309834,500.190122364
1618477668715,102.848878214,320.363281891,-135.356903943
1618477668809,-152.025884196,196.565787373,249.315361638
1618477668903,-239.984131817,122.887252495,589.148375279
1618477668997,93.569123228,296.803805256,-61.678400694
1618477669091,-80.347377824,246.684771033,98.958355457
1618477669185,-287.103142623,87.048048831,603.428126278
1618477669279,51.729874299,282.524040809,107.238106147
1618477669373,117.128621545,380.762073308,-124.077153037
1618477669467,-275.823391607,86.048046026,637.267377746
1618477669561,-17.948627483,232.405032229,217.755860570
1618477669655,54.729871964,354.202556481,-88.237901705
1618477669749,-253.263880021,159.726491529,553.309123651
1618477669838,-130.466378246,231.405011987,354.833115849
1618477669933,108.848873503,353.202558965,-138.356903676
1618477670028,-251.263886033,158.726524175,378.392617006
1618477670123,-178.585385333,144.446786132,503.190122127
1618477670218,130.408380118,378.762029470,-136.356903995
1618477670313,-169.305633028,207.845528821,267.874862541
1618477670408,-240.984133680,119.887262612,576.868624886
1618477670503,53.729876798,294.803777742,-74.958151481
1618477670598,-67.067636564,267.244322193,110.238106481
1618477670693,-325.942392614,108.607541652,625.987627191
1618477670788,54.729874372,293.803790912,48.839353648
1618477670883,-6.668879068,294.803796044,-14.559398794
1618477670978,-251.263885145,110.607517353,603.428125939
1618477671073,5.610878751,270.244255303,196.196359275
1618477671168,52.729875670,307.083534365,-136.356903912
1618477671263,-262.543643888,145.446813611,547.029373911
1618477671358,-96.627134428,208.845552680,330.273615286
1618477671453,91.569129334,330.643023601,-147.636654534
1618477671548,-232.704390310,183.286053814,419.231868802
1618477671643,-158.025886001,233.405048673,267.874862739
1618477671738,92.569128515,319.363277544,-146.636654488
1618477671833,-129.466384511,181.286044005,269.874862711
1618477671928,-244.984138324,122.887287827,544.029373652
1618477672023,53.729878427,343.922770892,-88.237902072
1618477672118,-80.347374412,233.405002007,122.517856262
1618477672213,-264.543638099,84.048029688,599.428126078
1618477672307,40.450126837,293.803774821,62.119103979
1618477672401,-7.668877695,306.083539088,-26.839149371
1618477672495,-303.382885149,134.167007538,626.987626824
1618477672589,-20.948626719,268.244279578,195.196359529
1618477672683,56.729870628,330.643062742,-138.356903626
1618477672777,-278.823385459,109.607513639,594.148375401
1618477672871,-121.186630363,172.006273693,355.833115997
1618477672965,89.569123639,343.922805020,-132.356903712
1618477673059,-213.424632630,182.286014827,452.071119892
1618477673153,-179.585383339,169.006276304,502.190122013
1618477673247,114.128631859,328.643015312,-160.916405120
1618477673341,-167.305638732,234.405060793,255.595112366
1618477673435,-239.984134846,145.446769940,576.868624952
1618477673529,77.289376735,306.083534005,-87.237901919
1618477673623,-57.787875119,281.524013261,98.958355360
1618477673717,-267.543637085,86.048024179,613.707876519
1618477673811,53.729872685,292.803800072,45.839353744
1618477673905,-254.263882989,123.887256151,601.428125816
1618477673999,-306.382894882,127.887309886,573.868625380
1618477674093,-33.228376282,255.964524001,208.476109975
1618477674187,53.729875253,331.643037630,-97.517652391
1618477674281,-291.103144110,143.446809398,519.469872869
1618477674375,-130.466382117,195.565781504,391.672367566
1618477674469,115.128627694,343.922788422,-160.916404883
1618477674563,-226.704392348,184.286064880,391.672367920
1618477674657,-203.144886358,158.726536776,502.190122128
1618477674746,126.408379599,365.482281785,-123.077153466
1618477674840,-169.305636524,232.405048801,232.035611243
1618477674934,-264.543639050,134.167036848,613.707876631
1618477675028,-117.186632372,207.845536098,370.112866610
1618477675122,-30.228379749,294.803794321,98.958355680
1618477675216,-266.543632663,122.887251670,627.987626767
1618477675310,2.610878682,267.244255673,85.678604787
1618477675404,41.450127432,294.803771588,-58.678401046
1618477675498,-313.662639220,97.327775434,612.707876527
1618477675592,-43.508123260,231.405003882,219.755860274
1618477675686,81.289375761,356.202541289,-174.196155358
1618477675780,-266.543634662,148.446763519,482.630620892
1618477675874,-119.186636006,169.006304333,427.511619312
1618477675965,130.408378537,369.482287554,-169.196155402
1618477676059,-231.704388926,219.125297797,328.273615230
1618477676153,28.170376820,289.803772203,82.678604949
1618477676247,87.569123805,292.803802124,-138.356903721
1618477676341,-105.906877304,231.405012293,156.357107866
1618477676435,-255.263880401,110.607491599,600.428125669
1618477676529,103.848876008,318.363293866,13.000102171
1618477676623,-34.228376635,291.803777411,24.279852509
1618477676717,-292.103138787,119.887279503,614.707876559
1618477676811,-9.668873985,267.244267448,144.077357406
1618477676905,51.729874287,315.363292375,-51.398650340
1618477676999,-281.823391691,106.607547478,538.029373758
1618477677093,-99.627128094,229.405019289,295.434363430
1618477677186,98.848880135,379.762023955,-162.916405050
1618477677279,84.569129293,338.922774321,-125.077153534
1618477677372,-165.025881199,167.006270105,454.071119952
1618477677465,117.408374696,331.643056912,-136.356903687
1618477677558,-170.025882387,193.565777554,294.434363532
1618477677651,-261.984137237,135.167032423,540.029373590
1618477677744,84.128624199,314.083555900,-101.517652190
1618477677837,-130.347383857,282.964554289,131.797607297
1618477677930,-344.103139162,220.607531036,588.148375583
1618477678023,12.890624988,413.803779440,58.119104027
1618477678116,81.331120898,263.363297225,-27.839149291
1618477678209,-382.263892543,211.887308022,623.987627357
1618477678302,-85.948621635,535.405000479,205.476109739
1618477678401,168.170375508,210.803779329,-76.958151464
1618477678495,-132.823388122,49.726530094,537.029373556
1618477678589,-22.627130289,-71.434220287,352.833116050
1618477678683,38.569126187,-31.356959312,-126.077153357
1618477678777,-382.865131633,-11.434234672,403.952117896
1618477678871,-232.865141045,142.006315435,462.350870925
1618477678965,151.128630658,169.803770333,-130.077153554
1618477679059,-41.466383135,163.405038532,190.196359638
1618477679153,-214.984136607,-3.112721500,613.987627048
1618477679247,68.569123404,197.524053801,-30.559398707
1618477679341,-56.228379671,185.684791902,11.559603180
1618477679435,-314.103137659,54.327772376,630.106628991
1618477679529,-154.466382966,198.405037612,117.357108131
1618477679620,16.450130099,283.083507609,-95.517652695
1618477679714,-319.382887567,124.446771167,453.148375464
1618477679808,-107.627130046,204.125279389,536.434363540
1618477679902,78.569130299,354.482269856,-60.196155587
1618477679996,-223.424637911,138.446792003,561.231868694
1618477680090,-198.865135198,226.405036182,738.630621092
1618477680184,86.569124495,325.643049870,96.643096240
1618477680278,-135.466385723,200.845551585,334.874862780
1618477680372,-265.543632841,145.446753633,491.148375280
1618477680466,91.569127327,278.524032502,-122.678400927
1618477680560,-56.787882778,242.684803353,74.517856793
1618477680654,-207.144886202,180.286036926,389.231868626
1618477680748,29.170372048,282.524047614,64.678605220
1618477680839,43.450124295,281.524038124,-65.398650369
1618477680933,-287.103140558,121.887289114,578.148375662
1618477681027,-45.508129725,233.405038985,281.434363636
1618477681121,48.729876631,317.363279644,-143.356903967
1618477681215,-276.823395015,120.887316028,494.190122450
1618477681309,-119.186633760,196.565793138,421.511619185
1618477681403,118.128629326,354.202530061,-180.196155475
1618477681497,-167.305636835,172.006297996,310.993864754
1618477681591,-238.984134740,157.726519860,568.868624946
1618477681685,96.569125084,319.363296174,-103.517652296
1618477681779,-264.543636100,112.607519832,594.428125964
1618477681873,-254.263885556,109.607519589,608.707876461
1618477681967,91.569134300,280.523994640,19.279852171
1618477682056,30.170375972,282.524026309,-15.559398995
1618477682151,-314.662638556,122.887272826,609.707876490
1618477682246,-10.668873414,233.405012850,229.035610867
1618477682341,78.289371051,307.083564863,-172.196155090
1618477682436,-252.263882970,143.446757042,521.749622821
1618477682531,-83.347381649,209.845540304,352.833116155
1618477682626,78.289376379,304.083535936,-151.636654395
1618477682721,-179.585382053,195.565770319,352.833115951
1618477682816,-192.865132208,119.887265457,539.029373418
1618477682911,-218.424642987,108.607568062,601.428126469
1618477683006,-72.067625534,238.405010810,168.636858350
1618477683101,-254.263885939,121.887272169,648.547127980
1618477683196,52.729879910,319.363261844,22.279852335
1618477683285,-17.948629084,305.083543921,21.279852676
1618477683379,-255.263887133,172.006280647,601.428126051
1618477683473,2.610877313,230.405011612,171.636858358
1618477683567,51.729876792,306.083528273,-100.517652478
1618477683661,-264.543642410,147.446805587,539.029373827
1618477683755,-104.906879814,195.565774421,352.833115994
1618477683849,90.569127153,331.643035439,-148.636654410
1618477683943,-191.865135060,183.286033437,415.231868589
1618477684037,-122.186637334,169.006311542,426.511619387
1618477684131,136.688130319,342.922779588,-150.636654477
1618477684225,-116.186629707,234.405022626,234.035610969
1618477684319,-227.704384340,134.167019405,601.428125950
1618477684413,99.848873412,307.083557465,-14.559398680
1618477684505,-47.508122976,271.244253840,70.398854269
1618477684599,-253.263887039,109.607527642,634.267377543
1618477684693,3.610876349,257.964517841,155.357107914
1618477684787,52.729875974,294.803782217,-99.517652432
1618477684881,-306.382883425,144.446748677,574.868624729
1618477684975,-69.067628583,232.405027365,315.993864512
1618477685069,98.848877612,347.922786158,-148.636654408
1618477685163,-35.228379331,230.405039554,181.916609150
1618477685257,-152.025885262,196.565793161,487.910371680
1618477685351,139.688124461,368.482312393,-135.356903645
1618477685445,-132.466385702,221.125301969,266.874862778
1618477685539,-253.263891649,122.887303171,589.148375809
1618477685633,90.569123996,343.922803080,-52.398650238
1618477685722,-68.067624632,233.405005915,101.958355304
1618477685816,-278.823392063,111.607549498,599.428126275
1618477685910,29.170368772,307.083566400,82.678605406
1618477686004,39.450126788,317.363276084,-85.237902008
1618477686098,-275.823381520,119.887242751,573.868624678
1618477686192,-43.508132647,232.405054851,268.874862803
1618477686286,79.289379602,294.803767935,-73.958151583
1618477686380,-280.823393500,191.286060293,476.630621365
1618477686474,-179.585382110,182.286020132,451.071119947
1618477686568,98.848876115,371.482295283,-175.196155321
1618477686662,-165.305631321,196.565769054,291.434363443
1618477686756,-243.984138601,147.446790326,575.868625165
1618477686850,100.848877332,343.922787680,-40.118899900
1618477686941,-79.347379606,270.244281709,119.517856557
1618477687035,-251.263885818,119.887271509,586.148375478
1618477687129,53.729874693,272.244288174,45.839353630
1618477687223,6.610876475,271.244267656,-33.118900078
1618477687317,-266.543635168,110.607514774,625.987626910
1618477687411,90.569125630,355.202544708,-149.636654324
1618477687505,54.729876002,316.363283061,-137.356903931
1618477687599,-275.823386407,145.446770284,466.350870464
1618477687693,-129.466381517,183.286027750,438.791369528
1618477687787,115.128624440,354.202556588,-150.636654200
1618477687881,-182.585380030,182.286008836,305.714113840
1618477687975,-205.144883387,147.446770149,540.029373457
1618477688069,103.848874609,317.363301467,-100.517652241
1618477688161,-105.906881545,245.684785814,170.636858606
1618477688255,-251.263884541,97.327763579,588.148375405
1618477688349,41.450124878,293.803785454,22.279852593
1618477688443,-20.948626538,256.964528097,-15.559398966
1618477688537,79.289377511,356.202531784,-100.517652463
1618477688631,-33.228373227,233.405006412,195.196359302
1618477688725,53.729879255,342.922766397,-126.077153617
1618477688819,-274.823386010,160.726518628,515.469872437
1618477688913,-92.627129612,196.565776034,340.553365512
1618477689007,128.408374846,341.922806598,-149.636654194
1618477689101,-156.025879448,183.286011098,414.231868356
1618477689195,-182.585380638,157.726511140,504.190121860
1618477689289,88.569130441,316.363267091,-122.077153599
1618477689379,-128.466382471,232.405034926,206.476110099
1618477689473,-228.704386922,120.887282920,613.707876595
1618477689567,74.289377683,292.803778356,-16.559398979
1618477689661,-95.627126536,270.244262327,133.797606853
1618477689755,-304.382888743,147.446777549,611.707876529
1618477689849,55.729881743,233.404998395,143.077357222
1618477689943,42.450123726,306.083542211,-76.958151335
