1616035419353	188.07256	-115.366537	-61.019622
1616035419447	168.583798	-118.418332	-50.207315
1616035419541	168.691032	-108.865049	-57.250672
1616035419635	187.256105	-128.97099	-61.572076
1616035419729	170.100299	-136.631556	-70.953531
1616035419821	184.122027	-117.290949	-64.142396
1616035419915	180.93464	-116.04077	-59.065552
1616035420009	187.447567	-127.176062	-71.138545
1616035420103	178.789583	-116.821835	-65.091305
1616035420197	190.032319	-116.109231	-63.963907
1616035420291	172.239543	-108.996895	-68.373439
1616035420385	176.285999	-120.897965	-64.503121
1616035420479	180.474847	-116.102936	-60.609553
1616035420573	185.43238	-129.823584	-69.438492
1616035420667	166.384809	-124.378855	-61.821454
1616035420761	173.208956	-118.189015	-68.12046
1616035420855	185.138284	-119.976999	-66.504669
1616035420949	176.357643	-121.14789	-50.115443
1616035421040	185.928365	-115.916697	-69.88731
1616035421134	188.615993	-127.131851	-59.767956
1616035421228	188.011424	-114.384501	-65.700685
1616035421322	179.538984	-122.519225	-56.829772
1616035421416	178.6464	-120.039755	-61.156803
1616035421510	180.76171	-115.114742	-68.582275
1616035421604	175.885697	-125.966641	-56.997276
1616035421698	176.273718	-124.988964	-59.766856
1616035421792	179.080856	-113.753344	-71.939716
1616035421886	180.563671	-126.019645	-73.336266
1616035421980	172.612054	-111.802896	-52.0277
1616035422074	173.223381	-123.62962	-81.001824
1616035422168	184.310524	-116.669347	-54.884992
1616035422259	170.095516	-117.740998	-63.687644
1616035422353	188.804688	-138.366281	-70.214733
1616035422447	186.604714	-115.004144	-48.67561
1616035422541	178.387783	-123.159314	-68.918468
1616035422635	176.133656	-129.658763	-55.637466
1616035422729	174.766733	-124.789259	-57.25492
1616035422823	195.074018	-115.174589	-63.378621
1616035422917	181.155779	-115.629086	-74.178523
1616035423011	179.08876	-124.399706	-71.584504
1616035423105	172.333225	-121.101067	-63.233052
1616035423199	186.419465	-124.529782	-66.42161
1616035423293	187.642746	-120.596807	-71.213516
1616035423387	172.065517	-111.14224	-71.663453
1616035423476	182.331338	-126.101134	-56.164274
1616035423570	182.516306	-122.981289	-70.688144
1616035423664	174.226895	-122.362335	-60.951135
1616035423758	185.063707	-119.178913	-60.069158
1616035423852	181.721211	-120.209729	-60.985811
1616035423946	171.498481	-128.761531	-59.418616
1616035424040	181.121989	-131.317721	-65.549769
1616035424134	180.10371	-121.876825	-63.636535
1616035424228	182.963895	-119.083652	-63.727444
1616035424322	182.280803	-124.63028	-57.918425
1616035424416	172.384119	-119.608985	-80.807967
1616035424510	178.877313	-115.639556	-51.306915
1616035424604	180.095316	-125.141961	-67.669733
1616035424694	170.281923	-114.683973	-81.670224
1616035424788	180.582064	-119.984642	-72.73754
1616035424882	182.250953	-122.794155	-64.954754
1616035424976	179.375018	-117.46617	-58.030032
1616035425070	181.316194	-123.76453	-60.909393
1616035425164	170.125784	-105.261799	-66.687155
1616035425258	189.274149	-127.798582	-69.737155
1616035425352	176.46745	-102.4064	-71.198955
1616035425446	181.058961	-120.195015	-60.417499
1616035425540	187.741434	-122.401727	-79.939954
1616035425634	163.062821	-119.510817	-62.61545
1616035425728	175.864429	-114.602012	-52.299479
1616035425822	171.029484	-107.00382	-58.041739
1616035425917	173.059346	-114.309352	-61.402674
1616035426011	173.742965	-114.035252	-49.227404
1616035426105	170.017627	-127.279913	-38.33621
1616035426199	174.115458	-124.692516	-31.625773
1616035426293	169.167393	-124.249775	-27.343777
1616035426387	176.434205	-120.656575	-11.753913
1616035426481	178.145242	-127.251621	-10.292546
1616035426575	165.100264	-121.244287	-11.783532
1616035426669	177.950135	-118.494521	-17.259808
1616035426763	170.698897	-111.219485	-49.560742
1616035426857	172.374234	-112.328826	-58.767583
1616035426951	172.250838	-120.629738	-63.382946
1616035427045	166.943709	-119.493972	-85.910692
1616035427133	174.742761	-113.612558	-116.192719
1616035427227	169.571192	-116.444624	-121.675867
1616035427321	168.578619	-121.729535	-130.824699
1616035427415	178.201542	-123.947718	-144.655875
1616035427509	174.763534	-115.3211	-128.646898
1616035427603	166.802562	-122.824701	-124.010484
1616035427697	176.603241	-118.282668	-107.492368
1616035427791	167.961472	-130.940193	-109.425155
1616035427885	168.121726	-121.946066	-97.159599
1616035427979	160.496871	-112.381488	-84.851667
1616035428073	148.520987	-109.239613	-88.175553
1616035428167	157.13243	-130.4422	-91.537833
1616035428261	144.996782	-104.76883	-68.661124
1616035428358	126.371125	-102.202592	-63.92103
1616035428452	136.241366	-96.232358	-53.134092
1616035428546	107.170341	-76.744064	-52.241926
1616035428640	129.677663	-60.744566	-45.097848
1616035428734	142.139932	-44.282478	-34.3198
1616035428828	167.663519	-52.766857	-35.909615
1616035428922	204.184353	-65.838341	-65.512741
1616035429016	232.581776	-75.159389	-57.009844
1616035429110	262.369824	-91.330651	-86.039139
1616035429204	289.875806	-138.523325	-98.291637
1616035429298	321.627811	-158.874169	-114.658619
1616035429392	350.513047	-200.395198	-116.1329
1616035429486	346.773202	-231.928473	-130.719748
1616035429580	299.259984	-265.217435	-133.395545
1616035429675	263.121918	-277.507787	-144.23779
1616035429770	198.679933	-273.057053	-157.586212
1616035429865	172.309487	-224.544997	-130.799262
1616035429960	146.929793	-202.731709	-105.031881
1616035430055	163.415212	-179.024092	-103.466792
1616035430150	166.457103	-161.357273	-88.612864
1616035430245	170.419235	-159.21931	-66.528088
1616035430340	167.755982	-157.436718	-67.32782
1616035430435	164.177842	-153.442682	-78.563495
1616035430530	160.731847	-139.061412	-65.721503
1616035430625	165.098439	-127.317058	-67.024349
1616035430720	165.280134	-124.045879	-65.514847
1616035430813	163.801289	-127.841136	-66.789622
1616035430907	172.973617	-137.340864	-67.741834
1616035431001	171.922282	-118.817033	-59.724507
1616035431095	171.451172	-127.655484	-64.319289
1616035431189	178.090189	-127.175792	-85.309012
1616035431283	173.199573	-126.640154	-67.60745
1616035431377	165.095579	-113.133166	-54.395143
1616035431471	171.421829	-120.953143	-62.700361
1616035431565	176.064053	-119.111978	-56.985473
1616035431659	184.532398	-134.838131	-70.343898
1616035431753	178.144682	-130.717362	-63.032487
1616035431847	179.197259	-121.968041	-55.852452
1616035431941	180.328285	-124.481524	-64.537368
1616035432033	180.61565	-121.036334	-63.675204
1616035432128	170.331554	-119.044663	-53.026303
1616035432223	176.424802	-118.462287	-53.349242
1616035432318	181.337579	-132.358411	-69.010362
1616035432413	181.489123	-124.592873	-54.759293
1616035432508	178.110741	-127.077748	-50.606685
1616035432603	177.319907	-119.324327	-57.384499
1616035432698	171.260654	-112.252002	-69.833575
1616035432793	179.574068	-128.539986	-61.505461
1616035432888	178.879662	-130.672468	-69.085657
1616035432983	182.348499	-126.339209	-63.680535
1616035433078	176.234566	-115.665864	-55.512851
1616035433173	174.574098	-105.70573	-67.46571
1616035433267	183.585645	-117.471081	-52.648211
1616035433361	182.186931	-121.931373	-54.361054
1616035433455	169.585442	-118.312363	-68.822734
1616035433549	178.66651	-111.719954	-53.056575
1616035433643	180.763734	-120.032404	-67.406323
1616035433737	176.832191	-113.525404	-72.765451
1616035433831	173.51568	-121.750285	-72.04337
1616035433925	169.35025	-126.353814	-66.57305
1616035434019	165.47707	-113.246366	-65.854753
1616035434113	184.025024	-130.388152	-61.535579
1616035434207	172.255067	-121.250245	-66.949947
1616035434301	175.81197	-113.212232	-66.499637
1616035434395	184.364504	-111.296281	-70.218208
1616035434485	178.450554	-119.886068	-64.0112
1616035434580	171.539696	-130.236024	-50.916773
1616035434675	183.133243	-126.01418	-57.179854
1616035434770	186.419924	-119.052007	-68.994111
1616035434865	183.877732	-119.843252	-62.242355
1616035434960	186.966998	-123.880818	-69.872314
1616035435055	187.102971	-116.679964	-59.956017
1616035435150	175.457492	-116.739501	-52.124198
1616035435245	168.017976	-118.528792	-72.615434
1616035435340	180.27968	-123.617179	-55.116526
1616035435435	170.955229	-128.410602	-66.141704
1616035435530	177.009552	-115.864632	-70.801123
1616035435625	177.781127	-119.830551	-68.917119
1616035435720	190.228157	-117.13096	-62.894181
1616035435814	177.37513	-133.507141	-58.646443
1616035435908	178.748684	-123.071453	-70.073825
1616035436002	173.013547	-124.178001	-64.133131
1616035436096	172.407371	-106.483486	-57.791092
1616035436190	181.010262	-109.044424	-70.725675
1616035436284	166.935158	-121.485804	-61.670677
1616035436378	171.417702	-120.833531	-61.773784
1616035436472	177.41065	-120.689032	-68.194936
1616035436566	178.273522	-128.618428	-57.428961
1616035436660	183.920096	-110.918073	-62.525223
1616035436754	187.582482	-126.656621	-60.766798
1616035436848	175.837643	-120.76274	-65.932318
1616035436941	165.15036	-124.647275	-64.550715
1616035437036	176.532939	-122.998349	-66.294546
1616035437131	180.835401	-121.304547	-62.426664
1616035437226	183.015441	-119.790358	-62.788769
1616035437321	171.426177	-125.284057	-73.536404
1616035437416	179.038573	-116.908127	-83.036893
1616035437511	177.037046	-132.836105	-70.773056
1616035437606	181.82227	-127.632591	-60.427361
1616035437701	165.307017	-118.157518	-60.786273
1616035437796	175.448554	-122.8523	-74.558101
1616035437891	195.690249	-127.208698	-67.063404
1616035437986	183.096505	-116.781879	-65.900581
1616035438081	182.839964	-120.685679	-60.849514
1616035438174	190.013162	-110.111472	-57.957914
1616035438268	184.930409	-130.525128	-59.413664
1616035438362	169.48957	-119.613895	-69.591149
