1618477949420	-15.111458	259.61565	321.46044
1618477949514	-21.499398	243.71974	317.992269
1618477949608	-21.48082	248.218777	321.941769
1618477949699	-12.727141	237.749104	318.503827
1618477949794	-3.442051	241.006172	323.093772
1618477949889	-18.080854	264.223793	314.796441
1618477949984	-17.882103	238.340042	314.746204
1618477950079	-24.89281	267.007155	315.362266
1618477950174	-18.3046	253.723809	320.014686
1618477950269	-10.512652	247.407394	321.428748
1618477950364	-12.571936	241.815777	321.027775
1618477950459	-20.091684	265.059022	325.256456
1618477950554	-17.955717	249.945701	308.471758
1618477950649	-20.933401	244.429644	317.707258
1618477950744	-27.230199	237.103383	314.193208
1618477950839	-22.907099	268.935904	326.097858
1618477950935	-24.642706	241.622198	327.580909
1618477951029	-16.543999	257.84641	327.340186
1618477951123	-12.450164	240.351578	319.747157
1618477951217	-15.240675	252.731593	317.277647
1618477951311	-13.957535	245.017499	323.145073
1618477951405	-23.078295	222.071662	316.642945
1618477951499	-15.07914	254.843153	336.003083
1618477951593	-21.798578	255.703548	322.020375
1618477951687	-23.847971	261.681865	310.530693
1618477951781	-16.665484	232.072694	317.261427
1618477951875	-15.651571	244.200639	316.221153
1618477951969	-14.899911	258.931918	321.371179
1618477952063	-8.463073	246.615983	319.639769
1618477952154	-21.427858	233.52784	329.664867
1618477952248	-26.052323	243.221391	325.317191
1618477952342	-20.685378	251.839921	323.013654
1618477952436	-17.002738	254.295814	317.554099
1618477952530	-7.404288	238.033215	314.9791
1618477952624	-10.939131	240.189657	314.479696
1618477952718	-15.355073	276.866292	320.138102
1618477952812	-18.587157	270.815706	319.790883
1618477952906	-12.32239	244.743098	324.34815
1618477953000	-15.27939	232.554911	323.223043
1618477953094	-4.448863	240.336359	317.242736
1618477953188	-34.851448	243.984651	320.183808
1618477953282	-8.742176	240.317679	319.48465
1618477953371	-21.873477	249.030511	323.970599
1618477953466	-8.09691	243.050871	318.401956
1618477953561	-23.931389	248.46072	324.002347
1618477953656	-8.863387	243.462872	318.793773
1618477953751	-6.926243	238.533245	321.197249
1618477953846	-19.865763	257.724756	323.630747
1618477953941	-12.906311	264.804535	320.743335
1618477954036	-23.866436	228.625497	312.791848
1618477954131	-18.899287	226.675821	315.607048
1618477954226	-18.717929	240.341589	313.445652
1618477954321	-6.631889	262.207963	313.688663
1618477954416	-14.612527	235.282274	322.659004
1618477954511	-23.057085	233.242088	315.035036
1618477954605	-20.755317	253.989859	313.031392
1618477954700	-28.896067	276.514905	323.677684
1618477954795	-14.579206	267.691813	321.638786
1618477954890	-12.810801	248.990807	317.367495
1618477954985	-18.984923	247.022812	319.970592
1618477955080	-2.142419	260.022823	315.926909
1618477955175	-7.867548	243.596947	321.686281
1618477955270	-12.793014	256.676381	315.797205
1618477955365	-6.938011	242.869364	331.638934
1618477955460	-20.088231	246.920351	301.815112
1618477955555	-11.414815	250.047945	313.934578
1618477955650	-20.581384	233.087579	318.553457
1618477955745	-11.161346	231.632018	320.570653
1618477955839	-24.312152	234.293597	324.218152
1618477955933	-17.562295	218.123249	321.449582
1618477956027	-23.776699	235.006418	304.490694
1618477956121	-8.864252	226.402523	313.95509
1618477956215	-10.922092	256.18041	309.292404
1618477956309	-14.775177	242.629541	301.84077
1618477956403	-15.255146	261.792502	297.656407
1618477956497	-20.796758	229.434341	274.846399
1618477956591	-20.495279	250.441196	278.471529
1618477956685	-9.252026	229.464191	302.105066
1618477956779	-13.120855	220.61906	319.209134
1618477956873	-23.557921	254.707943	316.721794
1618477956967	-14.09667	229.322517	342.471804
1618477957060	-24.835287	258.77677	334.783657
1618477957154	-18.802072	244.831327	325.467852
1618477957248	-20.952109	248.101118	305.102104
1618477957342	-30.417521	246.004131	304.296898
1618477957436	-28.708002	260.52226	279.243593
1618477957530	-19.066327	245.866691	277.215429
1618477957624	-32.563063	230.404742	256.421094
1618477957718	-32.155485	264.967579	293.03944
1618477957812	-28.528092	257.229286	340.047768
1618477957906	-31.748793	240.364983	361.74159
1618477958000	-33.184019	247.61762	358.413011
1618477958094	-25.218053	247.777341	354.305956
1618477958188	-68.429191	226.906596	371.604742
1618477958278	-47.888914	243.625312	364.197199
1618477958373	-65.186397	258.824412	381.363334
1618477958468	10.274325	261.07919	368.640951
1618477958563	-79.350586	235.048797	345.669542
1618477958658	-68.805891	337.279651	410.456075
1618477958753	68.197016	322.102433	369.283924
1618477958848	60.583081	250.414753	330.637673
1618477958943	35.889613	195.254639	304.285346
1618477959038	-28.936593	202.90562	292.172604
1618477959133	-56.631654	212.160155	314.201855
1618477959228	-96.362088	207.566023	328.060993
1618477959323	-137.369455	264.997377	378.504021
1618477959418	-192.141392	373.203435	441.460647
1618477959513	-54.85268	443.385497	494.902099
1618477959607	-34.210287	399.836446	436.14701
1618477959701	64.981439	433.892058	432.082979
1618477959795	46.753877	335.334548	388.261505
1618477959889	68.617253	341.800242	349.91515
1618477959983	73.049291	313.374946	350.298486
1618477960077	59.324555	288.790182	335.844257
1618477960171	43.501553	290.088072	330.208248
1618477960265	24.865231	252.268951	323.537956
1618477960359	14.297785	255.813545	317.165147
1618477960453	2.273681	253.550061	328.156535
1618477960547	4.797701	266.211028	324.815645
1618477960641	-6.664261	246.2786	316.661874
1618477960733	-8.663316	247.116086	317.58746
1618477960827	-0.566895	266.936313	328.991856
1618477960921	-8.593863	254.054568	320.835354
1618477961015	-13.289722	239.940547	323.239825
1618477961109	-12.764276	234.266796	315.87328
1618477961203	-25.808353	243.676254	316.504856
1618477961297	-19.122301	257.785109	315.456402
1618477961391	-15.972092	244.44422	323.580304
1618477961485	-12.249906	260.957301	323.665883
1618477961579	-18.213946	248.610263	308.729253
1618477961673	-9.212139	252.528256	317.690886
1618477961767	-20.637245	238.668967	323.587264
1618477961861	-11.966086	240.910235	323.017756
1618477961950	-16.613098	239.098881	320.176071
1618477962044	-22.961875	231.296657	323.230246
1618477962138	-13.136693	249.101684	325.67158
1618477962232	-4.328943	249.302127	311.655441
1618477962326	-15.36786	234.014396	323.973729
1618477962420	-16.016891	259.261654	328.364608
1618477962514	-30.404265	258.916505	321.54848
1618477962608	-7.782198	246.712352	322.912923
1618477962702	-19.962024	251.5852	322.203516
1618477962796	-17.636299	266.444448	333.041646
1618477962890	-21.420464	257.489069	324.209174
1618477962984	-24.288286	259.742173	318.85799
1618477963078	-12.101903	221.737155	322.748648
1618477963169	-13.796278	243.082742	331.945273
1618477963263	-16.432633	247.159224	322.486717
1618477963357	-16.127866	247.686979	316.738478
1618477963451	-8.756144	255.113212	331.974595
1618477963545	-9.159465	240.484262	323.910582
1618477963639	-16.394123	254.918329	327.852868
1618477963733	-18.057075	261.406056	310.21362
1618477963827	-19.193793	242.261647	309.508119
1618477963921	-37.73692	277.498761	314.907205
1618477964015	-16.849701	245.594323	317.521109
1618477964109	-26.21004	240.467882	331.024778
1618477964203	-15.210194	243.684188	328.420195
1618477964297	-18.082438	255.532755	323.936485
1618477964387	-16.861696	273.39692	311.097579
1618477964481	-14.328201	237.747133	314.684797
1618477964575	-12.842068	256.132309	310.896012
1618477964669	-18.083171	257.372448	321.941252
1618477964763	-14.728538	247.304183	319.616011
1618477964857	-16.808753	219.286394	308.368383
1618477964951	-29.894431	266.559692	305.190282
1618477965045	-23.223987	248.811119	317.74147
1618477965139	-19.92194	257.742764	308.694996
1618477965233	-14.52789	254.874417	313.982765
1618477965327	-15.2042	243.463376	330.790214
1618477965421	-17.454358	236.975765	315.226262
1618477965515	-14.89086	262.298559	319.753728
1618477965608	-23.820414	237.159639	321.942287
1618477965703	-10.920497	252.734166	323.856415
1618477965798	-15.182976	258.415978	315.619074
1618477965893	-9.956784	232.851844	318.61244
1618477965988	-9.103205	240.721151	323.851492
1618477966083	-6.985661	265.607515	324.905799
1618477966178	-15.547301	248.144098	313.634036
1618477966273	-25.46199	263.21664	328.096053
1618477966368	-17.89464	259.941329	318.091482
1618477966463	-22.486958	248.178439	317.654039
1618477966558	-23.986136	240.703065	316.528298
1618477966653	-9.849968	266.313458	325.213004
1618477966748	-26.274958	256.368061	316.915568
1618477966842	-12.753901	244.390443	307.808636
1618477966936	-21.114095	240.803941	306.776093
1618477967030	-3.161771	254.663546	317.354955
1618477967124	-16.15318	255.190837	312.460881
1618477967218	-17.758187	244.760287	322.302797
1618477967312	-18.890114	242.353134	324.997413
1618477967406	-4.061901	254.158915	324.291254
1618477967500	-16.148756	245.460465	311.364935
1618477967594	-11.752298	247.716544	306.124833
1618477967688	-26.0818	251.392733	315.453112
1618477967782	-22.996322	257.759407	322.215002
