1610678895420,-3.721565
1610678895511,2.024212
1610678895605,2.281708
1610678895699,-3.734792
1610678895793,0.555399
1610678895887,3.236255
1610678895981,-3.020564
1610678896075,-0.659499
1610678896169,3.728894
1610678896263,-2.010587
1610678896357,-2.122505
1610678896451,3.765115
1610678896545,-0.819669
1610678896639,-2.997963
1610678896730,3.317364
1610678896824,-1.786375
1610678896918,-3.438210
1610678897012,2.568727
1610678897106,1.714951
1610678897200,-3.603436
1610678897294,1.182391
1610678897388,2.886976
1610678897482,-3.424842
1610678897576,0.015607
1610678897670,3.555461
1610678897764,-2.279054
1610678897858,-1.184624
1610678897947,1.808411
1610678898041,-1.383325
1610678898135,-2.491371
1610678898229,3.444608
1610678898323,0.046913
1610678898417,-3.299033
1610678898511,2.716319
1610678898605,1.183194
1610678898699,-3.625592
1610678898793,1.789538
1610678898887,2.368847
1610678898981,-3.559239
1610678899075,3.551938
1610678899165,3.321233
1610678899259,-2.921350
1610678899353,-0.679381
1610678899447,3.612621
1610678899541,-1.964304
1610678899635,-1.828920
1610678899729,3.765775
1610678899823,-0.891397
1610678899917,-2.880621
1610678900011,3.389036
1610678900105,0.503578
1610678900199,2.041668
1610678900293,2.444326
1610678900388,1.717805
1610678900483,-3.595921
1610678900578,0.996723
1610678900673,2.572196
1610678900768,-3.349126
1610678900863,-0.010641
1610678900958,3.401752
1610678901053,-2.830021
1610678901148,-1.343935
1610678901243,3.600848
1610678901338,-2.810238
1610678901433,2.432337
1610678901528,7.879761
1610678901623,-1.511565
1610678901717,3.354902
1610678901811,-1.128527
1610678901905,-4.416947
1610678901999,-5.430337
1610678902093,1.521821
1610678902187,1.805075
1610678902281,-3.837654
1610678902375,0.765661
1610678902469,-3.640734
1610678902563,-3.132566
1610678902657,-0.325653
1610678902751,3.603838
1610678902839,-2.216212
1610678902934,-1.828869
1610678903029,3.809922
1610678903124,-1.300077
1610678903219,-2.741092
1610678903314,3.400784
1610678903409,0.016878
1610678903504,-3.289817
1610678903599,-0.874237
1610678903694,1.279978
1610678903789,-3.747908
1610678903884,1.887705
1610678903979,2.395919
1610678904072,-3.595020
1610678904166,0.462201
1610678904260,3.177765
1610678904354,-2.939455
1610678904448,-0.843375
1610678904542,3.625492
1610678904636,-2.120711
1610678904730,2.693043
1610678904824,3.664522
1610678904918,-0.909888
1610678905012,-2.973522
1610678905106,3.359322
1610678905200,0.272263
1610678905291,-3.347614
1610678905386,2.511152
1610678905481,1.552056
1610678905576,-3.750626
1610678905671,1.401466
1610678905766,2.645179
1610678905861,3.553689
1610678905956,0.166840
1610678906051,3.472309
1610678906146,-2.835293
1610678906241,-1.103848
1610678906336,3.579200
1610678906431,-1.562770
1610678906528,-2.150553
1610678906622,3.788580
1610678906716,-0.561722
1610678906810,-3.201694
1610678906904,2.928224
1610678906998,-0.367885
1610678907092,-3.458466
1610678907186,2.110956
1610678907280,2.037499
1610678907374,-3.718738
1610678907468,1.065660
1610678907562,2.890778
1610678907656,-3.278179
1610678907746,-0.213511
1610678907841,3.386243
1610678907936,-2.495772
1610678908031,-1.464878
1610678908126,-3.320863
1610678908221,-1.172486
1610678908316,-2.520176
1610678908411,3.431900
1610678908506,-0.148277
1610678908601,-3.294088
1610678908696,2.934112
1610678908791,1.002440
1610678908886,-3.549701
1610678908981,1.840269
1610678909075,2.312972
1610678909169,-3.728257
1610678909263,-2.976723
1610678909357,3.213443
nan,nan
