1610679807717,0.019194
1610679807808,0.015885
1610679807903,-0.041178
1610679807998,-0.025891
1610679808093,0.023875
1610679808188,-0.014641
1610679808283,0.025664
1610679808378,0.012031
1610679808473,-0.026767
1610679808568,-0.101501
1610679808663,-0.024285
1610679808758,0.023232
1610679808853,0.011020
1610679808948,0.011982
1610679809041,0.032778
1610679809135,-0.013036
1610679809229,-0.042005
1610679809323,-0.011430
1610679809417,-0.023507
1610679809511,-0.023507
1610679809605,0.004684
1610679809699,4.983865
1610679809793,0.043249
1610679809887,-0.030756
1610679809981,-0.034843
1610679810075,0.030394
1610679810169,-0.044389
1610679810259,-0.006565
1610679810354,-0.022631
1610679810449,-0.013036
1610679810544,-0.026718
1610679810639,-0.014690
1610679810734,-0.008170
1610679810829,-0.029977
1610679810924,-0.015517
1610679811019,0.038519
1610679811114,-0.012306
1610679811209,-0.028323
1610679811304,-0.022631
1610679811399,0.025615
1610679811493,-0.000230
1610679811587,0.020750
1610679811681,0.000646
1610679811775,0.013452
1610679811869,-0.006565
1610679811963,0.017539
1610679812057,-0.017766
1610679812151,0.003079
1610679812245,-0.038102
1610679812339,-0.002613
1610679812433,-0.020928
1610679812527,-0.026718
1610679812621,0.019145
1610679812712,-0.004219
1610679812807,-0.026718
1610679812902,-0.021988
1610679812997,-0.029977
1610679813092,-0.029150
1610679813187,-0.020198
1610679813282,-0.042783
1610679813377,-0.007527
1610679813472,-0.029199
1610679813567,-0.014641
1610679813662,0.015934
1610679813757,-0.017074
1610679813852,-0.025063
1610679813945,0.004636
1610679814039,-0.045216
1610679814133,-0.083830
1610679814227,0.056288
1610679814321,-0.022631
1610679814415,-0.028372
1610679814509,-0.021852
1610679814603,-0.025112
1610679814697,0.006290
1610679814791,-0.008170
1610679814885,-0.014641
1610679814979,-0.013863
1610679815073,-0.026718
1610679815164,-5.141313
1610679815259,-0.009776
1610679815354,-0.008170
1610679815449,-0.028372
1610679815544,0.020750
1610679815639,0.040952
1610679815734,0.045915
1610679815829,-0.017123
1610679815924,-0.027496
1610679816019,-0.017123
1610679816114,-0.024285
1610679816209,-0.034015
1610679816304,0.003857
1610679816400,-0.013036
1610679816494,0.038519
1610679816588,-0.060504
1610679816682,4.010839
1610679816776,-0.019457
1610679816870,-0.001602
1610679816964,0.024935
1610679817058,-0.047513
1610679817152,-0.041888
1610679817246,-0.118463
1610679817340,-0.092870
1610679817434,-0.163410
1610679817528,0.091351
1610679817617,0.124933
1610679817711,0.027349
1610679817805,0.147510
1610679817899,0.165300
1610679817993,0.558858
1610679818087,0.802636
1610679818181,2.198451
1610679818275,11.286644
1610679818369,0.047315
1610679818463,-5.237644
1610679818557,-2.907636
1610679818651,-4.246839
1610679818745,-0.899213
1610679818845,-0.200140
1610679818939,-0.072839
1610679819033,-0.019593
1610679819127,-0.041264
1610679819221,0.011945
1610679819315,-0.017074
1610679819409,-0.020285
1610679819503,0.020021
1610679819597,0.013501
1610679819691,0.003128
1610679819785,0.064278
1610679819879,0.023232
1610679819973,0.003906
1610679820062,0.023232
1610679820156,0.016167
1610679820250,-0.012208
1610679820344,0.015934
1610679820438,0.038568
1610679820532,-0.010554
1610679820626,0.038519
1610679820720,0.007944
1610679820814,-3.728177
1610679820908,0.089939
1610679821002,-0.052379
1610679821096,-0.014641
1610679821190,-0.060504
1610679821282,0.036087
1610679821376,0.039346
1610679821470,0.036914
1610679821564,0.008820
1610679821658,0.047618
1610679821752,0.003079
1610679821846,0.013550
1610679821940,3.701398
1610679822034,0.034530
1610679822128,0.024010
1610679822222,0.012674
1610679822316,0.018415
1610679822410,0.003079
1610679822500,-0.045859
1610679822594,-0.008949
1610679822688,0.015934
1610679822782,0.006339
1610679822876,0.005512
1610679822970,0.000646
1610679823064,-0.024236
1610679823158,0.000695
1610679823252,-0.027496
1610679823346,0.032049
1610679823440,0.049817
1610679823534,-0.010554
1610679823628,0.036914
1610679823719,-0.011284
1610679823813,-4.311211
1610679823907,-0.006516
1610679824001,0.016761
1610679824095,-0.016938
1610679824189,-0.028274
1610679824283,-0.012160
1610679824377,0.017588
1610679824471,0.018366
1610679824565,0.077133
1610679824659,-0.017901
1610679824753,0.006388
1610679824847,-0.012987
1610679824938,0.004733
1610679825032,-0.021112
1610679825126,-0.012160
1610679825220,0.040271
1610679825314,0.029616
1610679825408,0.000646
1610679825502,0.018366
1610679825596,0.015934
1610679825690,0.034530
1610679825784,0.051423
1610679825878,0.007993
1610679825972,0.030443
1610679826066,0.040173
1610679826158,-0.027496
1610679826253,-0.029053
1610679826348,0.022453
1610679826443,0.039395
1610679826538,0.019194
1610679826633,nan
