1618477118503,-0.139012
1618477118597,-0.068388
1618477118691,0.051906
1618477118785,-0.031942
1618477118879,0.036665
1618477118971,0.001647
1618477119065,3.222335
1618477119159,-0.019308
1618477119253,-0.018469
1618477119347,-0.018718
1618477119441,0.016889
1618477119535,-0.085647
1618477119629,0.054264
1618477119723,-0.031103
1618477119817,-0.019308
1618477119911,-0.035388
1618477120005,-0.086486
1618477120099,0.082889
1618477120188,-0.017290
1618477120282,-0.035977
1618477120376,-0.035388
1618477120470,-0.100889
1618477120564,-0.017290
1618477120658,-0.051219
1618477120752,4.178779
1618477120846,-0.017879
1618477120940,-0.052058
1618477121034,0.000559
1618477121128,0.051906
1618477121222,-0.130693
1618477121316,-0.030514
1618477121407,0.002236
1618477121501,-0.101728
1618477121595,-0.067549
1618477121689,-0.019897
1618477121783,-0.068139
1618477121877,-0.083630
1618477121971,-0.152237
1618477122065,-0.049701
1618477122159,0.052156
1618477122253,0.068236
1618477122347,-0.017290
1618477122441,0.069415
1618477122535,-0.033960
1618477122632,-0.037655
1618477122727,-0.032192
1618477122822,-0.033620
1618477122917,-0.051219
1618477123012,-0.052058
1618477123107,-0.050290
1618477123202,-0.000371
1618477123297,-0.067549
1618477123392,0.015960
1618477123487,-0.035139
1618477123582,-0.097353
1618477123677,-0.087076
1618477123772,-0.021076
1618477123867,-0.020826
1618477123961,-0.003567
1618477124055,-0.002728
1618477124149,0.028504
1618477124243,0.029093
1618477124337,-0.022254
1618477124431,-0.005675
1618477124525,-4.313695
1618477124619,-0.045996
1618477124713,-0.072685
1618477124807,-0.060480
1618477124901,-0.019061
1618477124995,-0.123864
1618477125088,-0.150640
1618477125182,-0.051550
1618477125276,-0.042968
1618477125370,-0.194663
1618477125464,-0.055753
1618477125558,-0.054497
1618477125652,-0.096087
1618477125746,-0.139605
1618477125840,-0.142973
1618477125934,-0.119153
1618477126028,-0.134804
1618477126122,-0.191464
1618477126216,-0.221171
1618477126306,-0.182187
1618477126400,-0.130746
1618477126494,-0.288845
1618477126588,-0.333292
1618477126682,-0.394818
1618477126776,-1.025435
1618477126870,-1.607680
1618477126964,-2.193281
1618477127058,-3.142952
1618477127152,-0.792480
1618477127246,-1.624991
1618477127340,-2.048719
1618477127434,-0.086847
1618477127525,0.589155
1618477127619,0.661138
1618477127713,-0.179283
1618477127807,-0.975059
1618477127901,-2.767457
1618477127995,-4.246005
1618477128089,-7.407235
1618477128183,-5.686152
1618477128277,-4.695462
1618477128371,-2.105692
1618477128465,-1.066171
1618477128559,-0.565068
1618477128653,0.202982
1618477128743,0.561997
1618477128837,0.638734
1618477128931,0.656023
1618477129025,0.529767
1618477129119,0.454608
1618477129213,0.345180
1618477129307,0.160405
1618477129401,0.245681
1618477129495,0.189709
1618477129589,0.169004
1618477129683,0.068826
1618477129777,0.121352
1618477129871,0.153263
1618477129960,-0.014434
1618477130054,0.102415
1618477130148,0.051566
1618477130242,0.068236
1618477130336,0.086674
1618477130430,0.049889
1618477130524,0.015121
1618477130618,0.065380
1618477130712,-0.013844
1618477130806,-0.133299
1618477130900,-0.018718
1618477130994,0.033808
1618477131088,-0.001799
1618477131180,-0.014434
1618477131274,0.051317
1618477131368,0.017478
1618477131462,-0.048862
1618477131556,0.013942
1618477131650,0.018566
1618477131744,0.016299
1618477131838,0.048121
1618477131932,-0.001209
1618477132026,-0.033371
1618477132120,0.034647
1618477132214,-0.000371
1618477132308,-0.137584
1618477132397,-0.000620
1618477132491,-0.000620
1618477132585,-0.018718
1618477132679,-0.081612
1618477132773,0.064541
1618477132867,0.051317
1618477132961,-0.016111
1618477133055,0.016299
1618477133149,-0.019308
1618477133243,-0.018718
1618477133337,-0.001209
1618477133431,-0.034799
1618477133525,-0.002388
1618477133617,0.015121
1618477133711,-0.019058
1618477133805,-0.035977
1618477133899,0.050478
1618477133993,0.017478
1618477134087,0.000219
1618477134181,0.014871
1618477134275,-0.050879
1618477134369,0.049889
1618477134463,-0.049451
1618477134557,-0.052058
1618477134651,0.016299
1618477134745,-0.034799
1618477134836,-0.066960
1618477134930,-0.015862
1618477135024,-0.017040
1618477135118,-0.018129
1618477135212,0.000559
1618477135306,-0.072423
1618477135400,0.018566
1618477135494,-0.000620
1618477135588,0.032629
1618477135682,-0.033960
1618477135776,0.068826
1618477135870,nan
