1610679538874,161.027852956,200.021531316,422.282466653
1610679538968,160.027853214,203.021531515,424.282478516
1610679539059,162.027853152,201.021531467,422.282475668
1610679539153,160.027853391,200.021531652,423.282486664
1610679539247,161.027853020,202.021531365,421.282469602
1610679539341,162.027853615,203.021531825,422.282496985
1610679539435,161.027853084,204.021531415,420.282472551
1610679539529,159.027853816,202.021531980,426.282506236
1610679539623,162.027853856,202.021532011,420.282508082
1610679539717,162.027852649,204.021531079,419.282452540
1610679539811,160.027853844,204.021532002,425.282507542
1610679539905,162.027853048,204.021531387,420.282470908
1610679539999,159.027853880,204.021532030,425.282509185
1610679540093,161.027853336,204.021531609,427.282484143
1610679540187,160.027853056,202.021531393,421.282471245
1610679540278,162.027853048,204.021531387,420.282470908
1610679540372,160.027852888,203.021531263,420.282463535
1610679540466,162.027852817,203.021531208,420.282460249
1610679540560,162.027852817,203.021531208,420.282460249
1610679540654,162.027853846,204.021532004,422.282507643
1610679540748,162.027853447,204.021531696,421.282489276
1610679540842,161.027853882,204.021532032,422.282509286
1610679540936,162.027853551,201.021531776,423.282494036
1610679541030,162.027853688,203.021531882,419.282500373
1610679541124,164.027853135,205.021531454,423.282474892
1610679541218,162.027853856,202.021532011,420.282508082
1610679541312,160.027852751,201.021531157,424.282457199
1610679541406,161.027853074,206.021531407,422.282472112
1610679541497,156.027852632,203.021531065,419.282451739
1610679541592,161.027852705,203.021531122,426.282455117
1610679541687,161.027853084,204.021531415,420.282472551
1610679541782,160.027853750,205.021531930,421.282503220
1610679541877,160.027852952,205.021531313,419.282466484
1610679541972,162.027853502,208.021531738,422.282491786
1610679542067,160.027853834,206.021531995,427.282507103
1610679542162,162.027853679,205.021531875,421.282499934
1610679542257,161.027853419,202.021531674,422.282487970
1610679542352,161.027852853,203.021531236,420.282461892
1610679542447,163.027853579,203.021531797,422.282495342
1610679542542,158.027853358,203.021531627,421.282485189
1610679542637,160.027852805,205.021531199,425.282459709
1610679542731,162.027852817,203.021531208,420.282460249
1610679542825,163.027853515,201.021531748,423.282492393
1610679542919,162.027853615,203.021531825,422.282496985
1610679543013,162.027853216,203.021531517,421.282478617
1610679543107,160.027853204,205.021531508,426.282478077
1610679543201,161.027853020,202.021531365,421.282469602
1610679543295,161.027853074,206.021531407,422.282472112
1610679543389,159.027853313,205.021531592,423.282483107
1610679543483,161.027853020,202.021531365,421.282469602
1610679543577,161.027853473,206.021531716,423.282490480
1610679543671,161.027853872,206.021532024,424.282508848
1610679543765,159.027852860,201.021531241,421.282462230
1610679543859,157.027853635,202.021531841,419.282497929
1610679543947,156.027853588,204.021531804,424.282495746
1610679544041,155.027853771,204.021531946,418.282504164
1610679544135,151.027852904,202.021531276,423.282464276
1610679544229,145.027853645,206.021531849,422.282498400
1610679544323,140.027853096,219.021531424,419.282473087
1610679544417,74.027853866,302.021532019,421.282508550
1610679544511,33.027853035,230.021531377,422.282470285
1610679544605,156.027852902,342.021531274,425.282464191
1610679544699,40.027853182,124.021531491,424.282477070
1610679544793,-58.972146853,311.021531463,418.282475433
1610679544887,172.027852953,141.021531314,419.282466530
1610679544981,247.027853447,-24.978468305,415.282489254
1610679545075,143.027853064,100.021531400,415.282471644
1610679545168,140.027852634,177.021531067,404.282451814
1610679545262,148.027853366,195.021531633,377.282485535
1610679545356,151.027852902,200.021531274,456.282464187
1610679545450,152.027853455,200.021531702,432.282489645
1610679545544,157.027852893,201.021531267,647.282463773
1610679545638,157.027853815,202.021531980,757.282506194
1610679545732,160.027853558,205.021531781,895.282494390
1610679545826,162.027853476,207.021531718,569.282490605
1610679545920,161.027853420,201.021531674,378.282488003
1610679546014,159.027853680,202.021531875,397.282499989
1610679546108,162.027853111,203.021531436,408.282473800
1610679546202,162.027853835,203.021531996,413.282507148
1610679546296,161.027853788,205.021531959,418.282504965
1610679546388,161.027852621,202.021531057,420.282451234
1610679546482,162.027852881,205.021531258,419.282463198
1610679546576,162.027853280,205.021531566,420.282481566
1610679546670,162.027853393,200.021531653,420.282486766
1610679546764,161.027853419,202.021531674,422.282487970
1610679546858,161.027853419,202.021531674,422.282487970
1610679546952,161.027853724,203.021531909,419.282502016
1610679547046,157.379002438,200.200841370,250.274118571
1610679547140,160.027853149,201.021531465,425.282475567
1610679547234,159.027853338,212.021531611,419.282484244
1610679547328,162.027853152,201.021531467,422.282475668
1610679547422,162.027852753,201.021531159,421.282457301
1610679547516,163.027853579,203.021531797,422.282495342
1610679547606,164.027852745,203.021531153,420.282456963
1610679547700,162.027852743,203.021531151,423.282456862
1610679547794,161.027853242,205.021531537,423.282479821
1610679547888,162.027852881,205.021531258,419.282463198
1610679547982,162.027853846,204.021532004,422.282507643
1610679548076,162.027852640,206.021531071,421.282452101
1610679548170,162.027853438,206.021531688,423.282488837
1610679548264,161.027853483,204.021531723,421.282490919
1610679548358,162.027853521,204.021531752,418.282492663
1610679548452,161.027853251,203.021531544,421.282480260
1610679548546,161.027853315,205.021531594,420.282483209
1610679548640,160.027852879,205.021531256,422.282463096
1610679548734,157.027853754,208.021531933,419.282503388
1610679548823,162.027853679,205.021531875,421.282499934
1610679548917,164.027853543,203.021531770,422.282493699
1610679549011,161.027852788,201.021531186,421.282458944
1610679549105,160.027852815,203.021531207,423.282460148
1610679549199,163.027852939,204.021531303,423.282465877
1610679549293,161.027853010,204.021531358,423.282469163
1610679549387,160.027852973,204.021531329,426.282467418
1610679549481,162.027853457,202.021531703,419.282489714
1610679549575,161.027853345,202.021531617,425.282484582
1610679549669,160.027852962,203.021531320,417.282466923
1610679549763,164.027853376,204.021531640,421.282485990
1610679549857,160.027853120,204.021531442,420.282474194
1610679549951,161.027853714,205.021531902,421.282501577
1610679550047,160.027853750,205.021531930,421.282503220
1610679550140,161.027853325,203.021531601,418.282483648
1610679550233,160.027853056,202.021531393,421.282471245
1610679550326,162.027853846,204.021532004,422.282507643
1610679550419,159.027852850,203.021531234,423.282461791
1610679550512,162.027853206,205.021531509,423.282478178
1610679550605,161.027853650,203.021531853,422.282498628
1610679550698,161.027853882,204.021532032,422.282509286
1610679550791,156.027852928,206.021531294,418.282465347
1610679550884,162.027853374,204.021531639,424.282485888
1610679550977,162.027852743,203.021531151,423.282456862
1610679551070,162.027853280,205.021531566,420.282481566
