1616035525784,176.240670667,207.779171779,-211.341259725
1616035525879,370.694718489,354.662648538,-692.562263453
1616035525974,103.841872617,186.950948321,-234.169487328
1616035526069,89.927752422,154.208620109,-89.286009445
1616035526162,359.780602030,352.662654015,-690.562263669
1616035526256,123.670099469,240.521518120,-363.138852045
1616035526350,34.357188805,140.294496387,-3.973099271
1616035526444,362.780602162,306.006198861,-625.077581323
1616035526538,175.240664321,262.349753093,-471.279989567
1616035526632,4.614852979,142.294485695,-4.973098849
1616035526726,298.295917526,272.263862299,-485.194103112
1616035526820,274.467686540,295.092096830,-582.421126894
1616035526914,-21.213373199,177.036824327,-15.887212472
1616035527008,229.811228265,241.521534994,-398.881193878
1616035527102,310.210035566,309.006194825,-690.562263499
1616035527196,14.528955539,130.380394315,-103.200123233
1616035527290,222.897118933,264.349753650,-549.678785647
1616035527381,329.038261820,360.576765821,-652.819922426
1616035527475,47.271299316,152.208616538,-136.942464195
1616035527569,144.498320428,193.865076214,-155.770691828
1616035527663,349.866484518,319.920320432,-703.476377690
1616035527757,58.185419204,196.865059087,-276.825942101
1616035527851,88.927757897,174.036836594,-78.371895291
1616035527945,373.694710305,318.920323751,-659.819922931
1616035528039,147.498317675,242.521536615,-407.795307664
1616035528133,33.357187916,120.466270721,-37.715440508
1616035528227,372.694718372,293.092080161,-580.421126237
1616035528321,220.897120674,262.349750165,-473.279989452
1616035528415,47.271303225,153.208608713,-190.513032499
1616035528509,287.381802013,273.263865882,-483.194103253
1616035528599,252.639465597,295.092083816,-583.421126381
1616035528693,-42.041600388,155.208596368,-3.973098729
1616035528787,232.811235189,242.521521134,-353.224738441
1616035528881,329.038252293,319.920330001,-630.991695732
1616035528975,22.443075085,130.380382660,-90.286009051
1616035529069,209.983003055,220.693303075,-277.825942753
1616035529163,352.866484037,317.920321395,-677.648150283
1616035529257,100.841869129,176.036841579,-201.427146435
1616035529351,121.670100147,185.950948151,-169.684804986
1616035529445,342.952373805,338.748541854,-690.562263730
1616035529539,14.528954109,163.122738345,-4.973099843
1616035529633,45.271306753,169.122715374,-91.286008718
1616035529727,340.952372981,350.662657227,-625.077581460
1616035529819,165.326557426,251.435625704,-430.623534138
1616035529913,36.357190529,141.294492936,-23.801326580
1616035530007,339.952373868,252.435631948,-583.421126500
1616035530101,232.811236799,251.435631634,-507.022330430
1616035530195,3.614847124,109.552156246,50.597469302
1616035530289,276.467692302,281.177971576,-473.279989214
1616035530383,285.381800715,300.092095925,-594.335240581
1616035530477,2.614847930,187.950950691,-14.887212970
1616035530571,233.811235606,250.435634022,-384.967079576
1616035530665,178.240671682,218.693283471,-212.341259645
1616035530759,14.528956472,173.036847337,-92.286009437
1616035530853,163.326553828,219.693291740,-253.997714861
1616035530947,341.952377724,325.834420287,-687.562263421
1616035531042,57.185417266,220.693290411,-186.513032474
1616035531136,103.841872550,188.950948455,-113.114236385
1616035531230,364.780595730,297.092098012,-692.562264166
1616035531324,112.755980048,240.521529527,-307.568283882
1616035531418,33.357186447,163.122728551,-37.715440624
1616035531512,352.866484437,316.920320594,-658.819922807
1616035531606,167.326550697,252.435639174,-408.795307224
1616035531700,36.357180038,130.380400213,-5.973099963
1616035531794,360.780603268,306.006196648,-614.163467513
1616035531888,229.811232580,275.263867524,-531.764671930
1616035531982,14.528964672,139.294489757,5.941014713
1616035532076,287.381799073,263.349758045,-438.537648595
1616035532170,297.295919815,295.092085162,-613.163467602
1616035532258,36.357190324,131.380379623,-25.801326596
1616035532352,221.897119931,230.607410486,-311.568283672
1616035532446,328.038263024,349.662649689,-637.991694886
1616035532540,37.357193048,131.380374170,-101.200122439
1616035532634,145.498318626,230.607420988,-232.169488028
1616035532728,372.694708675,306.006213291,-691.562264227
1616035532822,82.013647105,185.950944451,-210.341259730
1616035532916,307.210027515,317.920324662,-645.905809244
1616035533010,385.608830434,316.920310929,-692.562263593
1616035533104,121.670092431,238.521532208,-331.396511433
1616035533198,35.357190010,185.950948866,-48.629554066
1616035533292,338.952379241,317.920303529,-645.905808411
1616035533386,154.412437897,276.263864773,-435.537648319
1616035533479,36.357189496,131.380381281,-24.801326661
1616035533573,330.038263302,273.263853075,-538.764671361
1616035533667,232.811237232,273.263858212,-539.764671563
1616035533761,14.528966546,109.552144839,-4.973098861
1616035533855,249.639465718,261.349742406,-418.709420533
1616035533949,306.210027085,295.092098077,-637.991695556
1616035534043,123.670097896,240.521521270,-375.052965892
1616035534137,230.811237799,209.779174742,-310.568283345
1616035534231,306.210032855,360.576768864,-656.819922546
1616035534325,39.357187945,143.294498109,-126.028350287
1616035534419,166.326551189,177.036842131,-201.427146457
1616035534513,341.952371014,339.748547440,-691.562263951
1616035534607,56.185416496,210.779178230,-202.427146257
1616035534706,110.755981858,163.122729847,-123.028350456
1616035534800,373.694715319,349.662654883,-648.905808813
1616035534894,123.670089264,218.693311102,-346.224739128
1616035534988,34.357189362,185.950950163,-48.629554117
1616035535082,298.295917321,315.920317599,-649.905808966
1616035535176,13.528960053,153.208612724,-46.629554264
1616035535270,47.271304227,175.036834153,-36.715440304
1616035535364,308.210021937,297.092108381,-550.678786182
1616035535458,232.811227338,317.920332907,-536.764672344
1616035535552,3.614841813,149.208621767,-16.887213453
1616035535646,229.811240394,278.263851884,-439.537647811
1616035535740,305.210023836,299.092104582,-680.648150703
1616035535834,25.443074271,142.294498012,-34.715440502
1616035535929,189.154782818,218.693288646,-255.997714739
1616035536024,343.952376109,338.748537242,-692.562263549
1616035536119,34.357185429,181.950958034,-155.770691653
1616035536214,123.670093327,185.950961802,-187.513032969
1616035536309,47.271302435,143.294496572,-91.286009058
1616035536404,89.927755370,218.693296543,-243.083601328
1616035536499,120.670096876,175.036840975,-92.286009186
1616035536594,361.780599727,349.662658624,-657.819922683
1616035536689,122.670101018,230.607401297,-354.224738200
1616035536784,36.357191421,160.122718596,-14.887212787
1616035536879,332.038257462,306.006205932,-591.335240434
1616035536974,199.068892520,241.521524139,-494.108216953
1616035537069,3.614845261,119.466273698,-15.887213181
1616035537162,305.210036711,289.177965088,-528.850557571
1616035537256,253.639465887,326.834424405,-583.421126358
1616035537350,-23.213382934,164.122730090,-36.715440685
1616035537444,264.553574785,252.435638003,-492.108216958
1616035537538,309.210030390,338.748546351,-646.905809018
1616035537632,32.357194294,186.950940291,-77.371894895
1616035537726,173.240670839,224.607398879,-240.083600879
1616035537820,341.952376673,327.834422392,-681.562263504
1616035537914,31.357184302,193.865074013,-153.598919187
1616035538008,120.670092534,204.779190835,-86.028350696
1616035538102,348.866482977,339.748550963,-624.562264090
1616035538196,96.841872878,217.693288967,-196.825942197
1616035538290,31.357185329,134.380389621,3.628104397
1616035538379,337.952369358,318.920323311,-568.819922914
1616035538474,195.068899807,262.349736999,-374.623534042
1616035538569,358.780595912,304.006211372,-672.562264152
1616035538664,301.210035202,297.092081830,-641.249353748
1616035538759,234.725345110,263.349756188,-626.850558302
1616035538854,-43.127496774,132.380389156,-170.715440694
1616035538949,274.381803435,276.263863036,-585.365875696
1616035539044,245.553575025,299.092092412,-699.163467887
1616035539139,-8.471037667,145.294494440,-129.371895252
1616035539234,169.068893477,245.521522224,-387.310624762
1616035539329,288.038259363,335.920315850,-740.476377510
1616035539424,-42.471039939,204.036840154,-151.028350321
1616035539519,102.498322886,266.693298738,-188.684805357
1616035539613,351.952365767,357.834444221,-724.390491810
1616035539707,297.553573802,293.177981137,-598.335240539
1616035539801,175.927761002,143.950944104,-110.200122491
1616035539895,512.522940223,260.748546248,-662.819922736
1616035539989,276.670098108,137.521520846,-387.967079597
1616035540083,170.357185958,-4.619611638,-50.629554385
1616035540177,406.780604452,179.920307999,-627.077581142
1616035540271,221.897121402,176.349748709,-488.194103117
1616035540365,23.357188526,122.036838113,0.026900707
1616035540459,281.381796448,215.435649576,-494.108217415
1616035540553,242.639459004,271.092097013,-594.335240624
1616035540647,10.443077275,125.294491999,-36.715440265
1616035540741,230.725349775,230.521519406,-405.795306986
1616035540831,68.013648088,201.779169930,-245.083600820
1616035540925,6.528956101,146.208620636,-103.200123189
1616035541019,170.240658597,215.693309662,-288.740056736
1616035541113,344.866484863,301.006206019,-715.390491386
1616035541207,32.357190761,181.950947361,-165.684804954
1616035541301,98.841875925,174.036827977,-146.856577286
1616035541395,359.780600802,360.576770195,-691.562263766
1616035541489,100.841872531,216.693289661,-300.654169670
1616035541583,85.927756858,153.208611229,-80.371895373
1616035541677,341.952379388,326.834416956,-635.991694677
1616035541771,153.412433086,240.521533234,-439.537648699
1616035541865,32.357190421,141.294493153,-26.801326588
1616035541959,11.528962605,122.466266450,-26.801326617
1616035542050,229.811233232,281.177979942,-539.764671879
1616035542144,13.528961817,121.466268026,-4.973099235
1616035542238,276.467689303,273.263863856,-451.451762005
1616035542332,273.467692027,295.092085849,-648.905808796
1616035542426,-9.299266228,142.294496673,-38.715440450
1616035542520,188.154776972,240.521527793,-309.568283814
1616035542614,295.295917607,328.834430749,-692.562263834
1616035542708,13.528959628,185.950954743,-123.028350355
1616035542802,141.498319750,229.607418738,-219.255374217
1616035542896,338.952370931,349.662661329,-691.562263957
1616035542990,88.927754266,208.779185030,-201.427146525
1616035543084,119.670097740,189.950952968,-186.513032621
1616035543178,363.780598540,295.092092389,-689.562263944
1616035543268,143.498324312,238.521523329,-375.052965973
1616035543362,36.357190757,153.208606201,-58.543667729
1616035543456,343.952370616,296.092093347,-625.077581647
1616035543550,210.983006643,284.177978227,-485.194103199
1616035543644,24.443074768,141.294497015,-2.973099295
1616035543738,309.210030642,285.177977236,-527.850558050
1616035543832,230.811234796,295.092090534,-584.421126646
1616035543926,-30.127495749,153.208614551,-57.543668058
1616035544020,239.725350844,227.607403545,-374.052965734
1616035544114,340.952369574,349.662664045,-658.819922897
1616035544208,274.467696488,282.177963197,-514.936443774
1616035544302,163.326552139,196.865067676,-200.427146382
1616035544396,341.952378066,326.834419603,-691.562263394
1616035544488,47.271305132,207.779173508,-201.427146071
1616035544582,87.927758283,190.950949545,-122.028350150
1616035544676,351.866487270,316.920314924,-692.562263751
1616035544770,123.670097827,207.779180241,-355.224738452
1616035544864,45.271302202,142.294497038,-45.629554186
1616035544958,339.952373965,294.092086644,-625.077581383
1616035545052,183.154778372,253.435638715,-485.194103264
1616035545146,0.614846511,109.552157474,-37.715440527
1616035545240,304.210037149,283.177964210,-475.279988923
1616035545334,362.780604039,371.490877440,-680.648149788
1616035545428,14.528964890,109.552148154,-2.973098992
1616035545522,240.725349067,239.521520823,-376.052965874
1616035545616,306.210029479,348.662661898,-645.905809089
1616035545706,36.357196563,174.036822025,-80.371894716
1616035545800,144.498326550,240.521518850,-255.997714848
1616035545894,352.866477819,351.662675009,-691.562264497
1616035545988,33.357192002,176.036831156,-230.169487192
1616035546082,98.841866867,165.122732386,-126.028350556
1616035546176,373.694713351,371.490886268,-692.562263858
1616035546270,110.755986026,218.693290116,-329.396510855
1616035546364,46.271301277,142.294498890,-57.543667982
1616035546458,308.210029696,294.092092851,-635.991695350
1616035546552,199.068897083,276.263856174,-471.279989148
1616035546646,-34.127497083,134.380389776,-11.887213274
1616035546740,304.210033179,297.092085880,-527.850557849
1616035546834,253.639469216,294.092076572,-583.421126095
1616035546926,36.357185780,132.380388720,-37.715440677
1616035547020,263.553580099,273.263854811,-397.881193036
1616035547114,304.210035476,308.006195005,-691.562263506
1616035547208,23.443073231,163.122727537,-91.286009197
1616035547302,174.240660620,216.693305612,-277.825942853
1616035547396,338.952366832,325.834442089,-702.476378003
1616035547490,55.185411267,194.865074975,-201.427146670
1616035547584,122.670098311,239.521520439,-329.396510969
1616035547678,339.952372507,316.920317007,-702.476377555
1616035547772,143.498321731,196.865073606,-330.396511286
1616035547866,48.271306054,142.294489328,-91.286008773
1616035547960,307.210034667,340.748537791,-648.905808680
1616035548054,184.154783277,242.521515173,-461.365875432
1616035548148,20.443073991,113.552157403,-36.715440524
1616035548242,295.295913044,295.092098715,-517.936444633
1616035548336,254.639465866,306.006197000,-597.335240082
1616035548430,-7.299265155,151.208608248,-16.887212920
1616035548524,240.725346165,273.263867799,-395.881193548
1616035548618,306.210032778,326.834427850,-690.562263719
1616035548712,13.528963929,131.380377521,-48.629553958
1616035548806,153.412439204,185.950952375,-252.997714933
1616035548900,339.952371374,339.748546720,-693.562263922
1616035548994,66.099529358,194.865066231,-168.684805157
1616035549088,101.841867078,185.950959408,-123.028350539
1616035549182,361.780601453,327.834427726,-714.390491160
1616035549276,112.755985185,240.521519245,-343.310624644
1616035549364,45.271298409,164.122732076,-57.543668208
1616035549458,329.038254905,303.006211049,-648.905809249
1616035549552,207.983007670,283.177976173,-485.194103118
1616035549646,20.443067363,113.552170671,-26.801327325
1616035549740,305.210029082,295.092094080,-526.850558173
1616035549834,33.357180728,142.294512554,-31.715441076
1616035549928,-11.299258184,140.294480573,-58.543667260
1616035550022,229.811232614,258.349753734,-386.967079812
1616035550116,305.210025560,324.834442297,-657.819923121
nan,nan,nan,nan
nan,nan,nan,nan
