1618477303484,-86.984187192,215.839184024,234.069009661
1618477303578,-92.608037671,231.026986557,233.993024970
1618477303672,-80.129684479,209.639841673,234.124697496
1618477303766,-104.963607562,246.828712284,233.885703694
1618477303860,-99.103931905,241.998668692,236.918508114
1618477303954,-91.028052936,228.358363937,234.011149572
1618477304048,-84.336514763,216.745253648,235.076439356
1618477304142,-106.244950078,250.681940804,232.859533552
1618477304236,-90.426904233,226.343012971,234.018045576
1618477304330,-88.875376801,218.344419293,236.058786489
1618477304424,-88.763197599,217.465928628,234.071544716
1618477304515,-96.006139558,239.144477684,232.931101304
1618477304609,-90.215223924,225.985481124,236.020473841
1618477304703,-88.600408995,222.947047657,236.027526615
1618477304797,-88.127590477,215.703358796,232.090307383
1618477304891,-83.359384925,215.094863786,233.087648382
1618477304985,-83.081869446,212.937117177,235.102303244
1618477305079,-85.817282383,223.313350708,236.025038778
1618477305173,-86.722384932,223.775031254,233.049070138
1618477305267,-96.469737218,232.860448536,238.960197334
1618477305361,-81.363636126,210.345972234,239.133485126
1618477305455,-91.986603821,226.599337660,235.023096428
1618477305549,-101.087169429,240.970356570,232.918700402
1618477305643,-103.944211155,250.173987357,236.862983442
1618477305733,-90.556087252,223.183169459,235.039506424
1618477305827,-98.286421101,236.617878248,235.927886089
1618477305921,-104.686868783,237.983259558,236.911821024
1618477306015,-93.099896600,231.857745130,233.987382671
1618477306109,-106.905070966,249.107878875,235.863432434
1618477306203,-103.876029468,245.680791309,234.886708335
1618477306297,-100.392002036,242.863260275,234.892260797
1618477306391,-79.385508502,208.693897093,233.144705597
1618477306485,-92.263358095,223.066780604,237.019921675
1618477306579,-82.673934548,217.626143754,237.084040064
1618477306673,-98.850052141,241.569861207,235.921420464
1618477306767,-90.475305931,227.802800261,237.994547586
1618477306861,-97.230972162,240.213241970,234.917050787
1618477306950,-95.287569438,225.796691974,233.008172560
1618477307044,-75.022070752,195.945936342,235.217702995
1618477307138,-76.532341963,204.563865496,235.165963970
1618477307232,-97.130458527,243.043472634,233.918203817
1618477307326,-94.504801302,236.919672403,235.959795100
1618477307420,-73.533916128,195.121434406,234.223302801
1618477307514,-96.958739326,240.753435816,234.920173673
1618477307608,-104.994083714,250.014294912,235.816525824
1618477307702,-101.111255784,245.389074809,234.895481343
1618477307796,-81.866987503,214.574177711,237.104768236
1618477307890,-80.587904099,205.657710942,234.165326596
1618477307984,-107.072613360,251.457914920,232.827096358
1618477308078,-103.050638980,241.597673960,236.907648079
1618477308172,-99.744858273,241.392186872,235.922627183
1618477308266,-79.161351020,204.626273101,235.158748370
1618477308360,-100.659247120,247.314642026,234.889195128
1618477308454,-95.949202669,232.292238347,233.977639960
1618477308548,-95.608243824,236.783406659,234.947137094
1618477308642,-89.733817310,226.172376698,233.025996238
1618477308736,-82.495514676,207.190681524,234.154915052
1618477308830,-97.634503275,237.827759344,238.946835862
1618477308924,-113.951392257,257.320224227,232.794072798
1618477309018,-98.113597535,235.947940184,233.952811369
1618477309112,-86.217105304,218.921604879,236.054866392
1618477309206,-89.250905683,222.356730280,235.031535899
1618477309300,-97.747375165,233.640366043,233.968483822
1618477309390,-103.324214630,245.437784105,236.881567034
1618477309484,-90.687033940,225.782376722,237.015061530
1618477309578,-91.719888739,225.148851091,234.026156018
1618477309672,-94.103092112,227.174124430,232.998817391
1618477309766,-94.697025608,236.244342712,235.957590023
1618477309860,-84.684301280,213.954635375,237.095392521
1618477309954,-86.411687429,222.250257585,235.052634267
1618477310048,-93.508329811,230.858578189,236.994168757
1618477310142,-90.901130032,223.765952917,236.035548308
1618477310236,-93.422192301,223.335054433,236.018099628
1618477310330,-100.210893168,243.557364142,236.894338365
1618477310424,-100.296578973,235.567981147,235.962183697
1618477310518,-87.883434198,216.669010405,234.070165437
1618477310607,-91.637554419,234.454876828,236.969743617
1618477310701,-92.666857609,233.504370443,237.969407469
1618477310795,-99.075090637,234.571919319,236.941781718
1618477310889,-88.212613466,225.981072013,239.020503786
1618477310983,-100.255648978,244.632957509,241.893824954
1618477311077,-80.783481983,212.811171340,247.082783404
1618477311171,-89.920696542,222.799001104,252.035323853
1618477311265,-84.030034450,215.227602889,264.079955108
1618477311359,-87.175412075,220.540202242,292.043873293
1618477311453,-90.507026896,223.789323613,313.028597836
1618477311547,-85.228027529,226.007106642,316.020326966
1618477311641,-84.348199524,218.143025372,258.053362560
1618477311735,-88.818494710,228.693434303,139.002082116
1618477311828,-74.777157254,205.733434831,156.117270091
1618477311922,-74.730937755,204.277333311,200.140743048
1618477312016,-94.472704633,241.066622342,243.856920894
1618477312110,-68.898666245,222.450809514,246.024105193
1618477312204,-54.070439610,222.362901860,192.045077472
1618477312298,-22.235256830,233.507173249,148.112015058
1618477312392,-19.702811452,388.565097130,211.968995029
1618477312486,-33.550303069,415.752597612,225.913387621
1618477312580,-118.671247836,479.133749661,232.992299863
1618477312674,-211.388642437,421.211334180,233.052898625
1618477312768,-187.883220006,188.558828398,233.955454116
1618477312862,-130.915630466,200.503750013,235.840368546
1618477312956,17.815197652,293.732936745,233.124065218
1618477313048,-182.761633125,378.219358110,236.025677152
1618477313142,-101.643754246,254.776330470,232.981143874
1618477313236,-102.496779445,242.772015484,236.028715389
1618477313330,-114.744849481,228.191010233,242.025869683
1618477313424,-107.761686591,231.286502344,236.991262405
1618477313518,-120.032157379,257.078602018,234.816089067
1618477313612,-104.531944510,237.654535747,235.948012353
1618477313706,-106.902518436,239.969459745,234.932289981
1618477313800,-108.986883410,250.246061562,231.862493932
1618477313894,-96.856409606,226.379437291,234.024589935
1618477313988,-94.796599834,224.589399533,233.036747413
1618477314082,-86.777867473,212.801688333,237.082847810
1618477314176,-87.743913274,214.366303126,233.106180067
1618477314264,-109.471991030,253.132470983,234.822514946
1618477314358,-86.883491550,208.913035368,237.116050290
1618477314452,-94.809866186,227.678860570,232.002181097
1618477314546,-81.129819279,208.951051377,236.136167327
1618477314640,-97.824218009,231.770154987,233.967602328
1618477314734,-99.026107097,239.178203216,232.930872249
1618477314828,-93.274906070,226.464321294,239.996846449
1618477314922,-113.122357147,258.608986999,233.792111595
1618477315016,-91.510968615,224.484999224,235.017081241
1618477315110,-88.665047129,218.989168697,234.061199260
1618477315204,-94.729400255,229.920988119,233.980161396
1618477315298,-95.436744785,227.737669793,232.994989936
1618477315392,-82.565383753,208.997709626,234.142642180
1618477315484,-93.570616395,225.274763372,236.004925622
1618477315578,-99.010380968,240.529677455,234.908109894
1618477315672,-96.560038919,229.634933778,230.982104204
1618477315766,-96.102255075,229.550746613,234.975884238
1618477315860,-96.413609550,230.765647895,235.960841195
1618477315954,-103.409371700,240.203579973,234.903532921
1618477316048,-97.371207882,236.383048693,235.949856223
1618477316142,-72.825752661,193.236315604,233.242897790
1618477316236,-95.453838829,231.455559916,231.983322466
1618477316330,-103.088771749,244.040116846,241.884267888
1618477316424,-96.945126676,232.663389876,233.954743962
1618477316518,-94.353216584,233.974625113,233.973005364
1618477316612,-97.519833333,235.323097728,232.936679907
1618477316703,-91.005645142,221.631498793,233.022877998
1618477316797,-103.613480268,243.237340990,233.889720136
1618477316891,-92.273689620,228.773248711,233.008331781
1618477316985,-91.322841186,221.100194683,233.053653456
1618477317079,-89.723869063,220.777537977,233.049053113
1618477317173,-80.285616165,208.214195117,234.134380122
1618477317267,-98.843528846,230.113753362,232.978852184
1618477317361,-87.686568810,222.025519203,237.060952376
1618477317455,-103.270404843,241.968862454,231.905127062
1618477317549,-78.444754177,200.348874222,234.201382856
1618477317643,-86.270822596,217.012334351,236.054250180
1618477317737,-94.867568044,233.154355999,231.978576421
1618477317831,-107.340082053,251.531638397,235.846970880
1618477317920,-105.054276890,244.981854409,235.884663592
1618477318014,-83.502360587,212.647334273,235.097479632
1618477318108,-93.227093633,224.005529275,236.020337679
1618477318202,-107.099548833,255.503409417,234.826787372
1618477318296,-108.051088658,250.043523358,234.850286032
1618477318390,-81.329227279,203.909819121,233.156822598
1618477318484,-106.825095272,245.283780513,235.875821243
1618477318578,-99.627169197,237.815371954,232.946919994
1618477318672,-72.096211064,192.382142685,236.228323881
1618477318766,-97.111908960,227.878034222,232.987244872
1618477318860,-93.636307197,223.007680365,235.027114813
1618477318954,-100.015665431,235.093513124,233.965406163
1618477319048,-84.139081165,204.277676892,234.147532458
1618477319139,-89.757784716,217.767768194,234.083078187
1618477319233,-92.630914655,223.309554287,235.038648051
1618477319327,-91.997285865,220.239343872,242.045916646
