1618477728843	-92	154	230.5
1618477728937	-97	156.5	234.5
1618477729031	-96	157.5	233
1618477729125	-91	154	235.5
1618477729219	-94	158	120.010694
1618477729313	-93	155	233.5
1618477729407	-89	153.5	231
1618477729501	-92	150.5	231.5
1618477729595	-93	154.5	232
1618477729684	-92	153.5	234
1618477729778	-93	148.5	235.5
1618477729872	-92	154.5	230.5
1618477729966	-94	152.5	232.5
1618477730060	-95	163.5	232.5
1618477730154	-94	148	236
1618477730248	-92	152.5	234.5
1618477730342	-92	155	230
1618477730436	-89	155.5	230
1618477730530	-95	155.5	235
1618477730624	-92	153	231
1618477730718	-95	156	231.5
1618477730812	-93	156	233
1618477730904	-97	157.5	231.5
1618477730998	-93	156.5	229.5
1618477731092	-96	157.5	233
1618477731186	-94	154	229
1618477731280	-94	154.5	230.5
1618477731374	-25.76931	156	232
1618477731468	-93	156.5	235
1618477731562	-97	154	231.5
1618477731656	-95	155.5	231.5
1618477731750	-93	153.5	232
1618477731844	-96	153	235.5
1618477731938	-93	153.5	239.5
1618477732032	-90	160	340.489306
1618477732122	-92	156.5	231.5
1618477732217	-93	153.5	231
1618477732312	-91	154	230.5
1618477732407	-95	160	229
1618477732502	-92	155	232
1618477732597	-96	153.5	235.5
1618477732692	-94	45.11321	231
1618477732787	-93	155	234.5
1618477732882	-95	156.5	230
1618477732977	-92	155.5	230
1618477733072	-97	149.5	233
1618477733167	-92	150.5	230
1618477733262	-27.76931	154.5	232
1618477733356	-95	155.5	234.5
1618477733450	-96	156.5	234.5
1618477733544	-93	154	231
1618477733638	-93	156	230
1618477733732	-94	46.61321	230.5
1618477733826	-93	157	230.5
1618477733920	-93	156.5	230
1618477734014	-93	154.5	229.5
1618477734108	-94	153.5	231
1618477734202	-94	157	230
1618477734296	-91	156	230
1618477734390	-92	156	230
1618477734484	-93	156.5	230
1618477734574	-93	153.5	229.5
1618477734668	-91	45.61321	230.5
1618477734762	-91	156.5	230
1618477734856	-95	156.5	230.5
1618477734950	-95	157	228.5
1618477735044	-94	155.5	227
1618477735138	-93	159.5	226
1618477735232	-92	264.38679	227
1618477735326	-91	156.5	224
1618477735420	-91	153	229.5
1618477735514	-161.23069	150.5	226
1618477735608	-97	153.5	223.5
1618477735702	-94	150	220
1618477735796	-94	149	219
1618477735891	-99	159.5	213
1618477735986	-92	153.5	211
1618477736081	-160.23069	154.5	214
1618477736176	-94	155	203
1618477736271	-94	153.5	196
1618477736366	-28.76931	158.5	188
1618477736461	-94	152.5	181.5
1618477736556	-95	155	178
1618477736651	-161.23069	148.5	172.5
1618477736746	-97	149.5	164.5
1618477736841	-93	151.5	155.5
1618477736936	-91	154.5	149.5
1618477737028	-163.23069	156	146.5
1618477737123	-94	157	150.5
1618477737218	-92	152.5	141.5
1618477737313	-96	146.5	128.5
1618477737408	-94	155.5	106.5
1618477737503	-95	151.5	85
1618477737598	-94	154	91.5
1618477737693	-98	151.5	134.5
1618477737788	-96	157	248
1618477737883	-92	151	339
1618477737978	-94	152	393
1618477738073	-97	156	533
1618477738168	-95	153	541.5
1618477738263	-95	151.5	545.5
1618477738357	-93	150.5	600
1618477738451	-95	154	606.5
1618477738545	-97	158	531.5
1618477738639	-97	159	399.5
1618477738733	-97	150	315.5
1618477738827	-95	150.5	420
1618477738921	-101	153	586
1618477739015	-29.76931	152.5	523
1618477739109	-97	154	171.5
1618477739203	-100	155	-25
1618477739297	-101	42.61321	197.5
1618477739391	-105	144	201.5
1618477739483	-105	144	189
1618477739577	-107	33.61321	139
1618477739671	-114	136.5	170.5
1618477739765	-120	105.5	209
1618477739859	-117	105	223
1618477739953	-110	64.5	250
1618477740047	-86	15.5	280.5
1618477740141	-18	0.5	293.5
1618477740235	-19	28	171.010694
1618477740329	-36	76.5	239
1618477740423	-201	13	252.5
1618477740517	-295	-272	329
1618477740611	-199	-446.5	374
1618477740700	-158	-314.5	328.5
1618477740794	-67	-187	304
1618477740888	-42	-216.88679	276.5
1618477740982	32	339	124
1618477741076	-254	667	51.5
1618477741170	-359.23069	246.5	218.5
1618477741264	-33	-165	316.5
1618477741358	-94	348	159
1618477741452	-147	334	185.5
1618477741546	-150	262.5	208
1618477741640	-144	204.5	217
1618477741734	-134	176	227
1618477741828	-127	153	231.5
1618477741919	-125	148	230.5
1618477742013	-120	138	230
1618477742107	-119	125.5	237.5
1618477742201	-114	118	241.5
1618477742295	-110	119.5	240.5
1618477742389	-114	110	244
1618477742483	-108	109.5	242
1618477742577	-105	109	243
1618477742671	-34.76931	102	249.5
1618477742765	-100	101.5	245
1618477742859	-101	102	243.5
1618477742953	-94	98	251.5
1618477743047	-95	98	247.5
1618477743139	-91	98	247.5
1618477743233	-88	100.5	248
1618477743327	-88	99.5	250
1618477743421	-90	107.5	249.5
1618477743515	-87	106.5	249.5
1618477743609	-87	109	246.5
1618477743703	-87	110.5	244.5
1618477743797	-85	117	249.5
1618477743891	-87	109.5	243.5
1618477743985	-84	121.5	243.5
1618477744079	-84	126.5	242
1618477744173	-85	124	244
1618477744267	-86	130.5	243.5
1618477744357	-82	130.5	240
1618477744451	-87	136	248
1618477744545	-87	134	237.5
1618477744639	-88	136.5	238.5
1618477744733	-90	134.5	239
1618477744827	-87	145	234.5
1618477744921	-88	145	240.5
1618477745015	-88	145.5	235.5
1618477745109	-89	144.5	240
1618477745203	-89	145	235.5
1618477745297	-91	146	236.5
1618477745391	-94	145	234
1618477745485	-94	149	234.5
1618477745577	-90	148.5	238.5
1618477745671	-91	152	233
1618477745765	-91	145	237
1618477745859	-93	147.5	234.5
1618477745953	-91	44.61321	234.5
1618477746047	-91	152	230
1618477746141	-91	149.5	237
1618477746235	-93	157	230
1618477746329	-92	155	233.5
1618477746423	-93	262.88679	235.5
1618477746517	-92	154	232.5
1618477746611	-93	149.5	235.5
1618477746705	-91	154.5	235
1618477746794	-91	156	240.5
1618477746888	-97	153.5	229.5
1618477746982	-95	155.5	236
1618477747076	-92	154	231
1618477747170	-93	153	348.489306
1618477747264	-93	152.5	231
1618477747358	-92	153	231.5
1618477747452	-92	155	231
1618477747546	-91	154.5	235
1618477747640	-89	151.5	231.5
1618477747734	-92	155	232
1618477747828	-97	155.5	233
1618477747922	-93	150.5	234.5
1618477748014	-93	152	239
1618477748108	-93	156	232
1618477748202	-88	155	230.5
1618477748296	-93	155.5	230.5
1618477748390	-22.76931	152.5	238.5
