1610679591900,3.582942
1610679591993,0.711540
1610679592086,-1.952121
1610679592179,3.693760
1610679592272,-1.020518
1610679592365,-3.151607
1610679592458,3.170101
1610679592551,0.245240
1610679592644,-3.683362
1610679592741,2.277405
1610679592836,1.827449
1610679592931,-4.025898
1610679593026,1.152876
1610679593121,3.218142
1610679593216,-3.618393
1610679593311,-0.322932
1610679593406,3.192710
1610679593501,-2.754247
1610679593596,-1.680589
1610679593691,3.870220
1610679593786,-1.874915
1610679593881,-2.691994
1610679593977,3.520170
1610679594090,-0.393723
1610679594203,-3.360697
1610679594316,2.609892
1610679594429,0.982787
1610679594542,-3.902645
1610679594655,1.646529
1610679594768,2.335707
1610679594881,-3.758832
1610679594994,0.270274
1610679595107,3.062474
1610679595220,-3.122773
1610679595333,-1.153432
1610679595450,3.587098
1610679595527,-2.110455
1610679595604,-0.932503
1610679595681,3.661003
1610679595758,-0.979229
1610679595835,-3.167471
1610679595912,2.960864
1610679595989,0.364458
1610679596066,-3.679188
1610679596143,2.124778
1610679596220,1.635323
1610679596297,-4.061325
1610679596374,1.052747
1610679596446,2.736374
1610679596557,-3.758995
1610679596668,-0.517012
1610679596779,3.417309
1610679596890,-2.434304
1610679597001,-1.666326
1610679597112,3.582726
1610679597223,-1.584213
1610679597334,-2.836024
1610679597445,3.430146
1610679597556,-0.228780
1610679597667,-3.632172
1610679597778,2.458552
1610679597893,-2.826254
1610679597984,-4.011102
1610679598075,1.246863
1610679598166,2.462673
1610679598257,-3.826753
1610679598348,0.197364
1610679598439,3.456721
1610679598530,-2.509820
1610679598621,-0.278524
1610679598712,4.026180
1610679598803,-1.140247
1610679598894,-9.079438
1610679598985,-5.971512
1610679599080,-8.492175
1610679599171,-5.864047
1610679599262,4.338744
1610679599353,1.413501
1610679599444,-3.627534
1610679599535,2.145244
1610679599626,2.231377
1610679599717,-3.479691
1610679599808,0.683312
1610679599899,3.191478
1610679599990,-3.326904
1610679600081,3.345444
1610679600172,3.299133
1610679600261,-2.445360
1610679600345,-2.065469
1610679600429,3.795568
1610679600513,-0.952503
1610679600597,-3.173917
1610679600681,3.052673
1610679600765,0.305010
1610679600849,-3.747667
1610679600933,2.341007
1610679601017,1.555322
1610679601101,2.858679
1610679601185,1.043518
1610679601269,2.658776
1610679601355,-3.703905
1610679601449,-0.139929
1610679601543,3.433918
1610679601637,-2.906127
1610679601731,-1.519274
1610679601825,3.330240
1610679601919,-1.463099
1610679602013,-2.816367
1610679602107,3.286308
1610679602201,-1.405569
1610679602295,-3.406955
1610679602389,2.690838
1610679602483,1.017833
1610679602575,-3.756044
1610679602684,1.352847
1610679602793,2.332870
1610679602902,-3.778619
1610679603011,0.381959
1610679603120,3.186796
1610679603229,-2.978079
1610679603338,-1.265236
1610679603447,-3.644784
1610679603556,-1.913412
1610679603665,-2.314687
1610679603774,3.339405
1610679603883,-0.721145
1610679603987,-3.163694
1610679604080,3.059499
1610679604173,0.683923
1610679604266,-3.865441
1610679604359,1.903388
1610679604452,1.871463
1610679604545,-4.079142
1610679604638,-2.939414
1610679604731,3.068566
1610679604824,-3.123101
1610679604917,-0.693683
1610679605010,3.580047
1610679605103,-2.284303
1610679605197,-1.992969
1610679605295,3.552378
1610679605393,-1.211124
1610679605491,-3.184901
1610679605589,3.097345
1610679605687,0.197945
1610679605785,0.093616
1610679605883,2.399060
1610679605981,1.648183
1610679606079,-3.851416
1610679606177,1.038053
1610679606275,2.601580
1610679606373,-3.750314
1610679606472,-0.072528
1610679606567,3.388775
1610679606662,-2.999348
1610679606757,-1.561389
1610679606852,3.610716
1610679606947,3.421317
1610679607042,-2.603066
1610679607137,3.508435
1610679607232,-0.528710
1610679607327,-3.455232
1610679607422,2.587709
1610679607517,0.916176
1610679607612,-4.027611
1610679607710,1.794376
1610679607786,1.979751
nan,nan
