1618476456452	234	-17	-31
1618476456546	241	-13	-37
1618476456640	238	-13	-38
1618476456734	246	-12	-41
1618476456824	249	-10	-37
1618476456918	251	-9	-40
1618476457012	251	-4	-37
1618476457106	249	-5	-41
1618476457200	246	-2	-39
1618476457294	249	0	-41
1618476457388	247	1	-36
1618476457482	243	2	-37
1618476457576	246	3	-33
1618476457670	248	0	-37
1618476457764	247	4	-33
1618476457858	248	2	-33
1618476457952	246	-1	-28
1618476458046	244	-5	-33
1618476458139	246	-2	-35
1618476458232	246	-8	-33
1618476458325	242	-2	-42
1618476458418	245	-8	-41
1618476458511	238	-8	-43
1618476458604	231	-4	-40
1618476458697	234	-9	-46
1618476458790	230	-8	-42
1618476458883	226	-9	-45
1618476458976	227	-12	-38
1618476459069	222	-12	-39
1618476459162	226	-15	-40
1618476459260	225	-21	-37
1618476459354	229	-13	-37
1618476459448	226	-10	-32
1618476459542	225	-7	-37
1618476459636	230	-4	-37
1618476459730	230	-10	-38
1618476459824	228	-4	-40
1618476459918	226	-8	-39
1618476460012	226	-6	-43
1618476460106	225	-6	-41
1618476460200	224	-5	-38
1618476460294	227	-4	-36
1618476460388	225	-7	-37
1618476460481	222	-11	-35
1618476460575	222	-7	-39
1618476460669	220	-7	-37
1618476460763	222	-13	-32
1618476460857	214	-8	-30
1618476460951	213	-6	-27
1618476461045	211	3	-32
1618476461139	231	-22	-30
1618476461233	205	-22	-30
1618476461327	218	1	-27
1618476461421	224	-27	-29
1618476461515	176	23	-26
1618476461609	184	108	-30
1618476461701	288	176	-27
1618476461795	364	130	-28
1618476461889	368	30	-29
1618476461983	343	-45	-25
1618476462077	305	-98	-27
1618476462171	247	-103	-24
1618476462265	237	-69	-26
1618476462359	221	-87	-26
1618476462453	183	-85	-18
1618476462547	154	-18	-24
1618476462641	160	51	-28
1618476462735	194	193	-29
1618476462829	250	230	-32
1618476462919	251	208	-29
1618476463013	310	217	-29
1618476463107	327	154	-30
1618476463201	343	112	-28
1618476463295	354	73	-43
1618476463389	357	30	-71
1618476463483	348	-5	-90
1618476463577	339	-20	-106
1618476463671	326	-28	-79
1618476463765	316	-31	-38
1618476463859	308	-39	-22
1618476463953	304	-35	23
1618476464047	298	-33	25
1618476464138	295	-36	-6
1618476464232	290	-37	-37
1618476464326	291	-36	-57
1618476464420	292	-32	-77
1618476464514	287	-30	-92
1618476464608	284	-29	-125
1618476464702	287	-29	-146
1618476464796	283	-24	-133
1618476464890	286	-22	-134
1618476464984	289	-29	-127
1618476465078	286	-28	-56
1618476465172	287	-23	-10
1618476465266	286	-25	-34
1618476465359	284	-23	4
1618476465453	276	-27	20
1618476465547	274	-25	22
1618476465641	274	-30	22
1618476465735	271	-23	22
1618476465829	265	-29	15
1618476465923	268	-25	9
1618476466017	266	-27	-1
1618476466111	265	-26	-3
1618476466205	264	-26	-3
1618476466299	263	-28	-11
1618476466393	256	-26	-7
1618476466487	256	-24	-18
1618476466576	258	-21	-17
1618476466670	258	-26	-17
1618476466764	258	-24	-19
1618476466858	253	-22	-23
1618476466952	251	-24	-22
1618476467046	248	-20	-19
1618476467140	249	-18	-23
1618476467234	252	-16	-19
1618476467328	252	-21	-21
1618476467422	249	-24	-21
1618476467516	249	-18	-18
1618476467610	255	-17	-19
1618476467704	253	-21	-18
1618476467793	250	-16	-18
1618476467887	251	-17	-15
1618476467981	252	-21	-15
1618476468075	249	-15	-13
1618476468169	250	-20	-16
1618476468263	246	-17	-12
1618476468357	250	-18	-12
1618476468451	245	-16	-10
1618476468545	241	-19	-8
1618476468639	241	-14	-19
1618476468733	237	-15	-24
1618476468827	235	-15	-39
1618476468921	231	-13	-46
1618476469014	228	-12	-59
1618476469108	236	-17	-72
1618476469202	232	-10	-85
1618476469296	232	-7	-100
1618476469390	228	-10	-113
