1610679209616,161.990831035,243.001719255,325.186609674
1610679209710,161.990831003,245.001719261,320.186606843
1610679209804,162.990830971,246.001719267,326.186604048
1610679209898,163.990830848,245.001719290,324.186593143
1610679209992,163.990830932,244.001719275,323.186600527
1610679210080,158.990831229,245.001719219,324.186626895
1610679210174,161.990830905,243.001719280,324.186598135
1610679210268,162.990831234,246.001719218,324.186627326
1610679210362,158.990830966,245.001719268,326.186603618
1610679210456,161.990831209,244.001719223,332.186625169
1610679210550,160.990830947,245.001719272,323.186601855
1610679210644,157.990830927,248.001719276,322.186600153
1610679210738,164.990831165,245.001719231,323.186621209
1610679210832,160.990831077,245.001719248,324.186613394
1610679210926,161.990831001,245.001719262,324.186606644
1610679211020,162.990831234,246.001719218,324.186627326
1610679211114,161.990831180,246.001719228,323.186622537
1610679211208,160.990831077,245.001719248,324.186613394
1610679211299,159.990831023,245.001719258,323.186608606
1610679211393,161.990831001,245.001719262,324.186606644
1610679211487,162.990831187,245.001719227,322.186623171
1610679211581,162.990831234,246.001719218,324.186627326
1610679211675,162.990830794,245.001719300,323.186588355
1610679211769,161.990831001,245.001719262,324.186606644
1610679211863,162.990831138,244.001719236,324.186618817
1610679211957,163.990831106,245.001719242,330.186616022
1610679212051,161.990831261,245.001719213,326.186629722
1610679212145,159.990830856,247.001719289,325.186593838
1610679212239,162.990831138,244.001719236,324.186618817
1610679212333,159.990831187,243.001719227,325.186623175
1610679212427,164.990830772,245.001719305,324.186586393
1610679212518,163.990831015,243.001719259,322.186607911
1610679212612,162.990830959,243.001719270,325.186602924
1610679212706,159.990830809,246.001719298,323.186589683
1610679212800,160.990830863,246.001719288,324.186594471
1610679212894,161.990831001,245.001719262,324.186606644
1610679212988,161.990831084,244.001719246,323.186614028
1610679213082,161.990830988,242.001719264,323.186605519
1610679213176,164.990830986,244.001719265,324.186605316
1610679213270,162.990831055,245.001719252,325.186611433
1610679213364,158.990830740,243.001719311,325.186583570
1610679213458,160.990830851,243.001719290,323.186593347
1610679213552,159.990831023,245.001719258,323.186608606
1610679213646,159.990831097,252.001719244,323.186615209
1610679213737,162.990830794,245.001719300,323.186588355
1610679213831,161.990831035,243.001719255,325.186609674
1610679213925,160.990830947,245.001719272,323.186601855
1610679214019,161.990830952,244.001719271,326.186602290
1610679214113,163.990830848,245.001719290,324.186593143
1610679214207,163.990831179,241.001719228,324.186622481
1610679214301,160.990831241,243.001719217,326.186627964
1610679214395,161.990831001,245.001719262,324.186606644
1610679214489,162.990830924,245.001719276,324.186599894
1610679214583,163.990830966,242.001719268,324.186603558
1610679214677,162.990831185,245.001719227,326.186622972
1610679214771,159.990830890,245.001719282,326.186596868
1610679214865,160.990830993,246.001719263,325.186606010
1610679214956,162.990831138,244.001719236,324.186618817
1610679215050,163.990831239,245.001719217,327.186627760
1610679215144,158.990831207,250.001719223,324.186624990
1610679215238,162.990831055,245.001719252,325.186611433
1610679215332,159.990831236,244.001719218,323.186627529
1610679215426,159.990831153,245.001719233,324.186620145
1610679215520,162.990831138,244.001719236,324.186618817
1610679215614,160.990830898,244.001719281,325.186597501
1610679215708,162.990831187,245.001719227,322.186623171
1610679215802,163.990831062,244.001719250,324.186612066
1610679215896,160.990830851,243.001719290,323.186593347
1610679215990,160.990831256,246.001719214,323.186629287
1610679216084,158.990831229,245.001719219,324.186626895
1610679216173,161.990830836,247.001719293,322.186592075
1610679216267,161.990831131,245.001719237,325.186618183
1610679216361,157.990831045,245.001719254,322.186610568
1610679216455,164.990830986,244.001719265,324.186605316
1610679216549,159.990830976,244.001719266,321.186604451
1610679216643,157.990830782,245.001719303,324.186587291
1610679216737,160.990831160,244.001719232,323.186620779
1610679216831,162.990830782,242.001719303,322.186587230
1610679216925,161.990831084,244.001719246,323.186614028
1610679217019,159.990831108,244.001719242,318.186616189
1610679217113,157.990831002,244.001719261,312.186606811
1610679217207,161.990831240,247.001719217,301.186627886
1610679217301,160.990830976,245.001719266,271.186604443
1610679217393,161.990830887,243.001719283,356.186596543
1610679217487,159.990831135,244.001719237,270.186618578
1610679217581,157.990830953,244.001719271,633.186602425
1610679217675,156.990830964,243.001719269,663.186603428
1610679217769,158.990830791,246.001719301,724.186588066
1610679217863,156.990830973,244.001719267,500.186604206
1610679217957,154.990830782,245.001719303,266.186587250
1610679218051,149.990830840,244.001719292,290.186592376
1610679218145,140.990831104,249.001719242,303.186615811
1610679218239,114.990831055,275.001719252,318.186611470
1610679218333,138.990830991,260.001719264,319.186605781
1610679218427,-33.009169087,612.001719278,321.186598882
1610679218521,136.990831221,278.001719220,321.186626229
1610679218613,-32.009169083,314.001719278,319.186599185
1610679218707,81.990830811,253.001719297,321.186589833
1610679218801,254.990831161,148.001719232,321.186620907
1610679218895,204.990831136,60.001719236,324.186618657
1610679218989,138.990831226,156.001719219,323.186626676
1610679219083,134.990831109,199.001719241,326.186616280
1610679219177,142.990831048,224.001719253,323.186610843
1610679219271,148.990830939,234.001719273,326.186601146
1610679219365,152.990830958,238.001719270,323.186602900
1610679219459,154.990830751,245.001719309,322.186584464
1610679219553,156.990831025,243.001719257,322.186608809
1610679219647,154.990831094,244.001719244,323.186614926
1610679219741,158.990830826,242.001719295,320.186591154
1610679219830,162.990830912,242.001719278,323.186598769
1610679219924,159.990831153,245.001719233,324.186620145
1610679220018,161.990831084,244.001719246,323.186614028
1610679220112,158.990831229,245.001719219,324.186626895
1610679220206,161.990831214,244.001719222,324.186625567
1610679220300,160.990830981,243.001719266,324.186604886
1610679220394,161.990831001,245.001719262,324.186606644
1610679220488,159.990830844,244.001719291,324.186592713
1610679220582,162.990831172,242.001719230,325.186621847
1610679220676,161.990831216,244.001719221,320.186625766
1610679220770,158.990831094,245.001719244,331.186614958
1610679220864,161.990830954,244.001719271,322.186602489
1610679220958,162.990830912,242.001719278,323.186598769
1610679221050,161.990831214,244.001719222,324.186625567
1610679221144,162.990831069,248.001719249,322.186612756
1610679221238,162.990831057,245.001719251,321.186611632
1610679221332,160.990830817,245.001719296,322.186590316
1610679221426,161.990831214,244.001719222,324.186625567
1610679221520,160.990831194,242.001719226,324.186623809
1610679221614,160.990831077,245.001719248,324.186613394
1610679221708,160.990831194,242.001719226,324.186623809
1610679221802,163.990831241,245.001719217,323.186627959
1610679221896,161.990831167,243.001719231,322.186621412
1610679221990,161.990831229,247.001719219,321.186626891
1610679222084,159.990831057,243.001719251,324.186611636
1610679222178,161.990830740,245.001719311,322.186583566
1610679222268,160.990830767,244.001719306,324.186585962
1610679222362,162.990830829,243.001719294,324.186591385
1610679222456,162.990831185,245.001719227,326.186622972
1610679222550,163.990830799,244.001719300,326.186588789
1610679222644,160.990830947,245.001719272,323.186601855
1610679222738,163.990831145,243.001719235,323.186619450
1610679222832,160.990831194,242.001719226,324.186623809
1610679222926,161.990830871,245.001719286,323.186595105
1610679223020,164.990830939,243.001719273,322.186601161
1610679223114,163.990831241,245.001719217,323.186627959
1610679223208,160.990830804,242.001719299,321.186589192
1610679223302,159.990831153,245.001719233,324.186620145
1610679223396,163.990830802,244.001719299,322.186588988
1610679223486,160.990831160,244.001719232,323.186620779
1610679223580,160.990831025,244.001719257,330.186608841
1610679223674,162.990830794,245.001719300,323.186588355
1610679223768,159.990830939,246.001719273,324.186601222
1610679223862,162.990831008,244.001719260,323.186607278
1610679223956,161.990831118,242.001719240,324.186617058
1610679224050,161.990830740,245.001719311,322.186583566
1610679224144,161.990830988,242.001719264,323.186605519
1610679224238,160.990831207,245.001719223,325.186624933
1610679224332,159.990831202,246.001719224,322.186624499
1610679224426,163.990831111,245.001719241,322.186616420
1610679224520,160.990830802,242.001719299,325.186588993
1610679224614,160.990831077,245.001719248,324.186613394
1610679224706,160.990831028,244.001719257,326.186609040
1610679224800,160.990830947,245.001719272,323.186601855
1610679224894,164.990831035,245.001719255,322.186609670
1610679224988,160.990830851,243.001719290,323.186593347
1610679225082,162.990830797,245.001719300,319.186588554
1610679225176,159.990830939,246.001719273,324.186601222
1610679225270,159.990831153,245.001719233,324.186620145
1610679225364,164.990831167,245.001719231,319.186621408
1610679225458,162.990831055,245.001719252,325.186611433
1610679225552,160.990831160,244.001719232,323.186620779
1610679225646,161.990831146,248.001719235,322.186619507
1610679225740,163.990831179,241.001719228,324.186622481
1610679225834,162.990830794,245.001719300,323.186588355
1610679225925,162.990830912,242.001719278,323.186598769
1610679226019,161.990831037,243.001719255,321.186609873
1610679226113,158.990830826,242.001719295,320.186591154
1610679226207,160.990830817,245.001719296,322.186590316
1610679226301,162.990830745,244.001719310,325.186584001
1610679226395,159.990831059,243.001719251,320.186611835
1610679226489,159.990830760,245.001719307,325.186585329
1610679226583,160.990830944,245.001719272,327.186601656
1610679226677,164.990831165,245.001719231,323.186621209
1610679226771,161.990830871,245.001719286,323.186595105
1610679226865,160.990831064,242.001719250,323.186612270
1610679226959,161.990830905,243.001719280,324.186598135
1610679227053,163.990831096,242.001719244,325.186615097
1610679227143,162.990830995,241.001719263,322.186606153
1610679227237,161.990830871,245.001719286,323.186595105
1610679227331,161.990830740,245.001719311,322.186583566
1610679227425,160.990830767,244.001719306,324.186585962
1610679227519,163.990830799,244.001719300,326.186588789
1610679227613,163.990831228,242.001719219,322.186626835
1610679227707,164.861260561,244.650998534,488.114742188
1610679227801,161.990830740,245.001719311,322.186583566
1610679227895,162.990830843,246.001719291,321.186592709
1610679227989,159.990831153,245.001719233,324.186620145
1610679228083,160.990830767,244.001719306,324.186585962
1610679228177,162.990831127,241.001719238,319.186617891
1610679228271,160.990831077,245.001719248,324.186613394
1610679228363,161.990831001,245.001719262,324.186606644
1610679228457,157.990831160,242.001719232,326.186620783
1610679228551,161.990831082,244.001719247,327.186613829
1610679228645,161.990830740,245.001719311,322.186583566
nan,nan,nan,nan
