1618477263397,-4.025293
1618477263491,0.103199
1618477263585,0.105450
1618477263679,0.152138
1618477263773,0.170980
1618477263867,0.182815
1618477263961,0.127304
1618477264055,0.107955
1618477264145,0.145639
1618477264239,0.124292
1618477264333,0.086371
1618477264427,0.103453
1618477264521,0.102708
1618477264615,0.089620
1618477264709,0.110967
1618477264803,0.132297
1618477264897,0.171724
1618477264991,0.101456
1618477265085,0.169236
1618477265179,0.125798
1618477265273,0.101456
1618477265364,0.101947
1618477265458,0.150885
1618477265552,0.125798
1618477265646,0.175989
1618477265740,0.102200
1618477265834,0.174737
1618477265928,0.212421
1618477266022,0.125544
1618477266116,0.106956
1618477266210,0.110459
1618477266304,0.107210
1618477266398,0.105704
1618477266492,0.130046
1618477266584,0.103199
1618477266678,0.130300
1618477266772,0.105704
1618477266866,0.152138
1618477266960,0.105957
1618477267054,0.106956
1618477267148,0.213419
1618477267242,0.175735
1618477267336,0.129048
1618477267430,0.100203
1618477267524,0.177241
1618477267618,0.129048
1618477267712,0.099950
1618477267803,-3.914978
1618477267897,0.215416
1618477267991,0.167730
1618477268085,0.100457
1618477268179,0.125544
1618477268273,0.104214
1618477268367,0.150885
1618477268461,0.128794
1618477268555,0.123801
1618477268649,0.170980
1618477268743,0.107210
1618477268837,0.170980
1618477268931,0.150141
1618477269020,0.169220
1618477269114,0.148634
1618477269208,0.148634
1618477269302,0.149633
1618477269396,0.152391
1618477269490,0.122549
1618477269584,0.100948
1618477269678,0.171724
1618477269772,0.098206
1618477269866,0.209408
1618477269960,0.125798
1618477270054,0.124292
1618477270148,0.164972
1618477270242,0.101947
1618477270336,0.101693
1618477270430,0.094432
1618477270524,0.162958
1618477270618,-0.014519
1618477270712,0.045003
1618477270806,0.090422
1618477270900,0.046239
1618477270994,0.075901
1618477271088,-0.346596
1618477271182,-0.483957
1618477271276,-0.795433
1618477271370,-0.272103
1618477271460,-1.062137
1618477271554,-4.449691
1618477271648,-0.787758
1618477271742,1.408909
1618477271836,2.325888
1618477271930,1.310029
1618477272024,1.664041
1618477272118,0.473251
1618477272212,-1.813389
1618477272306,-6.119529
1618477272400,-6.252328
1618477272494,-5.884073
1618477272588,-4.133480
1618477272677,-2.972943
1618477272771,-2.107928
1618477272865,-1.113213
1618477272959,-0.486973
1618477273053,-0.136963
1618477273147,-0.030296
1618477273241,0.150241
1618477273335,0.190797
1618477273429,0.352164
1618477273523,0.234209
1618477273617,0.275750
1618477273711,0.160406
1618477273805,0.140926
1618477273899,0.123076
1618477273993,0.077894
1618477274087,0.117215
1618477274181,0.133803
1618477274275,0.324268
1618477274369,0.244652
1618477274463,0.240771
1618477274557,0.246869
1618477274651,0.285315
1618477274745,0.271335
1618477274839,0.171494
1618477274933,-4.378209
1618477275027,0.086247
1618477275118,0.232392
1618477275212,0.181219
1618477275306,0.118194
1618477275400,0.180474
1618477275494,0.203073
1618477275588,-3.137503
1618477275682,0.132043
1618477275776,0.219157
1618477275870,0.131552
1618477275964,0.107955
1618477276058,0.105450
1618477276152,0.128049
1618477276246,0.174483
1618477276345,0.174483
1618477276439,0.149650
1618477276533,-0.009747
1618477276627,0.168221
1618477276721,0.174737
1618477276815,-5.256948
1618477276909,0.107955
1618477277003,0.105704
1618477277097,0.147636
1618477277191,0.174737
1618477277285,0.111965
1618477277379,0.083866
1618477277473,0.174991
1618477277561,0.087877
1618477277656,0.150394
1618477277751,0.146891
1618477277846,0.126543
1618477277941,0.101963
1618477278036,0.130554
1618477278131,0.032676
1618477278226,0.109461
1618477278321,0.218920
1618477278416,0.108462
1618477278511,0.103453
1618477278606,0.127541
1618477278701,0.096700
1618477278794,0.154642
1618477278888,0.131552
1618477278982,0.153644
1618477279076,0.110459
1618477279170,0.173231
1618477279264,0.131806
1618477279358,0.175481
1618477279452,0.129301
1618477279546,0.196321
1618477279640,0.166985
1618477279734,0.158399
1618477279828,0.168475
1618477279922,0.168475
1618477280014,0.175481
1618477280109,0.085118
1618477280204,0.170235
1618477280299,0.128049
1618477280394,-4.940666
1618477280489,0.111965
1618477280584,0.129048
1618477280679,0.147145
1618477280774,0.106465
1618477280869,0.104451
1618477280964,0.126306
1618477281059,0.128303
1618477281154,0.195322
1618477281252,0.128794
1618477281345,0.126543
1618477281438,0.106702
1618477281531,0.112964
1618477281624,0.110713
1618477281717,0.172486
1618477281810,0.126543
1618477281903,0.189314
1618477281996,0.131552
1618477282089,0.085863
1618477282182,0.151139
1618477282275,0.174229
1618477282368,0.109461
1618477282467,0.124800
1618477282562,0.106956
1618477282657,0.104451
1618477282752,0.170235
