1618477178301,-11.098700117,260.141664203,380.083639284
1618477178395,-9.177784662,262.295821408,380.089659648
1618477178489,-11.515780300,261.954666482,378.115389793
1618477178583,-10.937881278,261.828184715,382.071396842
1618477178677,-10.511844552,261.946994642,377.115090182
1618477178766,-7.520255107,263.963389093,380.115730441
1618477178860,-14.478020293,260.931791064,380.036389616
1618477178954,-9.008870536,262.966562013,378.076800947
1618477179048,-9.505869514,260.986076740,381.038509656
1618477179142,-9.571392406,260.164527675,377.967371959
1618477179236,-9.511763120,260.048294041,380.962832640
1618477179330,-7.024288766,261.098074451,379.925723327
1618477179424,-11.382799101,257.796908228,380.953015167
1618477179518,-9.091985925,258.230034555,376.930876819
1618477179612,-6.692138064,259.399893677,378.976563803
1618477179706,-7.840676294,259.689434930,379.987871376
1618477179800,-9.898231606,259.801625828,379.992252813
1618477179894,-9.835434985,260.679218199,378.987472378
1618477179988,-8.444420103,261.866295190,380.033831779
1618477180082,-10.651845205,261.270622913,380.049622154
1618477180176,-11.888808481,261.681799473,378.143786814
1618477180270,-9.346560773,263.675540842,382.026382172
1618477180364,-11.377645325,262.736133055,377.028748504
1618477180458,-9.816066749,262.590735195,383.062123629
1618477180552,-8.929429229,262.760980316,382.146879096
1618477180646,-11.487989516,261.900494714,379.113274201
1618477180740,-14.354238711,260.690507223,381.026966660
1618477180834,-9.476258144,262.877627092,379.112381142
1618477180928,-11.538654410,261.049983385,379.041005429
1618477181022,-9.557247934,261.035498136,380.118546545
1618477181116,-11.218678864,259.476993419,379.940521404
1618477181209,-10.471355886,259.918800328,378.035882283
1618477181302,-9.993360392,260.987057606,378.999494555
1618477181395,-10.805819822,261.570761158,379.061343575
1618477181488,-12.064551965,261.125829270,379.004914062
1618477181581,-10.682484232,261.330346676,380.051954570
1618477181674,-10.656949935,261.280573414,380.050010755
1618477181767,-10.859774542,261.675933524,379.065450914
1618477181860,-11.045677633,262.089038083,379.003477240
1618477181953,-10.592642655,262.155221103,378.045115320
1618477182046,-9.862537740,261.732048812,379.989535593
1618477182139,-8.146081957,261.335482378,376.934994916
1618477182232,-8.508426783,259.041790616,379.962578659
1618477182325,-6.324945842,258.684136550,378.948611049
1618477182424,-5.559490619,259.141327867,380.966465928
1618477182518,-10.877086628,258.811137601,376.914517466
1618477182612,-10.365234530,261.711941054,381.027803724
1618477182706,-10.246945700,262.481364075,380.018798907
1618477182800,-9.568313919,261.107797804,380.043263279
1618477182894,-7.758061738,259.528396777,379.981582287
1618477182988,-7.901224418,256.908917759,378.840229300
1618477183082,-6.828458807,254.817806935,378.758564297
1618477183176,-6.681683111,252.531701337,380.747390899
1618477183270,-6.266485481,252.722368664,378.715783700
1618477183364,-10.224691771,254.590172335,377.788727798
1618477183458,-9.224146094,262.436921465,377.017063272
1618477183552,-10.305363365,268.493777801,381.175497334
1618477183643,-13.500970389,268.824339823,380.266513722
1618477183737,-9.339022642,267.610117916,379.101933998
1618477183831,-6.730841054,264.424607225,379.055635766
1618477183925,-9.797961255,262.504713615,381.136871008
1618477184019,-13.457738467,265.740069093,380.263222663
1618477184113,-15.716673203,271.143344917,382.435185586
1618477184207,-17.023818261,273.691324786,378.534692881
1618477184301,-16.246596955,272.176309885,377.475526388
1618477184395,-12.909617930,269.620904596,381.297622290
1618477184489,-10.009480597,268.866293056,380.229098731
1618477184583,-13.969064926,267.736782899,379.302147733
1618477184677,-12.260417886,270.253979688,377.400452844
1618477184771,-14.731454869,267.222887454,381.360185179
1618477184862,-11.623964503,263.114817738,382.199751060
1618477184956,-6.502214383,259.978951900,379.038231407
1618477185050,-7.328111646,257.690307561,379.948852048
1618477185144,-9.725066097,258.413350268,380.055196143
1618477185238,-7.833072841,259.674613741,379.987292558
1618477185332,-3.466383827,257.010566568,381.883252439
1618477185426,-3.026058884,250.304441152,379.621355393
1618477185520,2.573908464,249.134942240,379.575682476
1618477185614,3.480631909,249.316763515,379.582783216
1618477185708,4.761143528,248.769970370,378.561429081
1618477185802,8.013496308,244.379524561,380.389967213
1618477185896,18.757514509,240.979960573,379.257202656
1618477185990,24.065020651,236.532734985,376.005416530
1618477186079,28.922235062,234.912520914,377.864034836
1618477186173,43.617688173,238.455436247,377.963344344
1618477186267,62.918783273,246.020707517,379.712046263
1618477186361,87.082597223,272.802847876,378.547324473
1618477186455,94.718373709,329.324483231,378.357040489
1618477186549,63.181835944,403.305030328,381.996523888
1618477186643,22.062104457,465.350084482,377.787627784
1618477186737,-5.112407150,459.451190865,376.659027526
1618477186831,-119.398525622,308.146519176,379.974944901
1618477186925,-63.092743921,201.195364338,378.484546764
1618477187019,1.683129541,153.291725533,382.511974818
1618477187113,59.470405434,204.387426753,382.507436042
1618477187207,105.090695456,308.040707552,387.166079633
1618477187299,-54.485232719,281.533032370,391.154529422
1618477187393,14.503547731,308.967719979,403.037792762
1618477187487,-13.982469941,255.132597669,417.247775069
1618477187581,-17.286689595,227.776333263,450.194808323
1618477187675,-11.622895913,231.127316074,461.677156283
1618477187769,-10.544984568,237.823258559,457.899602244
1618477187863,-6.576748985,238.732988818,382.130397346
1618477187957,-2.705378944,236.034452523,288.064063717
1618477188051,-1.461621159,235.559302558,292.045507492
1618477188145,-4.047400899,240.650416913,340.166226039
1618477188239,-5.110017297,248.518827911,363.551621112
1618477188333,-9.490440154,248.260375130,411.580581057
1618477188427,-6.254712371,251.699419683,379.714887464
1618477188517,-8.912002670,253.980656559,355.764924130
1618477188611,-13.372118836,260.826818562,305.876076453
1618477188705,-13.700266124,267.212821205,339.281685243
1618477188799,-15.074050987,269.890700110,364.386265538
1618477188893,-14.428850558,270.633029667,372.337149223
1618477188987,-14.723454311,270.207292199,375.359576131
1618477189081,-14.787478838,271.332093350,383.364450041
1618477189175,-15.724540027,274.057221358,374.588035796
1618477189269,-17.218919507,275.071629975,375.549545095
1618477189363,-16.205222083,274.095659049,378.472376698
1618477189457,-14.458563108,270.741676542,379.263285439
1618477189551,-11.939820831,268.679778233,377.299921506
1618477189645,-13.217810462,267.272384407,378.244957982
1618477189735,-15.762399717,265.384665478,378.210289533
1618477189829,-11.642282384,263.251982383,380.048894178
1618477189923,-6.475589825,257.977782487,377.960078923
1618477190017,-5.528927231,251.284667805,377.659636583
1618477190111,-2.801703505,249.917840798,385.528150517
1618477190205,-4.686327756,251.591484073,380.671618804
1618477190299,-8.102177748,254.351359311,379.779401335
1618477190393,-10.602733385,256.327077865,376.817506469
1618477190487,-8.218477208,257.527329402,382.864380381
1618477190581,-7.230907237,256.602287962,378.789200954
1618477190675,-7.093230800,255.333919284,375.778720243
1618477190769,-5.790397142,255.794343503,376.679541156
1618477190863,-7.254900268,255.649056879,379.791027440
1618477190955,-7.319277309,256.723816110,377.872053857
1618477191049,-7.085288848,258.216980138,377.930366999
1618477191143,-6.976851501,260.005606369,379.922112133
1618477191237,-7.619612801,262.258522290,375.971042769
1618477191331,-10.759883071,263.481217983,378.057846609
1618477191425,-10.275531285,266.435626996,380.173226347
1618477191519,-12.537919944,267.947093581,378.193200860
1618477191613,-13.063258068,268.971119918,383.233192577
1618477191707,-16.385747673,266.599739531,380.257742315
1618477191801,-11.219282931,266.325983714,380.168944403
1618477191895,-11.227834981,262.393383040,377.093469762
1618477191989,-9.603948787,259.227988883,379.969850336
1618477192083,-8.760097787,257.583094654,379.905611611
1618477192175,-5.975899899,259.953022374,375.998165364
1618477192270,-10.446011969,259.869398167,382.033952961
1618477192365,-9.747343352,261.507503740,379.980766343
1618477192460,-9.877242850,259.760713056,378.990655030
1618477192555,-6.647873119,258.364338371,377.897068433
1618477192650,-9.020385899,256.090466705,378.925426219
1618477192745,-9.754847818,257.572861043,378.905211954
1618477192840,-7.649249493,261.367021298,379.897173211
1618477192935,-11.197615339,261.435934901,379.938917929
1618477193030,-11.189552357,262.369488900,380.014429800
1618477193125,-9.668055223,263.403678759,382.898604809
1618477193220,-10.835693361,262.628992779,382.063617718
1618477193315,-10.717717338,262.399025546,379.054636714
1618477193405,-11.058252183,262.164278353,378.928308815
1618477193499,-8.693721054,263.301521222,379.128935652
1618477193593,-11.119902574,261.233722603,378.009127664
1618477193687,-7.692995270,261.452293668,379.900503387
1618477193781,-9.453321207,259.934374918,377.958383710
1618477193875,-10.465846297,259.958789712,378.959337191
1618477193969,-8.209000976,261.559586724,378.787533325
1618477194063,-8.941093714,259.935904754,378.919390048
1618477194157,-10.296411625,256.679244697,377.870313191
1618477194251,-7.002341371,256.106022097,380.847926896
1618477194345,-7.439840243,256.009554997,377.805106119
1618477194439,-9.139428530,257.322513047,378.934488419
1618477194533,-9.230200051,260.448722269,380.017524133
1618477194628,-8.659322517,263.285198218,379.050191369
1618477194722,-12.360941795,262.703573350,379.027476937
1618477194816,-8.866593836,265.638497111,380.142095709
1618477194910,-13.154296255,265.148578009,382.240122920
1618477195004,-12.235431659,267.357461959,379.170173736
1618477195098,-11.784703118,267.478869914,380.135861723
1618477195192,-10.752164486,266.415443306,380.133384698
1618477195286,-9.514061529,265.900587066,379.191384622
1618477195380,-10.231020434,266.348863287,380.169837929
1618477195474,-13.962138500,266.723281418,378.301620454
1618477195568,-11.654344045,269.326222893,375.973686708
1618477195662,-13.521229284,266.965288028,376.115804601
1618477195756,-10.511709931,264.997461295,380.038954262
1618477195855,-11.242904743,261.473487156,379.018491287
1618477195949,-8.617197891,261.253814975,376.970858932
1618477196043,-9.129582179,260.303319841,379.933738859
1618477196137,-8.583636919,260.188395547,378.968304081
1618477196231,-8.850401707,259.759121460,375.912486058
1618477196325,-9.833018249,258.725236392,381.911162731
1618477196419,-7.810669402,258.732401498,378.833335738
1618477196513,-7.984112591,256.121218332,376.770413546
1618477196607,-6.524807879,254.225909006,379.735448666
