1618477094259	-282	343	113
1618477094353	-281	361	113
1618477094447	-280	366	117
1618477094539	-285	374	111
1618477094633	-286	375	118
1618477094727	-287	383	120
1618477094821	-285	390	118
1618477094915	-287	397	120
1618477095009	-285	395	117
1618477095103	-286	397	122
1618477095197	-285	394	120
1618477095291	-286	396	119
1618477095385	-287	398	120
1618477095479	-284	402	117
1618477095573	-281	408	115
1618477095667	-280	401	105
1618477095757	-279	404	94
1618477095851	-278	407	87
1618477095945	-273	405	85
1618477096039	-268	404	80
1618477096133	-266	411	76
1618477096227	-266	411	70
1618477096321	-261	406	72
1618477096415	-262	410	79
1618477096509	-262	414	74
1618477096603	-263	415	78
1618477096697	-265	416	78
1618477096791	-264	415	81
1618477096885	-262	418	80
1618477096978	-267	418	79
1618477097072	-264	425	84
1618477097166	-270	427	84
1618477097260	-269	429	85
1618477097354	-270	433	87
1618477097448	-269	430	84
1618477097542	-269	432	80
1618477097636	-274	441	80
1618477097730	-272	444	80
1618477097824	-270	449	87
1618477097918	-271	458	82
1618477098012	-274	462	87
1618477098106	-273	472	87
1618477098195	-274	479	85
1618477098289	-272	491	83
1618477098383	-272	493	83
1618477098477	-271	502	81
1618477098571	-273	502	73
1618477098665	-272	506	62
1618477098759	-275	506	55
1618477098853	-279	511	34
1618477098947	-280	512	45
1618477099041	-281	515	66
1618477099135	-284	515	75
1618477099229	-286	515	72
1618477099323	-287	517	117
1618477099415	-288	520	133
1618477099509	-287	524	114
1618477099603	-286	527	93
1618477099697	-288	534	63
1618477099791	-291	542	61
1618477099885	-292	544	43
1618477099979	-291	557	1
1618477100073	-295	561	-6
1618477100167	-291	560	-13
1618477100261	-300	569	20
1618477100355	-296	570	144
1618477100449	-298	573	166
1618477100543	-302	574	211
1618477100635	-303	579	201
1618477100754	-305	578	183
1618477100873	-321	589	172
1618477100992	-324	628	163
1618477101111	-334	659	143
1618477101230	-301	743	140
1618477101349	-258	676	121
1618477101468	-327	624	119
1618477101587	-353	720	114
1618477101706	-272	742	117
1618477101825	-212	693	111
1618477101944	-219	638	105
1618477102063	-237	604	114
1618477102180	-276	573	110
1618477102250	-313	591	111
1618477102320	-339	604	108
1618477102390	-380	669	110
1618477102460	-416	730	110
1618477102530	-473	840	106
1618477102600	-388	982	108
1618477102670	-285	888	109
1618477102740	-293	860	107
1618477102810	-198	795	108
1618477102880	-210	715	111
1618477102950	-219	691	116
1618477103020	-208	662	106
1618477103089	-205	633	104
1618477103183	-220	617	106
1618477103277	-225	609	107
1618477103371	-238	604	105
1618477103465	-243	600	101
1618477103559	-250	601	100
1618477103653	-259	599	103
1618477103747	-264	593	97
1618477103841	-266	595	94
1618477103935	-269	595	91
1618477104029	-272	594	91
1618477104123	-273	596	87
1618477104217	-273	597	83
1618477104307	-277	601	86
1618477104402	-278	599	92
1618477104497	-279	591	89
1618477104592	-279	588	89
1618477104687	-279	593	87
1618477104782	-282	587	85
1618477104877	-280	594	83
1618477104972	-282	590	85
1618477105067	-282	594	85
1618477105162	-286	588	85
1618477105257	-282	589	85
1618477105352	-285	582	89
1618477105447	-280	583	87
1618477105540	-279	579	89
1618477105634	-282	573	96
1618477105728	-277	569	93
1618477105822	-277	570	93
1618477105916	-276	566	94
1618477106010	-278	561	100
1618477106104	-277	557	103
1618477106198	-277	554	107
1618477106292	-275	557	109
1618477106386	-280	552	109
1618477106480	-281	554	111
1618477106574	-280	553	116
1618477106668	-274	549	122
1618477106760	-277	548	132
1618477106854	-281	555	129
1618477106948	-280	556	135
1618477107042	-277	553	143
1618477107136	-276	550	140
1618477107230	-279	553	155
1618477107324	-277	549	152
1618477107418	-279	551	153
