1610678683152,121.276078716,199.345843291,473.079919304
1610678683246,326.853682009,294.881128647,46.417590051
1610678683340,138.783041734,251.613477272,316.769927708
1610678683434,52.247763100,173.585247262,585.122265672
1610678683528,307.346606064,291.881126637,102.938763337
1610678683622,197.304253650,284.627597114,224.234638933
1610678683716,42.994206139,163.331715262,632.389910023
1610678683810,281.585976517,284.627593000,184.220523200
1610678683904,215.811262579,291.881120601,139.952878682
1610678683998,-5.273405034,172.585247841,586.122265694
1610678684092,223.064812035,235.359949514,314.769927751
1610678684184,309.346608586,337.148771386,75.178176667
1610678684278,249.825455296,283.627600244,195.474052371
1610678684372,159.290138854,208.599366050,466.826390175
1610678684466,304.346597769,319.641712401,50.417589939
1610678684560,52.501292220,216.852891756,464.826390054
1610678684654,91.515439043,199.345837427,535.601092443
1610678684748,311.600120134,309.388182785,47.417589912
1610678684842,120.275968905,214.852888926,337.276985432
1610678684936,49.501323710,160.331721878,593.375794700
1610678685030,296.346578172,285.881123551,102.938763219
1610678685124,162.797235658,241.867014837,225.234639101
1610678685218,2.487213190,115.571135756,604.629323615
1610678685312,259.585959677,285.627591136,232.488167598
1610678685402,157.853635141,414.655825717,59.671118747
1610678685497,-200.259285652,44.571132687,631.389910180
1610678685592,-48.935206539,-531.386523648,315.769927673
1610678685687,558.586059083,-51.851224500,84.431705718
1610678685782,306.247791436,255.092308186,565.615208005
1610678685877,539.783042372,966.613477343,416.558745543
1610678685972,554.600098899,56.148767116,47.417589822
1610678686067,331.247776152,351.092306494,434.065803426
1610678686162,322.768939772,438.838776522,525.601092323
1610678686257,327.107166117,605.655825947,42.417589862
1610678686352,59.022527012,302.106427448,348.784043588
1610678686447,25.501268772,184.331715799,579.122265574
1610678686542,257.585987357,298.881123093,91.685234308
1610678686637,176.050755283,277.374071598,268.488167956
1610678686731,-15.273388649,156.078191866,671.136381339
1610678686825,275.586020126,293.881126720,230.220523385
1610678686919,227.318393023,291.881128641,147.952878989
1610678687013,46.247756538,153.078188748,735.629323432
1610678687107,237.571914805,274.374070067,-54.737129846
1610678687201,279.585995174,303.134652852,-188.582410128
1610678687295,36.994216478,183.838774194,526.361678916
1610678687389,168.543678149,227.106424988,287.051687963
1610678687483,306.346570464,321.641709379,-134.835939070
1610678687577,67.754798992,208.599360414,369.826389960
1610678687671,122.276005674,245.613479677,308.784043375
1610678687765,306.346578584,313.388181384,13.164060964
1610678687857,144.783089695,211.599367005,338.784043486
1610678687952,57.501306765,164.331720003,546.361679053
1610678688047,281.585973666,329.895237153,77.431705356
1610678688142,177.797191780,248.613481087,238.741696703
1610678688237,40.994272966,137.571135976,599.629323624
1610678688332,271.332437381,291.881120760,195.474052051
1610678688427,231.318396617,308.134657933,130.699350111
1610678688522,15.233643794,171.585246849,620.136381232
1610678688617,226.064868393,274.374071326,296.262870202
1610678688712,283.585985472,318.641709566,47.417589831
1610678688807,31.740761573,155.078195701,593.375794804
1610678688902,152.036646524,198.345841202,420.558745861
1610678688997,307.346590378,328.895240477,49.417589908
1610678689093,77.008321436,211.599359701,489.586976614
1610678689187,102.768876533,200.345827312,528.601092056
1610678689281,327.853615845,321.641708006,28.910531984
1610678689375,115.022512073,246.613483582,345.530514631
1610678689469,57.501268473,180.838773553,584.122265573
1610678689563,299.093033871,302.134650740,91.431705366
1610678689657,198.304249720,286.627596679,223.234638916
1610678689751,39.994285809,137.571137397,612.882852572
1610678689845,281.586017418,291.881126420,186.220523373
1610678689939,50.247808616,162.331723405,604.629323652
1610678690033,15.233727593,163.331727229,585.122266011
1610678690127,216.811325528,267.120540886,306.516399037
1610678690221,280.585977802,325.641708717,77.178176480
1610678690311,24.487158195,180.838774139,537.854621126
1610678690406,142.783005508,218.852886582,440.319332068
1610678690501,326.853672379,328.895243156,27.910532223
1610678690596,68.754882112,208.599369613,447.319332524
1610678690691,87.261929318,191.092310654,530.601092524
1610678690786,337.107156539,347.402295994,56.671118715
1610678690881,115.022462118,244.613478054,326.023456632
1610678690976,42.994184411,171.585241752,611.882852143
1610678691071,154.036578369,231.106420341,434.812274466
1610678691166,218.811317041,291.881126628,222.234638957
1610678691261,40.994164232,165.331710625,624.136380951
1610678691356,240.571888369,274.374067141,212.981109998
1610678691451,272.332420410,291.881118882,103.938763041
1610678691546,5.980116552,143.824660351,611.882852345
1610678691639,207.557758660,248.613478896,318.769927770
1610678691732,298.093081285,345.148771562,19.657003310
1610678691825,40.994198692,180.838772226,514.094034371
1610678691918,150.036542587,201.345829700,473.079918784
1610678692011,337.107105530,348.402290349,19.657002924
1610678692104,68.754834014,237.359950972,399.051687851
1610678692197,261.078984340,292.881129154,215.981110159
1610678692290,308.346595298,295.881125446,50.417589929
1610678692383,161.290083072,249.613475452,272.502283169
1610678692476,50.247812941,153.078194990,605.629323671
