1618478013217,0.116348
1618478013311,-0.180916
1618478013405,-0.132406
1618478013499,-0.046237
1618478013593,0.035028
1618478013687,0.016851
1618478013781,-0.058338
1618478013875,0.116348
1618478013969,0.116348
1618478014063,-0.028060
1618478014157,-0.017105
1618478014251,0.117574
1618478014345,0.022902
1618478014436,-0.055966
1618478014530,0.056858
1618478014624,-0.052287
1618478014718,-0.128727
1618478014812,-0.020783
1618478014906,0.010801
1618478015000,0.053260
1618478015094,-0.024382
1618478015188,-0.017105
1618478015282,0.021676
1618478015376,0.084764
1618478015470,-0.179689
1618478015564,0.024128
1618478015654,-0.023155
1618478015748,0.050808
1618478015842,-0.117828
1618478015936,-0.083871
1618478016030,0.121172
1618478016124,0.081166
1618478016218,0.004670
1618478016312,0.010801
1618478016406,-0.108098
1618478016500,-0.017105
1618478016594,0.037480
1618478016688,-0.109325
1618478016782,0.020450
1618478016873,-0.019557
1618478016967,-0.081419
1618478017061,-0.074142
1618478017155,-0.072940
1618478017249,0.043531
1618478017343,0.010776
1618478017437,3.486041
1618478017531,0.022902
1618478017625,-0.194243
1618478017719,0.112669
1618478017813,-0.110551
1618478017907,-0.020783
1618478018001,0.050808
1618478018091,-0.189443
1618478018185,0.081166
1618478018279,-0.028060
1618478018373,-0.108098
1618478018467,-0.046237
1618478018561,-0.017105
1618478018655,0.025355
1618478018749,0.002298
1618478018843,0.003500
1618478018937,0.079939
1618478019031,-0.074062
1618478019125,-0.051061
1618478019219,-0.171186
1618478019311,0.003500
1618478019405,0.113896
1618478019499,-0.040186
1618478019593,-0.017105
1618478019687,-0.111777
1618478019781,-0.059564
1618478019875,-0.137230
1618478019969,0.081166
1618478020063,0.044757
1618478020157,0.078713
1618478020251,-0.082645
1618478020345,-0.046237
1618478020439,-0.113003
1618478020531,-0.057112
1618478020625,0.032575
1618478020719,-0.062017
1618478020813,-0.129953
1618478020907,-0.060790
1618478021001,-0.129929
1618478021095,-0.025608
1618478021189,-0.132381
1618478021283,-0.104476
1618478021377,-0.297338
1618478021471,-0.322847
1618478021565,-0.496307
1618478021659,-0.860257
1618478021748,-2.547885
1618478021842,-2.965137
1618478021936,-5.631936
1618478022030,-6.915658
1618478022124,-5.967130
1618478022218,-1.409055
1618478022312,3.030651
1618478022406,2.104993
1618478022500,-4.988834
1618478022594,-1.804339
1618478022688,-1.032338
1618478022782,-0.039712
1618478022876,0.801649
1618478022968,0.325127
1618478023062,0.181727
1618478023156,0.115052
1618478023250,0.130387
1618478023344,0.149215
1618478023438,0.085223
1618478023532,0.095124
1618478023626,-0.041080
1618478023720,-0.078199
1618478023814,-0.064550
1618478023908,0.045903
1618478024002,-0.090003
1618478024096,0.019223
1618478024186,-0.105726
1618478024280,-0.013507
1618478024374,-0.026834
1618478024468,-0.092318
1618478024562,-0.009828
1618478024656,-0.019557
1618478024750,0.013253
1618478024844,-0.006230
1618478024938,-0.036507
1618478025032,-0.018331
1618478025126,0.015625
1618478025220,0.007122
1618478025314,0.010720
1618478025407,-0.018331
1618478025501,0.053260
1618478025595,-0.008682
1618478025689,-0.012280
1618478025783,0.058084
1618478025877,0.047209
1618478025971,0.059311
1618478026065,-0.022010
1618478026159,0.010776
1618478026253,0.078713
1618478026347,-0.048689
1618478026441,-0.030457
1618478026535,-0.017105
1618478026624,-0.013507
1618478026718,0.016851
1618478026812,-0.072916
1618478026906,0.052034
1618478027000,0.043531
1618478027094,-0.005003
1618478027188,-0.080193
1618478027282,-0.117828
1618478027376,-0.069318
1618478027470,-0.009828
1618478027564,0.141801
1618478027658,-0.068091
1618478027752,-0.028060
1618478027841,-0.023236
1618478027935,0.081166
1618478028029,0.022902
1618478028123,-0.104420
1618478028217,-0.080193
1618478028311,-0.018331
1618478028405,0.059391
1618478028499,0.037480
1618478028593,-0.115375
1618478028687,-0.046237
1618478028781,-0.013507
1618478028875,-0.046237
1618478028969,0.009575
1618478029062,0.015625
1618478029156,-0.065639
1618478029250,0.036254
1618478029344,-0.052287
1618478029438,-0.072916
1618478029532,-0.108098
1618478029626,0.116348
1618478029720,0.053260
1618478029814,0.041078
1618478029908,0.049662
1618478030002,-0.178463
1618478030096,0.115122
1618478030190,0.042305
1618478030281,0.163656
1618478030375,0.109071
1618478030469,0.111443
1618478030563,0.008348
1618478030657,0.106619
