1618476250753,-0.823961
1618476250847,-0.249728
1618476250941,2.206128
1618476251035,-0.688499
1618476251129,-2.250517
1618476251223,2.228512
1618476251317,0.047292
1618476251411,-1.939293
1618476251505,0.945915
1618476251596,-0.063115
1618476251692,-1.973607
1618476251788,0.971944
1618476251884,1.352025
1618476251980,-2.294177
1618476252076,0.292762
1618476252172,1.646792
1618476252268,-0.858466
1618476252364,-0.564497
1618476252460,1.774294
1618476252556,-0.884084
1618476252652,-0.955965
1618476252748,1.880107
1618476252838,-0.510000
1618476252931,-1.065094
1618476253024,1.252108
1618476253117,0.382884
1618476253210,-1.455564
1618476253303,0.613646
1618476253396,-0.089100
1618476253489,-1.224579
1618476253582,0.819449
1618476253675,1.725213
1618476253768,-1.688119
1618476253861,0.007691
1618476253954,2.301484
1618476254052,-0.859751
1618476254146,-1.149030
1618476254240,1.336423
1618476254334,-0.520368
1618476254428,-1.443831
1618476254522,1.827356
1618476254616,1.034549
1618476254710,-1.637827
1618476254804,0.655740
1618476254898,0.963422
1618476254992,-1.453277
1618476255086,-0.138923
1618476255180,1.271177
1618476255276,-1.023448
1618476255370,-0.752498
1618476255464,2.205008
1618476255558,-0.802315
1618476255652,1.694593
1618476255746,1.581381
1618476255840,-0.345163
1618476255934,-1.478246
1618476256028,1.218047
1618476256122,0.628218
1618476256216,-1.562470
1618476256310,0.694840
1618476256404,1.097205
1618476256494,-1.956106
1618476256588,-0.160482
1618476256682,1.497785
1618476256776,0.401912
1618476256870,-0.911872
1618476256964,1.710464
1618476257058,-0.465043
1618476257152,-0.819415
1618476257246,2.054889
1618476257340,0.129811
1618476257434,-1.866635
1618476257528,1.294976
1618476257622,1.011744
1618476257712,-1.932405
1618476257806,0.059183
1618476257900,-0.928336
1618476257994,-0.851542
1618476258088,-0.200724
1618476258182,1.637757
1618476258276,-1.476024
1618476258370,-1.432421
1618476258464,0.880639
1618476258558,-1.607498
1618476258652,-2.872259
1618476258746,-0.510097
1618476258840,-2.515149
1618476258939,-5.323957
1618476259034,-5.569763
1618476259129,-3.673497
1618476259224,-5.945236
1618476259319,-5.006599
1618476259414,-3.892198
1618476259509,-3.019911
1618476259604,-1.830811
1618476259699,1.261673
1618476259794,-0.559448
1618476259889,-0.573006
1618476259984,2.408358
1618476260079,1.218608
1618476260176,0.587304
1618476260270,2.013989
1618476260364,0.725824
1618476260458,-2.518569
1618476260552,-2.352595
1618476260646,-3.024648
1618476260740,-4.302968
1618476260834,-1.816256
1618476260928,0.978235
1618476261022,-1.201339
1618476261116,-1.254102
1618476261210,1.464625
1618476261304,-0.555435
1618476261392,-1.667242
1618476261486,0.888775
1618476261580,0.116731
1618476261674,-2.145627
1618476261768,1.232207
1618476261862,-0.196753
1618476261956,-1.548541
1618476262050,0.305797
1618476262144,1.174985
1618476262238,-0.694916
1618476262332,-0.227336
1618476262426,0.643832
1618476262520,-0.689405
1618476262614,-0.700819
1618476262709,1.564362
1618476262804,0.043730
1618476262899,-1.287332
1618476262994,1.519013
1618476263089,0.619010
1618476263184,-1.839086
1618476263279,0.913372
1618476263374,1.004151
1618476263469,-1.206236
1618476263564,1.851383
1618476263659,1.848161
1618476263754,-0.635133
1618476263844,-0.688165
1618476263939,1.518271
1618476264034,0.114908
1618476264129,-1.042446
1618476264224,1.223663
1618476264319,0.475374
1618476264414,-1.078642
1618476264509,0.505350
1618476264604,1.791614
1618476264699,1.950015
1618476264794,-0.033290
1618476264889,1.650685
1618476264984,-1.322237
1618476265082,-1.125620
1618476265176,0.780304
1618476265270,0.115640
1618476265364,-1.146924
1618476265458,1.133342
1618476265552,0.593273
1618476265646,-1.418184
1618476265740,0.684415
1618476265834,0.998034
1618476265928,-1.593047
1618476266022,0.001440
1618476266116,1.476112
1618476266210,-0.951813
1618476266302,-0.588928
1618476266396,1.881320
1618476266490,-0.322672
1618476266584,-0.821470
1618476266678,1.159721
1618476266772,0.057789
1618476266866,-1.587496
1618476266960,0.062191
1618476267054,0.494787
1618476267148,-1.993691
1618476267242,0.154198
1618476267336,1.595982
1618476267430,-1.650396
1618476267518,0.041084
1618476267613,1.808953
1618476267708,-1.104899
1618476267803,-1.330746
1618476267898,1.613499
1618476267993,-0.072072
1618476268088,-0.822844
1618476268183,0.603317
1618476268278,0.744275
1618476268373,-2.041375
1618476268468,0.524513
1618476268563,1.274491
1618476268658,-1.615599
1618476268752,-0.581239
1618476268846,1.654632
1618476268940,-0.431957
1618476269034,-0.491906
1618476269128,1.860975
1618476269222,-1.891391
1618476269316,-1.273248
1618476269410,1.252904
1618476269504,0.813829
1618476269598,-1.795652
1618476269692,0.709201
1618476269786,1.361717
1618476269880,-1.241772
1618476269971,-0.293777
1618476270065,2.046356
1618476270159,-0.907010
1618476270253,-0.354332
1618476270347,-1.904882
1618476270441,0.123710
1618476270535,-1.714585
1618476270629,0.946269
1618476270723,0.588840
1618476270817,-1.573431
1618476270911,0.717995
1618476271005,1.161350
1618476271099,-1.243618
