1618477688074,-13.323675577,262.978054176,397.580828638
1618477688168,23.990114189,291.229085132,272.982579560
1618477688260,-70.825738025,243.321159783,459.614266205
1618477688354,-27.449194071,261.446675736,427.831820597
1618477688448,35.115632662,296.291842462,271.982618414
1618477688542,-45.106087596,251.383917825,432.894590426
1618477688636,-35.511952219,242.321160246,434.425952284
1618477688730,44.178387950,280.634948405,273.982585427
1618477688824,-29.449189855,259.978053984,378.392572147
1618477688918,-63.762983537,232.727023621,478.802495925
1618477689012,35.115627802,277.634948765,294.170827226
1618477689106,-4.260919504,276.103569979,343.078743893
1618477689200,-67.294356637,228.195643858,498.459467163
1618477689294,20.521491050,274.103569892,324.953235984
1618477689388,0.801838412,278.634948844,308.296335804
1618477689478,-82.951252744,231.727022998,476.802550505
1618477689572,4.333218063,261.446675409,382.392544794
1618477689666,36.115628383,295.291843109,281.576698280
1618477689760,12.927354223,276.103569918,329.484612647
1618477689854,-19.386432316,248.852538473,429.894631222
1618477689948,34.115626624,288.229085603,275.982538271
1618477690042,-57.231601586,249.383917590,431.894611078
1618477690136,-48.106081631,242.321159149,457.614321797
1618477690230,39.647006037,287.697706637,272.982545256
1618477690324,-32.511948041,253.383917387,378.455324440
1618477690418,-58.231600250,228.195644068,482.333933222
1618477690512,36.115631345,278.634948228,292.170874257
1618477690606,-13.323676032,263.509433131,342.078760416
1618477690695,-71.357119186,218.601507922,486.865267116
1618477690789,23.521493884,278.103569463,344.610168026
1618477690883,42.178384553,302.354601125,275.513919226
1618477690977,-69.825739392,219.601507785,496.459415814
1618477691071,5.333216062,259.978054599,377.392518234
1618477691165,20.521489260,302.291843482,287.108044470
1618477691259,-64.762977563,242.789780490,473.739817443
1618477691353,-25.449187779,261.978053670,416.237767452
1618477691447,38.647004599,295.291843514,273.982526168
1618477691541,-63.762978491,242.789780630,421.300500718
1618477691635,-44.574708070,238.258402182,458.614251118
1618477691729,47.709761181,301.354601467,268.982510365
1618477691823,-39.043330449,253.915296807,390.518035474
1618477691915,-59.231598807,230.195643850,475.802573488
1618477692009,26.521490869,279.634948806,288.639444707
1618477692103,-12.792293727,270.572190387,344.610184669
1618477692197,-82.951254276,224.664265457,490.928045714
1618477692291,26.521489290,277.634949045,323.953212610
1618477692385,7.864595265,279.634948984,307.296323600
1618477692479,-61.762978475,224.664265082,485.865320880
1618477692573,13.395974888,270.572191099,369.329774439
1618477692667,27.521490732,281.166327713,271.982548462
1618477692761,-66.294360795,236.258402261,466.208380881
1618477692855,-15.855050769,257.915295844,413.175014336
1618477692949,36.115625717,290.229085740,268.451147342
1618477693043,-54.700223152,246.852538772,429.894605073
1618477693132,-33.511951857,265.978054624,392.518031556
1618477693226,35.115624900,284.697706977,269.451136499
1618477693320,-29.449189118,246.852538326,389.518097484
1618477693414,-59.231598354,230.195643781,465.208442834
1618477693508,27.521494914,293.760463740,288.108119514
1618477693602,-13.323676141,259.978054261,344.141516737
1618477693696,-64.294357512,218.601507331,484.865318887
1618477693790,21.990113856,279.634948523,331.484637326
1618477693884,4.864598227,282.166327422,305.764984023
1618477693978,-76.888498404,232.727023518,490.928020481
1618477694072,5.333216851,271.572191139,366.329770942
1618477694166,25.521495269,289.229084800,275.982608679
1618477694260,-72.825737213,223.664265228,484.333929185
1618477694350,-24.917812560,242.321159792,420.237718770
1618477694444,34.115626246,292.760464546,273.982533257
1618477694538,-53.168844082,246.852538744,443.488744165
1618477694632,-41.574711978,242.321160547,459.614199246
1618477694726,40.178384084,287.229085650,263.919776336
1618477694820,-43.043328147,260.978054231,387.986687147
1618477694914,-61.231599370,232.258401708,479.802566017
1618477695008,29.584251114,281.166327318,286.108098640
1618477695102,-11.260920161,276.103570079,340.078735168
1618477695196,-69.294358418,217.601507469,489.396685752
1618477695290,20.521487533,276.634949311,328.953189300
1618477695384,-67.762977482,227.195643818,485.865334072
1618477695478,-83.888496597,223.195644358,476.802528918
1618477695575,-9.198159263,263.040811833,370.861186629
1618477695670,16.521494174,285.229084965,282.576730805
1618477695765,-83.357119911,228.258402464,460.145605276
1618477695860,-35.449192320,243.383917698,423.831843844
1618477695955,31.178387148,282.760464073,263.919817008
1618477696050,-70.700220927,233.852538435,424.831876829
1618477696145,-63.637467493,218.789781319,455.614229209
1618477696240,27.709764152,277.823222131,271.513928678
1618477696335,-57.043329314,230.978054408,377.923913874
1618477696430,-86.294358300,196.727022997,487.396687315
1618477696525,-42.917812326,205.915296416,416.769100776
1618477696620,-14.198160814,217.634948727,341.078756052
1618477696715,-64.294363369,147.195644878,492.927998917
1618477696804,26.395977938,180.572190637,337.547404951
1618477696898,74.990113508,196.634948575,295.170843843
1618477696992,-2.419874578,161.132886448,486.396677595
1618477697086,68.270458683,225.978054539,375.392523466
1618477697180,74.584246477,236.291843567,261.388384884
1618477697274,-42.294362093,127.258402458,448.551469214
1618477697368,1.082186776,143.321159893,431.425983281
1618477697462,5.709766717,296.823221742,258.388447185
1618477697556,-237.700224202,191.446675590,403.174938923
1618477697650,-173.541263678,128.634948318,334.547413061
1618477697744,-153.884372348,37.634948788,267.982551913
1618477697838,-131.386433988,-66.021945727,359.735652412
1618477697932,-94.762982610,-79.335734292,481.865265999
1618477698024,64.647007060,34.697706482,312.359105469
1618477698118,84.801838134,74.634948886,313.890468769
1618477698212,28.642882294,94.195644357,483.396665641
1618477698306,77.864596600,168.572191008,348.204266835
1618477698400,97.521494281,152.697706063,294.702247772
1618477698494,62.174260681,271.664265547,462.208385695
1618477698588,-28.855054994,552.978054256,391.580821591
1618477698682,-96.352990260,485.354600508,259.919836643
1618477698776,-121.884373078,251.760464444,271.513921119
1618477698870,27.488050676,56.321159808,436.488748487
1618477698964,113.709762022,314.229085794,262.982521531
1618477699058,-46.511951080,338.383917847,384.580799646
1618477699152,-116.231603166,304.727023396,448.208378962
1618477699243,-19.821613796,312.166327556,264.576698918
1618477699337,-60.323676737,267.040812125,331.672887712
1618477699431,-110.357117336,207.664265415,450.333912784
1618477699525,-13.072644231,254.634948570,288.484633169
1618477699619,-13.135402929,259.697706483,255.764968684
1618477699713,-75.762982577,200.195644589,424.928024208
1618477699807,-2.666781669,230.978054255,294.861169463
1618477699901,12.458736545,250.634948284,212.639490489
1618477699995,-72.825738203,210.789780924,391.208400498
1618477700089,-14.855053731,221.383917405,455.237732794
1618477700183,37.115629026,263.229085239,384.513949035
1618477700277,-41.106086538,224.383917665,629.363225573
1618477700371,-43.106089295,219.321160310,837.020083414
1618477700460,47.178386932,256.634948559,737.513950802
1618477700554,-24.449193209,240.978054492,743.329769854
1618477700648,-56.231603476,208.195644557,768.928027056
1618477700742,37.115631456,256.103569325,587.296391275
1618477700836,4.801837741,250.509433400,587.421842446
1618477700930,-69.357115186,206.132886203,621.053593521
1618477701024,-21.449189563,246.978053940,229.735681588
1618477701118,27.990112364,267.166327635,300.576692006
1618477701212,-72.888493095,222.258401601,621.333954288
1618477701306,-13.855053497,244.446675143,389.580841467
1618477701400,41.115626129,290.823222337,182.388395039
1618477701494,-48.168844420,227.258402136,360.894603017
1618477701588,-43.106085847,252.978054220,398.551508062
1618477701687,41.115628281,282.229085352,239.982560264
1618477701781,-23.449191982,246.915296533,372.518059465
1618477701875,-64.294360707,230.258402248,463.333897594
1618477701969,38.115626218,269.103570118,286.170806202
1618477702063,-0.260917221,258.509432974,341.141531969
1618477702157,-49.637461530,241.852538189,425.894656152
1618477702251,20.458731730,271.103570127,334.547352098
1618477702345,21.990111416,273.103570005,300.702194967
1618477702439,-75.357117328,229.195644300,481.333912886
1618477702533,-2.729541266,256.978054532,399.580797458
1618477702627,27.521493660,281.697706157,275.982587322
1618477702721,-68.825739257,229.195644424,459.614249859
1618477702815,-22.917815496,246.383918010,434.425953129
1618477702910,42.178386572,294.291843046,259.388430483
1618477703004,-40.043328745,244.321159889,401.643573630
1618477703098,-59.231605696,237.789781552,474.802482043
1618477703192,37.115630466,284.697706135,278.576725928
1618477703286,-64.294359782,224.664265448,487.865288759
1618477703380,-63.762981008,224.664265465,485.396666156
1618477703474,36.115628192,274.103569819,317.890484610
1618477703568,18.458734864,275.103569652,305.296362607
1618477703662,-81.419878239,229.195644775,488.396629012
1618477703756,9.864594392,258.978054683,373.923889742
1618477703850,33.584246777,280.166327975,258.388388859
1618477703944,-62.762980689,235.258402076,460.677018182
1618477704038,-13.323678232,255.915296805,410.237687826
1618477704127,35.584247231,281.166327906,268.451152667
1618477704222,-40.574707526,247.383917646,412.237711703
1618477704317,-44.106089988,228.195644868,469.208347538
1618477704412,-51.168844865,223.664265543,485.865280405
1618477704507,-7.792295120,260.978053938,361.267060617
1618477704602,-62.762978951,230.195644040,496.990830111
1618477704697,27.521490928,284.697706570,319.890476582
1618477704792,4.333219481,282.166327400,324.890501439
1618477704887,-63.762978401,244.321159503,483.865321873
1618477704982,11.395973107,259.978054709,360.266993028
1618477705077,24.521492642,284.166327424,280.576710465
1618477705172,-66.294358324,235.258401887,468.208413681
1618477705267,-19.386431110,249.383917177,415.237752809
1618477705361,38.115630388,291.229085033,266.451209339
1618477705457,-45.106083367,246.852538298,427.894646560
1618477705553,-23.917813239,244.321159895,436.425983079
1618477705649,48.241144137,292.760464191,269.451185496
1618477705745,-22.917811350,262.978054042,381.923945972
1618477705841,-55.700220967,234.727022895,483.865317372
1618477705937,39.647005626,283.166327812,307.296328667
1618477706033,-0.729540557,271.572191084,333.015986916
1618477706129,-62.762982460,226.664265685,495.459404657
1618477706225,12.395975448,269.040812128,358.735645218
1618477706321,25.521489382,278.634949031,287.576667205
1618477706417,-78.888497057,235.258402201,480.802522812
1618477706513,-12.792297468,266.978054294,403.643576087
1618477706612,40.647004002,291.760464718,267.451139363
1618477706704,1.801838054,258.978054466,366.798393238
1618477706796,-37.511947721,249.383917338,454.082906426
1618477706888,51.241145174,301.823221808,274.982578145
1618477706980,-25.449191430,255.446675336,389.518066794
1618477707072,-61.762981893,230.195644486,481.333896629
1618477707164,35.115623910,293.760464900,298.702154453
1618477707256,-9.792297048,264.978054230,343.078761707
1618477707348,-70.825739976,228.664265646,482.865271397
1618477707440,19.458731673,282.166327908,334.547351343
1618477707532,20.990116120,285.697705953,285.108120740
1618477707624,-69.825737949,234.195644226,477.802540538
1618477707716,-2.729537684,262.978053989,386.518087242
1618477707813,32.584253497,282.634948071,297.639509154
1618477707907,-69.825739449,247.852538885,449.551489538
1618477708001,-41.574706861,247.852538659,442.488751611
1618477708095,38.647009627,300.823221639,262.388456255
1618477708189,-41.043331845,249.383918131,398.580774716
1618477708283,-59.231601923,236.258402095,477.802532130
1618477708377,41.647009049,294.760463953,308.233616336
1618477708471,-15.323677648,273.572191149,346.141496736
1618477708565,-60.762979987,229.195644197,481.333921936
1618477708659,26.521492528,270.572190782,326.953255591
1618477708753,10.395978550,273.572190545,302.233624202
1618477708847,-64.294356039,225.664264881,492.928096214
1618477708941,36.115625151,299.291843599,270.451139828
1618477709032,24.521493752,288.697706143,274.982588542
1618477709127,-69.825738082,239.258402019,449.020128791
1618477709222,-25.449190768,244.852538576,441.957379992
1618477709317,43.178383551,295.291843504,272.451148149
1618477709412,-39.574709241,249.852539019,400.112173387
1618477709507,-49.637464034,236.258401908,468.208411789
1618477709602,39.647005651,288.697706695,284.576676799
1618477709697,-23.386434556,266.509433245,365.267023761
1618477709792,-61.762978643,226.132886221,481.333939766
1618477709887,21.990111826,277.634948830,321.890473719
1618477709982,6.333216943,267.040812239,311.296331091
1618477710077,33.584250405,297.291842972,283.576710343
1618477710172,-0.198162585,261.978054563,371.329763642
1618477710267,24.521491850,291.760464204,275.513942183
