1610679769983	167.636241	274.923374	304.676462
1610679770073	166.950226	241.04207	318.090573
1610679770167	197.277418	281.736525	305.652595
1610679770261	169.812222	312.168824	321.474035
1610679770355	140.596517	244.309859	324.864063
1610679770449	158.308562	257.117134	312.44825
1610679770543	171.055542	239.255946	317.035596
1610679770637	170.030288	237.218421	314.736187
1610679770731	161.851862	265.285908	323.91499
1610679770825	157.756901	260.328129	290.787933
1610679770919	163.017976	255.6532	310.352107
1610679771013	148.320238	231.376954	306.541225
1610679771107	186.857137	266.227893	313.90835
1610679771201	170.119142	311.90295	324.851075
1610679771292	142.240556	238.259611	324.064384
1610679771386	153.853798	280.29043	296.925063
1610679771480	159.392456	273.414951	317.452856
1610679771574	156.897912	239.010285	317.599064
1610679771668	137.264486	246.702129	322.366332
1610679771762	190.106992	273.144366	304.801671
1610679771856	171.010867	265.253773	306.280258
1610679771950	177.025616	251.794084	313.659867
1610679772044	180.403612	283.745697	281.93675
1610679772138	176.470928	246.987245	301.851406
1610679772232	151.365308	245.501759	315.587313
1610679772326	182.662875	251.97002	309.051113
1610679772420	136.581327	248.768501	312.52114
1610679772510	161.891633	255.506288	306.68365
1610679772604	145.282787	280.06103	311.187394
1610679772698	155.123019	276.294488	321.932641
1610679772792	97.470944	271.613385	320.995693
1610679772886	155.873159	270.810492	323.717912
1610679772980	166.506573	248.587958	317.841769
1610679773074	159.693434	222.189406	314.250607
1610679773168	156.935812	237.290715	304.165278
1610679773262	185.546462	284.026885	315.658459
1610679773356	145.358677	261.335595	316.632985
1610679773450	151.514499	269.49895	307.465335
1610679773544	116.884737	292.917721	311.392973
1610679773638	141.879745	271.397027	315.450398
1610679773729	147.273638	267.634878	308.943024
1610679773823	208.574402	256.502056	315.304476
1610679773917	154.715707	287.416429	309.294032
1610679774011	139.506129	268.983526	324.437555
1610679774105	111.889429	247.43108	318.221835
1610679774199	126.942536	278.719438	328.357912
1610679774293	138.588651	246.911572	309.104592
1610679774387	175.658688	247.799498	315.506597
1610679774481	171.20036	300.425104	311.781265
1610679774575	162.784744	307.791242	341.656291
1610679774669	193.398212	271.61505	325.696192
1610679774763	139.180543	270.530914	308.305913
1610679774857	171.994763	269.855104	314.373563
1610679774948	152.688582	244.514257	335.971497
1610679775042	151.099537	258.213484	333.669019
1610679775136	157.838158	248.830579	364.985274
1610679775230	131.450979	252.169914	381.77231
1610679775324	167.522899	282.81412	384.199612
1610679775418	168.025666	251.050366	379.933196
1610679775512	174.389136	254.72525	300.240596
1610679775606	178.78755	284.919932	299.188289
1610679775700	158.709438	260.930952	294.43309
1610679775794	159.329898	269.265759	449.607778
1610679775888	190.231887	242.335179	294.47215
1610679775982	154.067157	280.471462	228.954286
1610679776076	177.962237	246.967088	203.125551
1610679776167	147.349952	250.938413	287.47173
1610679776261	127.473206	329.645895	301.364666
1610679776355	181.628194	289.382464	250.49679
1610679776449	198.011244	276.508998	286.046544
1610679776543	168.786866	292.512618	302.318634
1610679776637	162.466628	264.146241	309.52083
1610679776731	189.930478	215.11809	320.760402
1610679776825	206.343805	303.458313	323.636675
1610679776919	220.135065	289.601865	332.672004
1610679777013	246.475678	332.004119	325.063384
1610679777107	254.036389	404.505515	381.864231
1610679777201	51.941323	516.35672	500.76487
1610679777295	-55.040104	378.637179	430.434425
1610679777386	-147.35939	317.973622	394.616849
1610679777480	-136.421147	142.619633	183.38463
1610679777574	204.843698	606.223696	396.790262
1610679777668	-317.718286	487.917952	505.367775
1610679777762	-100.925899	253.644004	344.461578
1610679777856	-68.642151	-6.5221	161.515727
1610679777950	61.202247	-108.249717	-36.042438
1610679778044	525.619749	-5.571841	93.377126
1610679778138	382.238067	138.129618	261.493137
1610679778232	395.241198	142.105649	277.097941
1610679778326	255.589501	190.172759	276.602652
1610679778420	245.750028	280.972306	293.346558
1610679778514	187.790627	276.955954	290.575349
1610679778605	159.764068	269.296582	296.885719
1610679778699	194.222073	284.598379	303.453924
1610679778793	168.21211	253.346066	293.661912
1610679778887	165.244252	239.393038	318.75483
1610679778981	151.211981	292.149123	311.179774
1610679779075	188.190403	247.447694	302.298909
1610679779169	151.236094	281.501826	302.201634
1610679779263	194.090398	276.99112	314.337524
1610679779357	156.499888	275.331575	316.226749
1610679779451	162.433718	263.110634	301.771737
1610679779545	151.671707	314.074477	307.661502
1610679779639	174.534586	223.733059	305.395803
1610679779733	153.440689	268.942396	311.939434
1610679779824	127.883912	242.465039	305.151007
1610679779918	162.382886	215.104127	308.012012
1610679780012	143.752701	274.725677	313.25096
1610679780106	162.593413	297.21082	301.965541
1610679780200	198.465218	271.602113	308.472204
1610679780294	156.852149	273.001791	311.629417
1610679780388	182.487412	250.77794	333.079108
1610679780482	149.994309	255.094684	320.510202
1610679780576	165.68796	263.448245	308.78268
1610679780670	176.893891	270.933318	294.85715
1610679780764	160.425686	285.337182	317.922956
1610679780858	124.201281	290.189781	299.853072
1610679780952	188.131836	280.483725	294.483309
1610679781043	135.782379	288.061906	323.403343
1610679781137	164.418284	231.231205	290.885625
1610679781231	184.109184	290.770682	301.621505
1610679781325	160.489067	309.072408	316.294794
1610679781419	149.023306	267.175299	294.474057
1610679781513	197.658332	245.578625	310.498661
1610679781607	157.000682	242.404766	316.0104
1610679781701	126.743397	320.766458	318.837195
1610679781795	169.070136	274.155032	306.004632
1610679781889	146.625827	256.252519	290.829419
1610679781983	167.718528	251.614136	315.524058
1610679782077	170.510816	278.677281	310.439072
1610679782171	137.398019	226.586115	313.216603
1610679782262	142.650486	279.569262	306.868679
1610679782356	154.184711	274.844303	323.17661
1610679782450	149.121422	240.334195	302.236449
1610679782544	152.079966	260.735796	300.180928
1610679782638	157.871171	272.236736	307.592008
1610679782732	175.859441	265.19622	312.67998
1610679782826	155.451571	229.904577	318.043927
1610679782920	170.981812	255.923585	288.9078
1610679783014	146.495161	263.856855	295.737326
1610679783108	156.174477	223.023732	315.48185
1610679783202	154.941913	281.842613	308.874471
1610679783296	137.328159	285.561493	297.639833
1610679783390	194.298511	279.538	307.722056
1610679783479	147.421403	282.573636	312.614186
1610679783573	151.885006	234.452857	309.717831
1610679783667	153.960154	224.850302	306.448084
1610679783761	150.003934	289.921217	307.238408
1610679783855	161.094014	270.222286	296.613537
1610679783949	183.485857	216.247248	321.599638
1610679784043	178.920734	232.190695	314.280168
1610679784137	143.597019	244.860032	311.840596
1610679784231	143.257376	220.268589	318.100276
1610679784325	150.135569	267.424356	325.643174
1610679784419	133.316738	254.771766	302.372653
1610679784513	158.92567	294.479849	315.032771
1610679784607	144.408112	269.665513	308.211703
1610679784698	150.825667	221.575164	316.247163
1610679784792	151.732254	271.154409	306.265747
