1610679671436,-0.004413
1610679671530,-0.030597
1610679671624,-0.041784
1610679671718,0.050809
1610679671812,0.012724
1610679671906,-0.008936
1610679672000,0.067233
1610679672094,0.022483
1610679672182,0.029148
1610679672277,-0.010364
1610679672372,0.017961
1610679672467,0.033671
1610679672562,-0.030597
1610679672657,0.061282
1610679672752,5.368188
1610679672847,-0.014173
1610679672942,0.006774
1610679673037,-0.014887
1610679673132,0.017961
1610679673227,0.012724
1610679673322,-0.026074
1610679673417,0.012723
1610679673511,-0.014887
1610679673605,-0.014887
1610679673699,0.050809
1610679673793,-0.014173
1610679673887,-0.025361
1610679673981,0.056759
1610679674075,-0.086533
1610679674169,-0.026074
1610679674263,0.056045
1610679674357,0.044858
1610679674451,0.034385
1610679674545,0.033672
1610679674637,0.006060
1610679674732,-0.026074
1610679674827,0.056045
1610679674922,0.034385
1610679675017,-0.030597
1610679675112,0.006774
1610679675207,-0.015600
1610679675302,-0.009650
1610679675397,-0.026074
1610679675492,0.017247
1610679675587,-0.070109
1610679675682,-0.008937
1610679675777,0.006774
1610679675871,0.001537
1610679675965,0.023197
1610679676059,0.017247
1610679676153,0.012724
1610679676247,-0.009650
1610679676341,-5.319138
1610679676435,0.017247
1610679676529,0.028434
1610679676623,0.038908
1610679676717,0.050095
1610679676811,-0.026075
1610679676905,0.034385
1610679676999,0.017961
1610679677089,-0.008936
1610679677184,-0.041785
1610679677279,-0.032025
1610679677374,0.012724
1610679677469,-0.004413
1610679677564,-0.020837
1610679677659,0.017961
1610679677754,0.029148
1610679677849,-4.085055
1610679677944,0.034385
1610679678039,0.023198
1610679678134,4.333723
1610679678229,-4.597752
1610679678324,0.028434
1610679678418,0.007488
1610679678512,-0.014888
1610679678606,0.017247
1610679678700,-0.009650
1610679678794,0.023197
1610679678888,-0.042498
1610679678982,0.077706
1610679679076,-0.076060
1610679679170,0.056045
1610679679264,0.001537
1610679679358,-0.010364
1610679679452,0.017247
1610679679542,0.023198
1610679679637,-0.020123
1610679679732,0.050809
1610679679827,0.001537
1610679679922,-0.014887
1610679680017,0.039621
1610679680112,0.012724
1610679680207,-0.020837
1610679680302,-0.009650
1610679680397,-0.036547
1610679680492,0.006773
1610679680587,-0.032738
1610679680682,0.028434
1610679680776,0.071755
1610679680870,0.055331
1610679680964,0.039621
1610679681058,0.023198
1610679681152,0.033671
1610679681246,0.098653
1610679681340,0.092703
1610679681434,0.212192
1610679681528,0.277888
1610679681622,0.407852
1610679681716,0.655878
1610679681810,1.016264
1610679681904,3.326332
1610679681996,12.682448
1610679682091,6.374082
1610679682186,-3.460599
1610679682281,-0.306932
1610679682376,-2.702029
1610679682471,-4.640737
1610679682566,-1.763429
1610679682661,-0.876539
1610679682756,-0.104856
1610679682851,0.024152
1610679682946,0.036754
1610679683041,0.059150
1610679683136,0.092705
1610679683230,0.049340
1610679683324,0.038931
1610679683418,0.061400
1610679683512,0.006773
1610679683606,0.039659
1610679683700,-0.009629
1610679683794,0.001547
1610679683888,0.017967
1610679683982,-0.014884
1610679684076,0.034388
1610679684170,0.029150
1610679684264,-0.036546
1610679684358,0.012725
1610679684451,0.045573
1610679684545,0.017248
1610679684639,0.029149
1610679684733,0.039622
1610679684827,-0.003699
1610679684921,0.050809
1610679685015,-0.048448
1610679685109,0.001538
1610679685203,0.001538
1610679685297,0.035098
1610679685391,-0.036547
1610679685485,0.029863
1610679685579,0.038908
1610679685668,0.034385
1610679685762,-0.003699
1610679685856,-0.002985
1610679685950,0.023912
1610679686044,0.028435
1610679686138,0.023198
1610679686232,-0.014173
1610679686326,-0.019410
1610679686420,0.044858
1610679686514,-0.048448
1610679686608,0.061283
1610679686702,-0.031310
1610679686796,0.012010
1610679686886,-0.041784
1610679686980,0.006775
1610679687074,0.018675
1610679687168,-0.003699
1610679687262,0.040336
1610679687356,-0.019409
1610679687450,0.017962
1610679687544,0.056760
1610679687638,-0.009650
1610679687732,0.029148
1610679687826,-0.036547
1610679687920,0.056045
1610679688014,0.007488
1610679688106,0.056760
1610679688200,-0.041784
1610679688294,0.012724
1610679688388,-0.008936
1610679688482,-0.014173
1610679688576,-0.026074
1610679688670,0.045572
1610679688764,0.029149
1610679688858,0.001538
1610679688952,-0.020123
1610679689046,0.012725
1610679689140,0.023911
1610679689234,0.061283
1610679689322,0.001538
1610679689416,0.078420
1610679689510,-0.020123
1610679689604,0.007488
1610679689698,-0.020123
1610679689792,0.067232
1610679689886,0.023198
1610679689980,0.017961
1610679690074,-0.015601
1610679690168,0.034385
1610679690262,0.040336
1610679690356,0.029149
1610679690450,-0.004413
1610679690542,0.072470
1610679690636,0.039622
1610679690730,0.035099
1610679690824,0.034386
1610679690918,0.023198
1610679691012,-0.020123
1610679691106,0.012724
1610679691200,-0.020123
1610679691294,-0.031312
1610679691388,0.001538
1610679691482,0.017961
1610679691576,-0.016314
1610679691670,0.034386
1610679691761,-3.325199
1610679691855,0.001538
1610679691949,0.007488
1610679692043,0.012011
1610679692137,0.078420
1610679692231,0.001537
1610679692325,0.045572
1610679692419,0.017961
1610679692513,-0.008936
1610679692607,0.028435
1610679692701,0.023199
1610679692795,0.012009
1610679692889,0.000110
1610679692981,0.104604
1610679693075,-0.059635
1610679693169,-0.014887
1610679693263,0.017961
1610679693357,0.000823
1610679693451,0.007488
1610679693545,-0.025359
1610679693639,0.034385
1610679693733,-0.036546
1610679693827,0.034386
1610679693921,0.039622
1610679694015,0.034385
1610679694109,0.056045
1610679694198,-0.009650
