1610679000874	216.856726	204.352805	513.775983
1610679000968	126.279956	171.389037	499.918463
1610679001062	89.364765	234.856929	537.873423
1610679001156	186.084584	199.856145	516.857117
1610679001250	220.0344	41.551894	540.761828
1610679001344	131.063547	149.984021	520.05153
1610679001438	162.728199	342.110062	529.268881
1610679001532	203.185347	204.973827	534.826217
1610679001626	121.018737	162.123461	521.119529
1610679001720	184.126499	124.148258	509.938684
1610679001814	151.067806	115.336719	511.209311
1610679001908	142.086273	133.114021	539.214922
1610679001997	174.747852	166.720972	521.092464
1610679002091	76.122775	178.371614	490.04259
1610679002185	182.035775	131.5741	550.496477
1610679002279	103.831026	161.391676	486.680187
1610679002373	209.652982	263.465968	514.681958
1610679002467	145.122424	126.995789	528.12788
1610679002561	271.038424	186.927153	499.975101
1610679002655	153.796111	207.017108	500.256564
1610679002749	219.327715	124.270185	495.499227
1610679002843	156.808235	152.657494	506.472587
1610679002937	142.832527	198.419428	560.436747
1610679003031	153.646366	117.340551	501.687801
1610679003125	90.024524	107.39683	558.832441
1610679003219	175.332503	98.8217	561.71987
1610679003313	119.240519	107.581437	540.22693
1610679003407	108.615015	69.578312	571.387847
1610679003501	149.931825	74.512539	557.565732
1610679003595	115.642551	214.664346	583.806719
1610679003689	144.815558	25.211933	499.228595
1610679003783	181.707849	130.28547	529.584654
1610679003877	102.162356	133.97176	512.663491
1610679003971	253.083319	-2.771711	547.824769
1610679004065	193.674094	-44.8174	603.320125
1610679004159	366.001868	-225.63988	608.685394
1610679004253	223.125835	-241.683512	734.900221
1610679004347	-37.566658	-432.757351	742.832758
1610679004435	136.449654	-31.168053	693.695306
1610679004529	59.744388	-80.0142	627.224932
1610679004623	-194.301089	415.578799	441.487291
1610679004717	-8.635579	519.032381	339.931999
1610679004811	283.929417	402.67359	327.721611
1610679004905	227.915446	199.287621	490.409362
1610679004999	175.624256	202.111102	586.901953
1610679005093	180.366487	64.77144	573.795161
1610679005187	142.255286	128.921452	620.825402
1610679005281	243.144375	78.089397	568.329944
1610679005375	179.098774	39.936341	607.283495
1610679005469	138.820661	155.318514	68.008218
1610679005563	163.874572	186.38141	685.437451
1610679005657	221.413694	134.822752	612.674642
1610679005751	84.644487	148.819205	507.45256
1610679005845	177.860763	264.668237	770.534504
1610679005939	236.970972	152.664775	645.259087
1610679006033	214.684552	28.738703	669.264539
1610679006127	171.143279	126.368247	637.039313
1610679006221	171.472835	153.307452	530.193908
1610679006315	119.456842	152.577983	529.480039
1610679006409	54.067376	153.555315	560.514887
1610679006503	209.745082	10.859864	546.249205
1610679006597	101.893069	154.847763	546.737431
1610679006691	200.62059	153.074296	550.175322
1610679006785	161.97262	151.668807	532.447479
1610679006874	186.709065	207.313473	528.807269
1610679006968	114.959866	125.955719	496.406705
1610679007062	117.881508	179.525719	492.475133
1610679007156	110.460676	69.028196	530.081478
1610679007250	193.540557	3.790283	519.620311
1610679007344	184.091331	162.667418	550.596523
1610679007438	167.280093	173.774534	562.996085
1610679007532	203.098212	207.636837	490.37909
1610679007626	170.405432	103.716058	561.004856
1610679007720	159.788133	127.302982	505.706331
1610679007814	102.261894	65.745571	596.472725
1610679007908	188.415418	157.231877	503.627744
1610679008002	147.857069	91.235678	462.192225
1610679008093	141.758223	71.763326	537.42668
1610679008187	186.627899	203.299647	481.609063
1610679008281	212.58162	164.632237	495.626082
1610679008375	170.27535	164.389866	495.916353
1610679008469	119.885146	280.1421	561.699305
1610679008563	149.77723	257.529731	492.835904
1610679008657	154.006716	169.797596	545.616493
1610679008751	108.337809	108.804978	505.951704
1610679008845	154.559058	162.25004	543.118862
1610679008939	127.886532	71.412279	573.50661
1610679009033	66.931502	170.717587	527.724111
1610679009127	251.420762	155.03207	554.257251
1610679009221	162.334891	92.47973	526.636402
1610679009312	132.002991	45.638435	490.464389
1610679009406	122.498387	60.797715	558.154209
1610679009500	193.571907	152.026143	518.057533
1610679009594	192.390228	194.773652	546.42913
1610679009688	158.38742	100.066303	549.117444
1610679009782	174.927365	-2.314314	542.524266
1610679009876	204.585601	105.540848	538.283471
1610679009970	113.19642	39.96669	511.366487
