1618476421580,-91.811610476,188.513928625,238.161427022
1618476421674,-94.052122748,196.910089206,236.723986509
1618476421768,-91.400706162,209.078958158,237.089987643
1618476421862,-93.772945869,222.073656248,231.412963026
1618476421956,-93.191277050,234.677384133,234.652107851
1618476422050,-93.413938934,244.450396802,235.247133385
1618476422144,-93.699354006,250.414091193,233.728024258
1618476422238,-95.704996191,252.611056998,233.717762326
1618476422332,-94.653207343,251.803134767,235.811955193
1618476422426,-91.513916943,248.940578020,237.065294716
1618476422517,-94.427619801,244.927988858,234.222250808
1618476422611,-92.332010443,241.590315007,237.396143833
1618476422705,-94.309693383,238.811237832,236.436733804
1618476422799,-95.263851038,237.210905000,235.520111249
1618476422893,-95.179679123,236.272506427,234.673202006
1618476422987,-92.103295152,235.605980999,236.812128155
1618476423081,-96.128548031,234.487546115,234.766198555
1618476423175,-97.130609739,233.559519289,235.762448748
1618476423269,-90.075304339,232.628836033,236.863037471
1618476423363,-96.054763201,230.911755393,232.900397419
1618476423457,-95.080431178,229.807811333,236.853712847
1618476423551,-93.930299189,228.566780271,235.126770906
1618476423645,-92.965192159,227.784876054,237.063308037
1618476423744,-93.032594643,227.137862326,235.940717299
1618476423839,-96.917769994,227.129392484,237.149558839
1618476423934,-90.931105898,227.594942078,237.125303674
1618476424029,-92.033713855,228.176933459,234.938681690
1618476424124,-93.941666294,228.963600104,236.106096567
1618476424219,-92.019247867,229.671933216,234.964992236
1618476424314,-94.017320947,230.604665405,234.968496893
1618476424409,-96.049306617,231.721268819,233.910321782
1618476424504,-94.078552504,232.742227796,231.857129753
1618476424599,-92.106904699,233.731988444,236.805563159
1618476424694,-95.079598483,233.778742384,234.855227341
1618476424789,-96.131000176,233.573149239,236.761738627
1618476424884,-95.076211637,232.660509343,234.861387290
1618476424973,-94.039110692,231.365334297,236.928865994
1618476425068,-95.010764643,229.375788187,236.980421411
1618476425163,-90.915963501,227.066328725,235.152844465
1618476425258,-94.844239729,224.562488497,237.283294704
1618476425353,-97.630756539,222.109899342,237.671575084
1618476425448,-93.637747608,220.353953983,237.658859822
1618476425543,-92.693653102,219.305586249,235.557179653
1618476425638,-93.728948253,219.537721949,234.492985303
1618476425733,-91.786040589,221.530786220,237.389146525
1618476425828,-95.842485871,224.501262209,237.286484597
1618476425923,-92.007940851,228.277211037,232.985557287
1618476426018,-92.100750315,232.517142061,235.816756669
1618476426113,-97.167641869,235.852292026,232.695095204
1618476426214,-91.337546614,238.783579911,234.386074719
1618476426309,-93.287514170,240.036972846,233.477073061
1618476426404,-91.429684617,240.000070549,233.218495347
1618476426499,-94.303223424,238.585374897,233.448501278
1618476426594,-96.182276125,236.363166450,235.668478613
1618476426689,-93.104526676,233.648972889,235.809888275
1618476426784,-94.966167025,230.818908107,237.061534965
1618476426879,-94.914809696,228.026050007,232.154942988
1618476426974,-96.887655831,226.078122436,236.204330077
1618476427069,-91.843454396,224.535072899,235.284723058
1618476427164,-93.839283573,223.389471604,236.292308895
1618476427259,-102.670960361,222.513394224,236.598452910
1618476427354,-94.813176742,222.478095470,236.339791651
1618476427450,-96.754536419,222.430991738,236.446445889
1618476427543,-92.697342022,222.434364542,232.550470296
1618476427636,-94.872963995,222.565237925,236.231051393
1618476427729,-91.782643347,222.412190256,233.395325382
1618476427822,-95.808515561,222.315376008,233.348269346
1618476427915,-95.827840980,222.990016537,236.313120530
1618476428008,-95.893151188,224.269962536,236.194335195
1618476428101,-93.903160500,226.619382513,236.176130391
1618476428194,-96.048906605,229.707304587,233.911049320
1618476428287,-96.163046527,233.691870989,234.703453151
1618476428380,-98.302776820,237.569784171,234.449313556
1618476428473,-99.395697707,240.813604872,234.280310286
1618476428566,-98.403708616,243.093261621,232.265740151
1618476428665,-97.421123817,244.701217399,236.234065615
1618476428759,-97.455400202,244.897788484,235.171724184
1618476428853,-97.429872949,244.006645128,236.218152811
1618476428947,-98.364347734,241.719193320,234.337329199
1618476429041,-96.302677333,238.566311135,236.449494501
1618476429135,-97.947879455,234.180498395,233.094796152
1618476429229,-99.982571622,229.391584213,231.031698502
1618476429323,-99.860318979,225.123806882,237.254049979
1618476429417,-97.656182243,220.997497682,234.625331153
1618476429511,-101.653494078,217.903655211,236.630220352
1618476429605,-101.660269890,216.140195347,237.617896595
1618476429699,-102.585957672,215.545993791,234.753054665
1618476429793,-105.555792744,216.492951554,237.807918235
1618476429887,-105.576342957,218.210348985,237.770541782
1618476429982,-106.626849915,219.973521112,236.678680399
1618476430077,-112.682569470,220.918662310,236.577338416
1618476430172,-123.384587521,220.516264623,236.119304013
1618476430267,-122.408803601,219.361635622,233.075260129
1618476430362,-126.924394718,218.451168906,236.956296547
1618476430457,-117.632785321,219.271233770,238.486671831
1618476430552,-115.821915512,222.873672167,237.142684360
1618476430647,-125.750747462,230.389231870,235.272123862
1618476430742,-79.824936687,243.979139833,235.137189488
1618476430837,-78.356574700,259.538351371,235.170253357
1618476430932,-118.447535312,274.623229197,233.186028741
1618476431027,-174.105016477,286.666071586,233.808997431
1618476431122,-184.347996592,293.419915357,241.823428444
1618476431218,-95.577522580,291.613571774,243.043542972
1618476431314,8.927817851,276.700863327,240.506289407
1618476431410,2.715372203,246.026721708,236.301109427
1618476431506,-10.781910259,206.386598500,233.396658714
1618476431602,-34.711520000,163.929310536,237.524683577
1618476431698,-80.821019411,124.842389726,236.144314178
1618476431794,-116.585376083,97.706712181,239.391685789
1618476431890,-123.920515747,88.496777377,241.600924905
1618476431986,-134.370179862,99.194321981,237.783081808
1618476432082,-160.131155551,129.759594665,235.399029370
1618476432178,-200.647210869,176.774822292,238.460434836
1618476432274,-238.009426736,233.510103927,238.620428114
1618476432372,-242.906200294,291.906521555,236.808174991
1618476432466,-249.564619189,342.072610294,237.248224820
1618476432560,-183.575850847,378.736233785,245.684156835
1618476432654,-92.125970627,394.940634362,245.683606314
1618476432748,-69.690321290,387.460806448,237.019599514
1618476432842,-61.108118841,362.136416280,237.078501566
1618476432936,-10.924322741,325.629677579,234.594000796
1618476433030,-24.718346302,282.348634605,234.149841328
1618476433124,-32.110630398,241.133582745,232.255146913
1618476433218,-21.719821981,207.490660489,225.965944051
1618476433312,-15.848914808,183.997225167,218.731151738
1618476433406,-18.198562743,171.203256029,212.095216734
1618476433500,-25.542456034,166.208395197,182.469748201
1618476433592,-38.978890120,168.444086236,180.675967705
1618476433686,-53.277191034,174.857618827,211.133421979
1618476433780,-60.538318845,179.973457322,217.658486199
1618476433874,-68.695931144,183.475622210,227.371823050
1618476433968,-72.738528950,187.962689865,290.294346728
1618476434062,-76.877662443,188.819769031,304.041292587
1618476434156,-77.980907611,187.424005121,264.853511652
1618476434250,-80.923148250,188.407655335,232.958563607
1618476434344,-82.994485330,192.897996362,204.828816677
1618476434438,-81.362265589,201.737017379,187.159902845
1618476434532,-85.597611796,213.952833295,174.731858301
1618476434626,-87.050371268,227.758435241,151.908385409
1618476434720,-88.445925988,243.567048528,159.188955757
1618476434808,-87.897351457,259.326081112,191.367909132
1618476434902,-92.288283833,271.973330717,223.656886539
1618476434996,-92.603267742,283.969258120,319.083998004
1618476435090,-92.723553278,288.168364738,352.865224276
1618476435184,-98.397076552,282.771228962,293.459015793
1618476435278,-93.359705446,277.466622735,306.526985862
1618476435372,-93.182675463,267.286596430,289.848965635
1618476435466,-90.743273324,255.947292156,288.648144388
1618476435560,-90.471682867,244.466208008,295.142109490
1618476435654,-91.077127852,233.692493928,294.859720891
1618476435748,-91.833468822,225.186481609,294.302884687
1618476435842,-90.779586659,219.305482814,283.400884847
1618476435936,-92.648687428,216.735857529,274.638962622
1618476436027,-90.632891105,217.184415956,266.667692764
1618476436122,-91.731904177,219.640911720,259.487609109
1618476436217,-91.899421666,223.488861707,257.182930534
1618476436312,-88.901249548,227.552672138,254.179606006
1618476436407,-95.022725486,230.793335108,251.958667189
1618476436502,-90.058418429,233.039357529,247.893749340
1618476436597,-93.106131695,233.705003281,247.806969088
1618476436692,-93.137972850,232.816561731,246.749056820
1618476436787,-93.950065569,230.256814532,242.090820076
1618476436882,-94.966916737,226.845080175,242.060171398
1618476436977,-92.689952428,223.176397604,242.563910390
1618476437072,-91.758603814,219.572982416,240.439048165
1618476437167,-94.623306917,216.849836850,241.685124357
1618476437261,-93.633647753,215.210830165,239.666316582
1618476437356,-92.658508714,215.078713593,241.621099799
1618476437451,-93.595277966,215.871360488,238.736103039
1618476437546,-92.740597824,217.944402507,239.471797220
1618476437641,-91.738074231,220.856305154,240.476387097
1618476437736,-91.834344155,224.217039060,239.301292642
1618476437831,-91.936918920,227.797871711,237.114731027
1618476437926,-94.067188235,231.345506968,236.877798934
1618476438021,-93.129950191,234.536494804,236.763648325
1618476438116,-94.283610508,236.900697986,236.484172990
1618476438211,-95.298236313,238.411277370,238.457571770
1618476438306,-90.280859048,238.804645937,236.489177308
1618476438401,-93.232988831,238.133521121,238.576243020
1618476438495,-96.041487790,236.448317549,237.924542561
1618476438591,-92.132001497,234.608104838,241.759917438
1618476438687,-95.857465101,232.024179449,237.259240575
1618476438783,-93.061345022,230.141523393,236.888426492
1618476438879,-95.967993488,228.882669008,239.058213018
1618476438975,-93.982997266,228.406443230,237.030924346
1618476439071,-95.938273360,228.845154505,238.112267591
1618476439167,-94.055306580,229.930724480,236.899409129
1618476439263,-93.041230856,231.439348130,236.925009869
1618476439359,-94.085123280,232.971610225,238.845178914
1618476439455,-91.087560274,234.056684445,236.840746541
1618476439551,-96.124205857,234.335963036,236.774096043
1618476439647,-94.114163995,233.985406756,236.792360048
1618476439737,-95.134656873,232.700802684,236.755087874
1618476439831,-95.023132669,230.807549671,236.957926610
1618476439925,-92.018324573,228.639701497,236.966671510
1618476440019,-93.927148371,226.456786844,239.132501571
1618476440113,-90.898750482,224.465431017,236.184151274
1618476440207,-93.916032130,223.068724529,237.152719643
1618476440301,-90.698197503,222.464228950,236.548914358
1618476440395,-93.811818998,222.430697306,237.342261099
1618476440489,-95.824465260,222.872171861,235.319260245
1618476440583,-93.838182287,224.351026267,242.294311900
1618476440677,-91.864028188,225.253293474,233.247303719
1618476440771,-92.964514759,226.761228349,236.064540084
1618476440865,-92.974852730,228.122121634,237.045737520
1618476440957,-90.953767159,229.386035132,238.084087675
1618476441053,-94.039578224,230.381655580,241.928015654
1618476441149,-91.021636910,230.755333468,234.960647077
1618476441245,-93.033536786,231.170752085,235.939003740
1618476441341,-94.042006206,231.466415202,237.923599672
1618476441437,-91.044053581,231.537888008,236.919875935
1618476441533,-93.011301823,231.394540881,236.979444394
1618476441629,-91.007534644,231.263030585,236.986296089
1618476441725,-92.024488734,230.854889189,233.955460218
1618476441821,-93.025010307,230.873097052,238.954511587
1618476441917,-94.038721783,230.351757683,232.929573337
1618476442013,-93.042195518,230.473024001,236.923255354
1618476442109,-90.012150229,230.424158292,234.977901325
1618476442199,-94.013794479,230.481558219,236.974910785
1618476442293,-93.136489197,230.764768150,238.751755269
1618476442387,-93.966052802,230.814920641,236.061742712
1618476442481,-94.028543000,230.996421563,235.948086372
1618476442575,-95.027914207,230.974470709,233.949230013
