1610679595220	558	-30	147
1610679595333	557	-31	145
1610679595450	559	-26	146
1610679595527	551	-27	147
1610679595604	550	-25	153
1610679595681	549	-29	149
1610679595758	545	-26	150
1610679595835	539	-26	147
1610679595912	536	-28	152
1610679595989	532	-24	156
1610679596066	538	-29	154
1610679596143	539	-29	154
1610679596220	541	-22	154
1610679596297	549	-30	157
1610679596374	552	-24	154
1610679596446	557	-24	159
1610679596557	554	-28	156
1610679596668	554	-26	162
1610679596779	550	-28	156
1610679596890	550	-23	157
1610679597001	544	-19	161
1610679597112	543	-17	160
1610679597223	543	-16	160
1610679597334	537	-16	164
1610679597445	525	-11	167
1610679597556	530	-12	159
1610679597667	509	-6	161
1610679597778	510	1	164
1610679597893	469	80	162
1610679597984	339	-82	160
1610679598075	601	220	161
1610679598166	431	-116	156
1610679598257	444	-57	159
1610679598348	492	-58	154
1610679598439	572	-182	153
1610679598530	495	-110	147
1610679598621	486	-58	116
1610679598712	480	-40	144
1610679598803	480	-34	123
1610679598894	478	-29	480
1610679598985	470	-31	485
1610679599080	464	-32	529
1610679599171	458	-29	283
1610679599262	448	-32	103
1610679599353	444	-35	127
1610679599444	440	-34	141
1610679599535	437	-35	148
1610679599626	435	-43	154
1610679599717	433	-45	142
1610679599808	433	-44	139
1610679599899	430	-46	131
1610679599990	429	-43	126
1610679600081	423	-44	128
1610679600172	419	-53	133
1610679600261	415	-51	126
1610679600345	411	-51	125
1610679600429	416	-45	124
1610679600513	421	-53	125
1610679600597	429	-50	131
1610679600681	434	-52	131
1610679600765	434	-51	138
1610679600849	431	-53	132
1610679600933	440	-52	136
1610679601017	435	-56	135
1610679601101	441	-58	139
1610679601185	440	-59	140
1610679601269	436	-61	149
1610679601355	437	-63	152
1610679601449	434	-63	154
1610679601543	430	-64	163
1610679601637	431	-67	152
1610679601731	433	-69	155
1610679601825	427	-65	162
1610679601919	424	-66	161
1610679602013	422	-65	156
1610679602107	424	-64	158
1610679602201	430	-60	158
1610679602295	424	-56	159
1610679602389	435	-57	161
1610679602483	434	-58	165
1610679602575	439	-68	161
1610679602684	443	-64	169
1610679602793	445	-60	165
1610679602902	447	-60	167
1610679603011	448	-62	165
1610679603120	446	-60	166
1610679603229	443	-58	170
1610679603338	435	-59	166
1610679603447	430	-58	167
1610679603556	432	-64	173
1610679603665	427	-66	173
1610679603774	423	-63	179
1610679603883	421	-59	176
1610679603987	417	-63	168
1610679604080	422	-61	153
1610679604173	423	-60	148
1610679604266	424	-55	140
1610679604359	424	-56	122
1610679604452	429	-60	115
1610679604545	431	-60	101
1610679604638	432	-56	82
1610679604731	434	-59	70
