1618477105701,-112.035516676,168.923866267,247.558013938
1618477105795,-91.169865044,232.765171606,235.514037963
1618477105889,-85.844054305,256.167377187,229.225499226
1618477105983,-88.381765316,239.052305162,232.881880907
1618477106077,-95.849259833,223.840133164,235.082559011
1618477106168,-94.203350029,227.322642998,234.119041360
1618477106262,-89.000878389,235.990045431,231.244310472
1618477106356,-92.791123177,234.026757147,233.292322001
1618477106450,-97.053749734,223.489969703,237.616866408
1618477106544,-96.480970771,221.735910064,240.452363381
1618477106638,-91.550044069,230.498798908,234.736595237
1618477106732,-88.231516319,235.890802244,232.964727449
1618477106826,-90.964902621,231.778889925,232.808651458
1618477106920,-92.870656627,232.430841540,236.924282228
1618477107014,-91.299768311,242.325436404,229.833879758
1618477107108,-84.721760341,248.912756321,233.324710679
1618477107202,-89.882323746,248.046930708,232.004105943
1618477107296,-87.905993107,244.968088292,232.017962017
1618477107389,-88.903258950,248.308186187,232.430960192
1618477107483,-85.482578122,250.709470007,231.184693110
1618477107577,-83.300551215,250.315799897,232.078134332
1618477107671,-85.172315428,246.080971185,233.173867435
1618477107765,-86.113402427,242.608200273,232.553978445
1618477107859,-88.236269527,240.536950246,231.796707491
1618477107953,-93.487954642,236.367599087,233.529445517
1618477108047,-94.783519538,230.721094352,240.873272068
1618477108141,-96.942068067,223.530989824,238.136889067
1618477108235,-95.126970543,216.584090996,236.830532453
1618477108329,-96.890966740,212.708236519,236.863178025
1618477108423,-98.148754585,211.849547669,236.014087351
1618477108517,-96.763449565,209.802004564,234.373930558
1618477108610,-100.122340581,206.606542019,239.584025806
1618477108704,-99.236496915,200.564307470,241.821655558
1618477108798,-103.334475597,199.237941414,241.879012401
1618477108892,-102.024691851,198.938837667,237.283065856
1618477108986,-103.547544442,201.528211128,239.003743168
1618477109080,-96.469851750,202.448985635,238.787459277
1618477109174,-97.282528417,210.403948312,239.092398719
1618477109268,-93.816129717,219.619498817,235.648565846
1618477109362,-90.583599876,227.056034388,237.341640095
1618477109456,-91.578143982,229.405198364,235.753044962
1618477109550,-94.019864485,232.264822037,244.426227448
1618477109644,-91.540650118,233.861080515,237.145694760
1618477109738,-91.329307473,239.227041736,234.851172021
1618477109833,-87.873728378,240.413580904,234.169876697
1618477109927,-90.466930927,238.437628880,232.517138208
1618477110021,-88.063949051,236.110948107,231.695830869
1618477110115,-90.195774737,241.340847558,235.358403037
1618477110209,-88.105624608,244.303117669,230.134826546
1618477110303,-87.913356638,243.943560439,232.022272637
1618477110397,-87.740080239,240.189752022,234.506237663
1618477110491,-92.815982858,239.605930681,234.136072397
1618477110585,-90.213809831,239.611763279,235.783559557
1618477110679,-91.162842780,239.450543593,235.339124628
1618477110773,-92.639807750,235.530787390,230.203741762
1618477110867,-92.293814530,232.352297052,234.586598146
1618477110961,-91.839934827,231.864166008,236.320896402
1618477111051,-90.130375654,234.227700834,240.905519578
1618477111145,-91.070812930,234.095113254,234.456052731
1618477111239,-89.486557915,231.710270680,233.699430364
1618477111333,-93.741524381,231.191970262,233.263286804
1618477111427,-91.718578634,231.268402327,235.249854335
1618477111521,-92.201804265,231.658782368,235.532735222
1618477111615,-91.852095339,230.492669014,234.913416427
1618477111709,-93.594076257,231.683118555,235.176970489
1618477111803,-91.407288312,235.636297860,233.482223347
1618477111897,-86.906144301,239.636594219,233.603451772
1618477111991,-90.546518549,240.834504165,232.392926408
1618477112085,-89.437054918,235.868136027,234.914247509
1618477112179,-89.000126583,230.330568798,236.414672856
1618477112272,-91.761973610,227.461873184,237.446060301
1618477112366,-92.996886864,225.679379379,235.583578813
1618477112460,-93.285226618,225.049912861,235.166972017
1618477112554,-93.912050872,225.961967260,241.533915717
1618477112648,-97.234383608,223.226299104,235.893412195
1618477112742,-98.293515622,219.360321377,238.342626903
1618477112836,-94.701748812,217.000500519,238.581607122
1618477112930,-95.031745272,221.232275912,239.189386214
1618477113024,-94.409653857,225.304456469,238.825213125
1618477113118,-91.736323986,225.547311838,236.431044979
1618477113212,-92.268884689,227.104347670,240.157405432
1618477113306,-90.705405885,230.312280629,238.242142992
1618477113400,-89.399443301,231.331439074,240.063032114
1618477113489,-94.069408718,226.768800225,238.040631950
1618477113583,-96.418066165,221.945444707,248.415538946
1618477113677,-94.571531898,216.103261369,250.090779224
1618477113771,-97.340653580,211.541324398,257.541024015
1618477113865,-98.515200529,200.966938840,274.399407755
1618477113959,-99.829851817,193.256857515,295.754407504
1618477114053,-99.502693103,197.346620063,309.562888385
1618477114147,-96.192450794,206.373005568,326.625068412
1618477114241,-98.309467881,199.321241879,275.864372853
1618477114335,-101.212869455,190.981029420,201.978626506
1618477114429,-97.954186184,194.173691369,146.241791751
1618477114523,-93.444130485,202.534662923,157.772402017
1618477114617,-95.512368720,195.645381123,203.983151257
1618477114709,-94.710153196,180.331610694,242.025940767
1618477114803,-87.978995402,189.429071212,268.427117590
1618477114897,-76.186952237,206.722311655,208.036448304
1618477114991,-54.167437986,210.125332548,171.195827129
1618477115085,-49.742019363,203.556455239,169.459194015
1618477115179,-22.087705831,237.073986471,222.246960550
1618477115273,-17.251663970,349.154681059,228.391120663
1618477115367,-21.166820220,466.451352105,231.853860503
1618477115461,-119.467331297,475.189648754,253.177218695
1618477115555,-197.851987707,318.126893777,224.717735972
1618477115649,-139.534811604,153.570624089,238.996289349
1618477115743,-66.369540123,145.438074934,237.801730495
1618477115837,-9.104097047,246.350377934,239.671154742
1618477115925,-193.879441837,362.767711847,245.125042548
1618477116019,-88.279012898,277.387543825,231.065525774
1618477116113,-121.649925631,216.194209027,237.819880983
1618477116207,-130.223940819,205.275141258,241.399706451
1618477116301,-114.399235025,224.008171056,232.404515173
1618477116395,-107.431191405,228.563705551,233.252419986
1618477116489,-107.993977544,210.365108516,236.923480678
1618477116583,-104.915492194,203.633571126,238.633738995
1618477116677,-99.214204427,220.624506209,237.296198031
1618477116771,-93.871999206,230.426369422,233.925068176
1618477116865,-100.215199091,219.290202545,237.882181555
1618477116959,-105.122907614,202.942672345,240.755160240
1618477117053,-105.901947561,198.347697725,240.211211196
1618477117152,-102.716855654,197.633246652,239.688259409
1618477117247,-103.603982945,192.678234124,243.207584831
1618477117342,-105.321386245,188.957580138,243.212954863
1618477117437,-105.446491017,195.533828676,242.529987614
1618477117532,-101.920788881,203.615927913,239.636839682
1618477117627,-100.621124001,202.614108766,239.461415488
1618477117722,-104.276187490,199.101108098,242.430291717
1618477117817,-105.542792455,199.544039952,241.000961349
1618477117912,-100.999025146,201.686314108,236.097238043
1618477118007,-103.999431061,206.353971564,239.682876912
1618477118102,-99.121778983,205.277422250,238.169098292
1618477118197,-99.693227555,211.035913407,239.332822506
1618477118292,-92.918592935,218.609185262,237.123146695
1618477118390,-91.735861713,226.548851663,235.430774364
1618477118484,-91.252128463,231.491152944,236.562195070
1618477118578,-90.179824511,236.393977609,235.349065754
1618477118672,-88.545762478,243.837022629,228.392483804
1618477118766,-84.541161524,251.514329256,231.218987907
1618477118860,-85.755257679,253.132167454,230.758918817
1618477118954,-83.622764294,246.911520762,233.852159517
1618477119048,-87.471441630,240.084584664,233.348976287
1618477119142,-89.022670496,239.248446577,233.671666352
1618477119236,-88.829568243,245.222658782,230.973222806
1618477119330,-82.799076273,250.655217691,228.369971522
1618477119424,-86.657128372,254.459035238,232.701473798
1618477119518,-86.964448421,251.104364646,233.466780584
1618477119608,-87.645305283,245.836436943,228.865355039
1618477119702,-93.306845061,245.301863816,234.838022496
1618477119796,-89.303026001,240.314585071,233.835786814
1618477119890,-89.091023363,235.689773385,232.297081451
1618477119984,-92.060973741,233.458877943,235.864891611
1618477120078,-91.874326076,230.749609085,233.341029082
1618477120172,-90.267745507,229.439132721,234.571337307
1618477120266,-93.157544605,229.806210873,233.506825562
1618477120360,-94.455544365,229.813576518,236.681274993
1618477120454,-92.646456579,227.846659312,242.378436487
1618477120548,-93.840493282,224.200324909,237.492025815
1618477120642,-92.647374524,222.843601647,235.378973853
1618477120736,-94.057372416,225.477902584,233.618987130
1618477120833,-92.326695228,227.911781318,235.191247793
1618477120927,-93.298328318,228.006271223,234.174641769
1618477121021,-92.008476338,225.640774953,234.590363305
1618477121115,-98.293360111,224.360839381,236.342535867
1618477121209,-94.169166565,219.443536452,238.855234056
1618477121303,-98.272498795,216.099337780,234.915724873
1618477121397,-99.151520347,214.171325389,237.430305185
1618477121491,-96.087564048,211.384363211,235.392865087
1618477121585,-96.033608328,211.233098752,234.946680588
1618477121679,-99.819115902,213.947570973,239.821116455
1618477121773,-100.186979353,215.053211778,239.451062931
1618477121867,-99.488150804,216.381002998,236.041967828
1618477121961,-95.560412399,219.471290761,238.498868609
1618477122057,-96.854296195,222.823357092,236.085507303
1618477122151,-96.398885146,224.009336499,236.404310354
1618477122245,-96.279039826,225.070521006,240.163350262
1618477122339,-95.458061962,226.474199982,236.268150043
1618477122433,-94.714148429,228.952168853,230.832662134
1618477122527,-91.400027630,232.329492679,234.063374181
1618477122621,-94.147342938,236.502173418,231.330051001
1618477122715,-90.778182851,239.731842143,235.113944226
1618477122809,-88.594856212,240.673491871,233.421223337
