1610679047997,165.098723048,203.242773687,425.992413962
1610679048091,168.098721527,207.242773511,424.992413967
1610679048185,165.098731092,203.242774617,426.992413933
1610679048279,167.098714684,203.242772719,424.992413992
1610679048369,167.098707694,205.242771911,425.992414017
1610679048463,168.098721527,207.242773511,424.992413967
1610679048557,166.098699284,204.242770938,423.992414048
1610679048651,168.098721527,207.242773511,424.992413967
1610679048745,164.098700658,206.242771097,425.992414043
1610679048839,166.098721848,207.242773548,424.992413966
1610679048933,166.098723414,204.242773729,426.992413960
1610679049027,167.098730257,208.242774521,426.992413936
1610679049121,166.098686870,205.242769502,427.992414092
1610679049215,169.098751960,204.242777031,425.992413857
1610679049309,169.098699329,205.242770943,424.992414047
1610679049403,169.098687429,201.242769567,428.992414090
1610679049497,169.098685862,204.242769385,426.992414096
1610679049588,173.098699201,200.242770928,424.992414048
1610679049682,169.098751960,204.242777031,425.992413857
1610679049776,171.098720519,206.242773394,423.992413971
1610679049870,174.098692577,203.242770162,426.992414072
1610679049964,181.098690927,202.242769971,425.992414078
1610679050058,184.098751107,195.242776933,426.992413860
1610679050152,192.098697706,191.242770756,425.992414053
1610679050246,209.098734103,171.242774966,425.992413922
1610679050340,248.098724951,127.242773907,425.992413955
1610679050434,382.098713975,-16.757227363,430.992413994
1610679050528,260.098679015,-87.757231407,426.992414121
1610679050622,-52.901248834,-216.757223060,428.992413860
1610679050716,69.098708787,71.242772037,427.992414013
1610679050806,88.098682801,457.242769031,430.992414107
1610679050900,-254.901309116,174.242769966,427.992414078
1610679050994,-27.901294789,354.242771624,431.992414026
1610679051088,185.098705497,602.242771657,432.992414025
1610679051182,280.098721111,320.242773463,435.992413969
1610679051276,223.098688452,234.242769685,437.992414087
1610679051370,198.098693295,215.242770245,447.992414069
1610679051464,16.300599218,194.063767739,474.591707387
1610679051558,177.098696296,205.242770592,433.992414058
1610679051652,174.098718823,209.242773198,398.992413977
1610679051746,168.098722992,205.242773681,-56.007586038
1610679051840,171.098681682,206.242768902,538.992414111
1610679051934,169.098736567,208.242775251,519.992413913
1610679052026,169.098680449,205.242768759,394.992414116
1610679052120,168.098681811,206.242768917,561.992414111
1610679052214,165.098691221,205.242770005,469.992414077
1610679052308,165.098751026,205.242776923,458.992413861
1610679052402,163.098713932,207.242772633,446.992413995
1610679052496,167.098707511,202.242771890,436.992414018
1610679052590,164.098711322,205.242772331,430.992414004
1610679052684,166.098689491,204.242769805,431.992414083
1610679052778,166.098679880,207.242768693,428.992414118
1610679052872,166.098724468,206.242773851,428.992413957
1610679052966,166.098724468,206.242773851,428.992413957
1610679053060,164.098738255,207.242775446,426.992413907
1610679053154,165.098732145,205.242774739,428.992413929
1610679053252,166.098751915,203.242777026,424.992413857
1610679053346,169.098730450,203.242774543,426.992413935
1610679053440,165.098716058,205.242772878,426.992413987
1610679053534,167.098691607,205.242770050,423.992414075
1610679053628,165.098684937,207.242769278,424.992414099
1610679053722,168.098721527,207.242773511,424.992413967
1610679053816,166.098751915,203.242777026,424.992413857
1610679053910,165.098679514,206.242768651,427.992414119
1610679054004,166.098678827,205.242768572,426.992414121
1610679054098,165.098687558,206.242769582,428.992414090
1610679054192,166.098700337,206.242771060,425.992414044
1610679054286,165.098737568,206.242775367,425.992413909
1610679054380,167.098680760,203.242768795,429.992414115
1610679054474,167.098700703,207.242771102,426.992414042
1610679054569,160.098752364,208.242777078,424.992413856
1610679054664,165.098744559,204.242776175,424.992413884
1610679054759,165.098715005,203.242772757,424.992413991
1610679054854,166.098744925,205.242776218,425.992413883
1610679054949,164.098745246,205.242776255,425.992413881
1610679055044,167.098744238,204.242776138,424.992413885
1610679055139,164.098752236,203.242777063,424.992413856
1610679055234,165.098708015,205.242771948,425.992414016
1610679055329,164.098708702,206.242772027,426.992414014
