1616035140689,-3.707227
1616035140783,1.327815
1616035140877,2.952004
1616035140971,-3.325367
1616035141065,-3.443417
1616035141156,3.723343
1616035141250,-2.509577
1616035141344,-1.823990
1616035141438,3.794572
1616035141532,-0.923736
1616035141626,-3.215455
1616035141720,3.218361
1616035141814,0.598797
1616035141908,-3.774695
1616035142002,2.042042
1616035142096,2.215068
1616035142190,-1.534911
1616035142284,0.556960
1616035142375,3.475551
1616035142469,-3.180055
1616035142563,-1.048367
1616035142657,3.844220
1616035142751,-1.859377
1616035142845,-2.496343
1616035142939,3.823128
1616035143033,-0.294336
1616035143127,-3.541255
1616035143221,2.966888
1616035143315,1.308237
1616035143409,-3.865702
1616035143503,1.619566
1616035143593,2.413430
1616035143688,-3.584911
1616035143783,0.104376
1616035143878,3.580721
1616035143973,-2.805140
1616035144068,-1.492913
1616035144163,3.761535
1616035144258,-1.462627
1616035144353,-2.492417
1616035144448,3.887265
1616035144543,0.316165
1616035144638,-3.557041
1616035144733,2.571075
1616035144829,1.540131
1616035144924,-4.001443
1616035145019,1.280909
1616035145114,2.769867
1616035145209,-3.538783
1616035145304,-0.223669
1616035145399,3.770792
1616035145494,-2.411707
1616035145589,3.077071
1616035145684,3.761528
1616035145779,-1.067694
1616035145874,-3.054933
1616035145969,3.448769
1616035146061,0.485783
1616035146155,-3.747586
1616035146249,2.367293
1616035146343,1.814855
1616035146437,-3.721252
1616035146531,0.957086
1616035146625,3.076373
1616035146719,0.222286
1616035146813,-0.599478
1616035146907,3.594289
1616035147001,-2.162733
1616035147095,-2.070282
1616035147189,3.795995
1616035147282,-0.977055
1616035147376,-3.147956
1616035147470,3.247082
1616035147564,0.647658
1616035147658,-3.896442
1616035147752,2.130465
1616035147846,-2.633333
1616035147940,-3.733902
1616035148034,0.603591
1616035148128,3.341014
1616035148222,-3.054549
1616035148316,-0.748007
1616035148410,3.881182
1616035148499,-2.135083
1616035148593,-2.323574
1616035148687,3.769533
1616035148781,-0.878158
1616035148875,-3.267703
1616035148969,-3.965853
1616035149063,0.972236
1616035149157,-3.840996
1616035149251,1.841503
1616035149345,2.154175
1616035149439,-3.702659
1616035149533,0.616627
1616035149627,3.183421
1616035149719,-3.035996
1616035149813,-1.037297
1616035149907,3.586091
1616035150001,-1.942772
1616035150095,-1.352499
1616035150189,3.671134
1616035150283,-0.572474
1616035150377,-3.284222
1616035150471,3.256004
1616035150565,0.977954
1616035150659,-3.937097
1616035150753,1.842968
1616035150847,2.362276
1616035150937,-3.844407
1616035151031,0.647867
1616035151125,3.192637
1616035151219,2.089683
1616035151313,-0.899699
1616035151407,3.943956
1616035151501,-1.928739
1616035151595,-2.242463
1616035151689,3.809364
1616035151783,-0.675856
1616035151877,-3.339203
1616035151971,3.050738
1616035152065,0.785003
1616035152155,-3.787400
1616035152249,1.952178
1616035152343,3.744878
1616035152437,-3.630636
1616035152531,0.446896
1616035152625,3.167510
1616035152719,-3.238966
1616035152813,-0.895941
1616035152907,3.781431
1616035153001,-2.161767
1616035153095,-2.105656
1616035153189,3.696334
1616035153283,-1.057335
1616035153374,-3.119844
1616035153468,2.724092
1616035153562,0.675237
1616035153656,-3.761992
1616035153750,2.348284
1616035153844,1.871229
1616035153938,-4.049451
1616035154032,0.973316
1616035154126,2.897664
1616035154220,-3.424980
1616035154314,-0.467005
1616035154408,3.581686
1616035154502,-2.228849
1616035154594,-0.769582
1616035154688,4.005108
1616035154782,-1.346179
1616035154876,-2.924905
1616035154970,3.343491
1616035155064,0.198767
1616035155158,-3.562779
1616035155252,2.640989
1616035155346,1.750123
1616035155440,-3.947651
1616035155534,1.387929
1616035155628,2.594459
1616035155722,-4.031954
1616035155812,-0.098295
1616035155906,3.431283
1616035156000,-2.759302
1616035156094,-1.214519
1616035156188,3.668674
1616035156282,-1.644279
1616035156376,-2.610207
1616035156470,3.677724
1616035156564,-0.253832
1616035156658,-3.413922
1616035156752,2.941597
1616035156846,-2.431936
1616035156940,-3.702638
1616035157033,2.156800
1616035157127,2.408088
1616035157221,-3.719849
1616035157315,0.629674
1616035157409,3.305216
1616035157503,-3.091526
1616035157597,-0.829221
1616035157691,3.716930
1616035157785,-1.977098
1616035157879,-2.100320
1616035157973,1.492756
1616035158067,-0.866780
1616035158161,-3.086531
1616035158249,3.456394
1616035158343,0.640929
1616035158437,-3.674181
1616035158531,2.372612
1616035158625,1.807787
1616035158719,-3.860630
1616035158813,1.450349
1616035158907,2.964764
1616035159001,-3.221873
1616035159095,3.524468
1616035159189,3.577749
1616035159283,-2.607561
1616035159377,-1.323910
1616035159470,3.989854
1616035159564,-1.469089
1616035159658,-2.373225
1616035159752,3.863790
1616035159846,-0.121833
1616035159940,-2.904847
1616035160034,3.594394
1616035160128,1.427164
1616035160222,2.772299
1616035160316,2.294871
1616035160410,2.530126
1616035160504,-3.471722
1616035160598,0.814736
1616035160688,3.053627
1616035160782,-3.594665
1616035160876,-1.076960
1616035160970,3.590279
1616035161064,-2.544125
1616035161158,-1.726942
1616035161252,3.658060
1616035161346,-1.935946
1616035161440,-2.854919
1616035161534,3.899280
1616035161628,0.461901
1616035161722,-3.373441
1616035161816,2.942111
1616035161906,1.686105
1616035162000,-3.724221
1616035162094,1.381404
1616035162188,1.974500
1616035162282,-4.187789
1616035162376,0.048061
1616035162470,-4.301785
1616035162564,-2.790013
1616035162658,-0.454969
1616035162752,4.484583
1616035162846,-1.784104
1616035162940,-2.150613
1616035163034,3.532209
1616035163124,-0.936233
1616035163218,-3.283757
1616035163312,3.288492
1616035163406,0.691487
1616035163500,-3.539274
1616035163594,-1.465874
1616035163688,1.968063
1616035163782,-3.629687
1616035163876,1.661420
1616035163970,3.311635
1616035164064,-3.555978
1616035164158,0.294426
1616035164252,3.926644
1616035164351,-2.211422
1616035164445,-0.920099
1616035164539,4.277600
1616035164633,-1.064985
1616035164727,2.850858
1616035164821,4.405037
1616035164915,0.287507
1616035165009,-2.797966
1616035165103,3.946385
1616035165197,1.764577
1616035165291,-3.009527
1616035165385,2.891756
1616035165479,3.050689
1616035165571,-2.946014
1616035165665,1.532434
1616035165759,4.069584
1616035165853,4.778497
1616035165947,0.090514
1616035166041,3.942239
1616035166135,-3.469382
1616035166229,-3.356610
1616035166323,1.598450
1616035166417,-3.172215
1616035166511,-4.415526
1616035166605,1.228006
1616035166699,-3.099737
1616035166792,-7.297728
1616035166886,-1.640391
1616035166980,-5.768694
1616035167074,-10.794107
1616035167168,-5.501050
1616035167262,-4.388659
1616035167356,-9.731627
1616035167450,-4.945474
1616035167544,-1.493611
1616035167638,-7.475966
1616035167732,-5.521108
1616035167826,-1.340156
1616035167920,-7.104537
1616035168010,-6.565127
1616035168105,-6.781814
1616035168200,-3.338999
1616035168295,-3.690379
1616035168390,5.451476
1616035168485,2.502695
1616035168580,-2.920394
1616035168675,1.591659
1616035168770,-0.476368
1616035168865,-6.121178
1616035168960,0.343358
1616035169055,3.556413
1616035169150,-2.323248
1616035169242,-2.168621
1616035169336,4.699873
1616035169430,-1.789265
1616035169524,-0.465576
1616035169618,4.546461
1616035169712,-1.141068
1616035169806,-1.768496
1616035169900,4.115305
1616035169994,-0.067590
1616035170088,-3.275397
1616035170182,3.304905
1616035170276,1.084733
1616035170370,0.205271
1616035170461,2.316626
1616035170556,2.151463
1616035170651,-3.628795
1616035170746,0.791710
1616035170841,3.302694
1616035170936,-3.422514
1616035171031,-0.377802
1616035171126,3.698113
1616035171221,-2.505255
1616035171316,-1.625387
1616035171411,3.790550
1616035171506,3.253423
1616035171601,-2.997679
1616035171698,3.475907
1616035171791,0.080720
1616035171884,-3.397025
1616035171977,2.634141
1616035172070,1.391801
1616035172163,-4.087318
1616035172256,1.660725
1616035172349,2.331119
1616035172442,-3.691006
1616035172535,0.211873
1616035172628,2.742250
1616035172721,-2.884972
1616035172814,-1.010329
1616035172913,3.732066
1616035173008,-2.162630
1616035173103,-2.128553
1616035173198,3.801476
1616035173293,-0.853231
1616035173388,-3.316329
1616035173483,3.292967
1616035173578,0.562464
1616035173673,-3.745413
1616035173768,-1.048646
1616035173863,1.788522
1616035173958,-3.917984
1616035174053,1.171727
1616035174150,2.977823
1616035174244,-3.521033
1616035174338,-0.357659
1616035174432,3.574207
1616035174526,-2.648543
1616035174620,-1.793563
1616035174714,3.976103
1616035174808,-1.397095
1616035174902,-3.573357
1616035174996,3.666227
1616035175090,0.137445
1616035175184,-3.393856
1616035175278,2.786617
1616035175367,1.365710
1616035175461,-4.069909
1616035175555,1.849215
1616035175649,2.605342
1616035175743,-3.703862
1616035175837,0.503900
1616035175931,3.285468
1616035176025,-2.683706
1616035176119,-1.083980
1616035176213,3.808536
1616035176307,-1.982088
1616035176401,-2.391977
1616035176495,3.767755
1616035176588,-0.604866
1616035176683,-3.178081
1616035176778,3.130341
1616035176873,0.895846
1616035176968,-3.840894
1616035177063,2.149881
1616035177158,0.832612
1616035177253,-3.786050
1616035177348,1.047117
1616035177443,2.994970
1616035177538,-3.291528
1616035177633,-0.440331
1616035177728,3.699293
1616035177820,-2.494893
1616035177915,-1.786368
1616035178010,3.936375
1616035178105,-1.376124
1616035178200,-2.755247
1616035178295,3.723699
1616035178390,0.118921
1616035178485,-3.450918
1616035178580,2.562826
1616035178675,1.429702
1616035178770,-3.859509
1616035178865,1.552572
1616035178960,2.541926
1616035179056,-3.722825
1616035179150,0.250521
1616035179244,3.475926
1616035179338,-2.816643
1616035179432,2.627512
1616035179526,3.871635
1616035179620,-1.782035
1616035179714,-2.417795
1616035179808,3.846855
1616035179902,-0.441318
1616035179996,-3.290513
1616035180090,3.004408
1616035180184,0.987017
1616035180273,-3.837878
1616035180367,2.024539
1616035180461,2.224686
1616035180555,-1.042314
1616035180649,0.858348
1616035180743,3.191147
1616035180837,-3.381975
1616035180931,-0.685834
1616035181025,3.937282
1616035181119,-2.238490
1616035181213,-2.127851
1616035181307,3.579548
1616035181401,-1.005109
1616035181500,-3.208948
1616035181593,3.412428
1616035181686,-3.690077
1616035181779,-3.649168
1616035181872,2.511847
1616035181965,1.833013
1616035182058,-3.998497
1616035182151,1.000434
1616035182244,3.089950
1616035182337,-3.408827
1616035182430,-0.246010
1616035182523,3.705063
1616035182616,-2.669292
1616035182710,-1.568839
1616035182804,-2.925049
1616035182898,-1.338497
1616035182992,-2.724586
1616035183086,3.708538
1616035183180,-0.199490
1616035183274,-3.667716
1616035183368,2.940874
1616035183462,1.279649
1616035183556,-3.691837
1616035183650,1.453905
1616035183744,2.603728
1616035183838,-3.612480
1616035183929,1.514604
1616035184023,3.263374
1616035184117,-3.039454
1616035184211,-1.166796
1616035184305,3.674884
1616035184399,-1.801172
1616035184493,-2.424479
1616035184587,3.634700
1616035184681,-0.661941
1616035184775,-3.323535
1616035184869,2.995942
1616035184963,0.983354
1616035185057,3.637122
1616035185148,1.947852
1616035185242,2.085747
1616035185336,-3.754540
1616035185430,0.785250
1616035185524,3.024478
1616035185618,-3.309914
1616035185712,-0.738583
1616035185806,3.702524
1616035185900,-2.250043
1616035185994,-1.967865
1616035186088,3.942173
1616035186182,2.737346
1616035186276,-3.147930
1616035186369,3.201269
1616035186463,0.324844
1616035186557,-3.800837
1616035186651,2.333146
1616035186745,1.583687
1616035186839,-3.817896
1616035186933,1.331034
1616035187027,2.954742
1616035187121,-3.516234
1616035187215,-0.174149
1616035187309,-0.386250
1616035187403,-2.722101
1616035187497,-1.685956
1616035187586,3.834145
1616035187680,-1.334218
nan,nan
nan,nan
