1610679042088,321.230224682,298.281915162,273.696864518
1610679042182,76.433483414,168.809238844,469.047805065
1610679042274,63.859178417,149.802527359,549.932749849
1610679042368,330.662632005,294.423812767,297.561720561
1610679042462,288.791107268,290.707609483,294.703618144
1610679042556,37.420060121,118.363409396,565.081350041
1610679042650,307.939717011,281.275203041,323.284625997
1610679042744,183.041346090,226.971271768,368.014249796
1610679042838,7.697145623,112.505307404,582.513776380
1610679042932,266.926293699,252.552288447,365.014238540
1610679043026,242.203378663,262.126593597,328.858905314
1610679043120,-3.735261406,114.221511147,575.655649133
1610679043214,214.480464388,216.396966652,415.601987619
1610679043308,283.216801542,289.849508635,287.987368961
1610679043402,6.839043793,128.795815831,545.216545972
1610679043492,161.176532614,185.674052285,472.763993743
1610679043586,130.595515850,206.964560814,419.460045946
1610679043680,47.852466411,145.802527838,508.203095959
1610679043774,107.730703056,150.518730743,515.635525012
1610679043868,320.230224919,297.423813271,278.413081730
1610679043962,92.723991609,179.099747133,449.899192442
1610679044056,51.568670592,134.512018691,555.648977590
1610679044150,321.230224768,295.423813426,295.561682714
1610679044244,147.744126657,216.396966468,408.169591578
1610679044338,25.845755398,109.505307521,576.655668035
1610679044432,294.365411707,260.126593518,329.858909864
1610679044526,204.906158965,247.694186921,360.439926558
1610679044620,1.980942453,103.931002330,578.513783820
1610679044712,4.980942244,125.079612433,552.790856748
1610679044806,251.635785176,270.559000273,307.994087376
1610679044900,1.980942376,117.079612298,563.365169400
1610679044994,194.473752537,205.680763677,432.750579086
1610679045088,295.365411878,286.707609826,292.703598492
1610679045182,19.987653973,127.370120479,526.209851476
1610679045276,136.027922851,155.667340617,492.770712751
1610679045370,114.372123124,99.998118366,266.980666490
1610679045464,-166.998923228,-34.906964403,489.912615407
1610679045558,53.007788514,264.944425499,528.067948801
1610679045652,342.946428521,321.423812959,288.987404580
1610679045746,212.446906196,205.390255628,431.750568037
1610679045840,71.859178554,106.228222274,541.358452941
1610679045929,330.797818593,624.133304757,319.426520453
1610679046023,340.325142941,374.829373265,387.020970005
1610679046117,95.555247595,93.931002127,582.513795436
1610679046211,305.500598438,241.552288658,358.865616560
1610679046305,241.912871136,241.694186274,357.717048876
1610679046399,8.122840288,109.363409452,705.655651806
1610679046493,235.629073768,223.829373768,549.311449404
1610679046587,273.500598460,282.275203470,174.561686539
1610679046681,7.839043685,111.363409349,365.932742872
1610679046775,167.892736206,202.106458575,360.473502889
1610679046869,311.655920262,292.565711328,221.271200261
1610679046963,239.345276695,231.687475794,375.595224422
1610679047057,113.588804446,159.093035953,431.345001588
1610679047151,330.804529902,296.423813232,300.696880642
1610679047245,76.291584907,172.525442300,473.189694298
1610679047339,58.284873498,138.228222388,556.790852991
1610679047433,316.372123371,286.991406575,294.561697489
1610679047527,133.453618182,207.822661763,409.885781130
1610679047621,20.271449765,113.505308225,573.797525958
1610679047715,292.649208762,269.700898103,329.858930551
1610679047809,207.906158775,239.261780522,348.865610463
1610679047903,-2.735261422,112.505307866,587.088054814
1610679047997,251.635785644,242.977983311,379.446656077
1610679048091,328.946428450,301.281914680,289.845502057
1610679048185,5.839044012,114.363409014,571.939473626
1610679048279,190.757549130,202.964560492,435.608674280
1610679048369,299.365411559,282.133305207,296.561681420
1610679048463,14.555246458,129.795816477,532.784102277
1610679048557,141.169821265,175.383543850,491.770716388
1610679048651,317.514021847,306.998117986,266.980688339
1610679048745,56.284873286,163.093035791,499.486909213
1610679048839,84.007788305,146.944425713,532.784139816
1610679048933,318.372122961,295.423813588,283.271165188
1610679049027,107.872601456,196.532153770,443.324885009
1610679049121,35.420059835,124.937714634,564.365129951
1610679049215,258.493887352,275.417101381,319.426524997
1610679049309,175.608939331,219.255068641,381.304748284
1610679049403,12.697145701,109.505307324,585.371882614
1610679049497,269.926294016,252.552288122,354.723748924
