1618476705289,-86.985291487,241.718923258,235.365287692
1618476705383,-90.650719864,239.162749349,233.908189888
1618476705477,-110.352985514,183.998270586,241.004820184
1618476705571,-94.172348224,225.528500600,236.056182680
1618476705665,-90.686127200,225.122936483,235.223666156
1618476705759,-93.026723668,226.926891075,236.008711475
1618476705853,-100.944181220,213.474020861,235.611721573
1618476705947,-93.195188741,224.730278027,242.389611827
1618476706037,-88.460603338,236.947121222,233.172198550
1618476706132,-85.284319598,250.108071794,234.484815382
1618476706227,-91.896923939,232.017725914,232.640415388
1618476706322,-88.166066223,240.224371138,231.424217276
1618476706417,-101.562768090,215.517466846,236.487387180
1618476706512,-91.157193268,235.041434427,233.399275384
1618476706607,-76.638441535,276.760919679,230.666401661
1618476706702,-98.983267865,211.895616230,236.276430205
1618476706797,-86.569839978,246.591226219,233.903873834
1618476706892,-93.876003427,227.603485077,236.285562676
1618476706987,-85.574971539,247.577187620,234.905546638
1618476707082,-92.759508647,229.657921076,234.921603783
1618476707177,-87.741172962,235.915293466,232.937676107
1618476707268,-83.835431883,249.600373565,231.664468902
1618476707363,-82.415742217,253.484271008,232.201673474
1618476707458,-95.054850549,221.378469473,237.669847405
1618476707553,-97.412486469,220.664334754,236.112414334
1618476707648,-101.298736806,206.296839272,238.705251394
1618476707743,-89.827882082,232.942343199,234.291925366
1618476707838,-98.546042276,208.356013492,239.459885385
1618476707933,-95.411731481,231.345084836,236.482250646
1618476708028,-96.664091466,218.976009672,238.194433415
1618476708123,-103.532022525,206.394367842,241.455315178
1618476708218,-82.463735076,253.088712101,232.891334840
1618476708313,-86.226574554,246.530310115,234.791974965
1618476708408,-98.051087810,218.917289484,234.320587844
1618476708503,-87.687341565,247.269772790,233.942177414
1618476708597,-93.027832727,229.923856980,237.009073010
1618476708691,-90.713385560,233.519838635,231.580584902
1618476708785,-101.710938979,206.169162564,237.839622507
1618476708879,-104.727137424,203.389110955,237.170886448
1618476708973,-91.673762417,228.156763275,234.219635441
1618476709067,-91.492822970,232.123239855,232.508685134
1618476709161,-88.425248777,239.779578926,235.834690031
1618476709255,-100.363245217,220.799045864,236.096362498
1618476709349,-95.493637354,226.913801136,234.486901155
1618476709443,-90.219109075,245.814996776,234.115524856
1618476709537,-98.653268157,211.534145543,238.842872225
1618476709631,-89.906909945,239.197617611,235.665720117
1618476709722,-92.662642108,222.451448587,237.541993919
1618476709816,-111.830032260,176.485985407,239.138280104
1618476709910,-104.718959606,199.675746384,239.494204130
1618476710004,-94.280623256,240.439499378,233.113528010
1618476710098,-88.864056722,237.843378900,233.303717702
1618476710192,-80.237230367,255.708369397,231.817498039
1618476710286,-90.016316428,240.898310255,232.701384826
1618476710380,-83.695088279,253.455790600,232.966752170
1618476710474,-92.960610028,233.579234455,234.335192488
1618476710568,-90.332353792,230.826504386,233.782358342
1618476710662,-88.652191361,239.158723719,234.908669572
1618476710756,-93.443779966,226.050197833,236.470648468
1618476710850,-86.986887856,238.978819086,233.691791597
1618476710943,-85.019540999,251.568173313,232.072518408
1618476711038,-105.154035075,200.485494357,239.636031560
1618476711133,-79.317714693,261.959659308,236.191767572
1618476711228,-93.072691596,240.744082625,235.719762202
1618476711323,-104.910021240,195.417315089,238.882470588
1618476711418,-102.811689443,208.629272728,240.546481983
1618476711513,-85.213400677,245.830613451,235.113664013
1618476711608,-95.315985514,218.192599051,238.406940129
1618476711703,-85.044579244,251.028201407,234.732647494
1618476711798,-87.906822972,241.197855545,233.665691765
1618476711893,-96.474297259,216.759499767,238.458547148
1618476711988,-91.691120945,220.637801055,236.877261065
1618476712083,-90.109344332,233.436599600,234.709660935
1618476712176,-76.552747066,279.466831056,229.986499646
1618476712271,-93.752542158,229.676979557,234.919332823
1618476712366,-89.571489497,234.643765861,236.208345610
1618476712461,-96.090601825,221.544926459,235.007485247
1618476712556,-100.055036826,204.227801378,238.951792733
1618476712651,-94.559533156,218.997790629,239.834365615
1618476712746,-83.813567593,251.660188511,234.657341504
1618476712841,-80.740866550,251.594816365,239.307658647
1618476712936,-84.981809020,235.992713444,241.690135980
1618476713031,-99.728082999,212.593734891,251.193244145
1618476713126,-113.395280539,179.675351743,266.996558210
1618476713221,-104.966745217,192.526396286,289.226945184
1618476713316,-102.801178974,200.450815823,310.521006288
1618476713412,-96.367032161,214.052948854,310.423580494
1618476713506,-88.697613618,228.562986520,121.575443509
1618476713600,-91.087628587,216.817323531,125.332499535
1618476713694,-88.250910554,219.842100878,188.733759734
1618476713788,-75.178094483,221.777043420,220.384039380
1618476713882,-81.478319438,202.069811506,264.089775887
1618476713976,-52.852663043,240.138812083,234.625987066
1618476714070,-23.926709541,255.464766489,165.302092033
1618476714164,-19.581519157,307.787484224,196.123417294
1618476714258,-40.250634699,425.842855544,225.733669810
1618476714352,-131.807797027,495.997290624,229.285377969
1618476714446,-185.566540971,300.807462217,222.924847867
1618476714540,-125.586004379,177.396846181,235.191027767
1618476714629,-42.472969956,179.270658679,228.916394714
1618476714723,5.882528088,384.093049315,236.082392817
1618476714817,-193.929235237,293.986382995,231.954882399
1618476714911,-113.443866729,294.671592816,230.536825116
1618476715005,-114.663529337,291.749338345,232.978513930
1618476715099,-96.834296719,266.017900637,228.708197767
1618476715193,-115.163670403,194.987660781,240.291139548
1618476715287,-106.570508187,213.024818123,236.141877354
1618476715381,-99.280318876,225.497384372,236.417362848
1618476715475,-93.872790322,235.555222994,236.980581197
1618476715569,-113.106080116,181.938001874,239.250316609
1618476715663,-101.554323495,209.333358256,237.462584926
1618476715757,-85.179781072,252.865535555,233.798770516
1618476715850,-103.909261811,200.626603470,239.904272481
1618476715944,-108.619621034,184.268825949,241.091738968
1618476716038,-91.862231633,230.376898010,235.955089783
1618476716132,-82.182509036,256.858072563,231.799659787
1618476716226,-101.427069211,212.417229425,237.095118613
1618476716320,-96.944315325,218.209390913,234.285781774
1618476716414,-99.152194530,214.904951169,238.679530483
1618476716508,-96.679514548,229.405290030,236.547494056
1618476716602,-93.831846271,228.460024366,234.945184656
1618476716696,-105.371262256,200.626954865,238.380860525
1618476716790,-77.575959352,277.667591422,228.320049984
1618476716884,-92.865244408,231.104392775,233.630088384
1618476716978,-96.024729185,234.668084382,237.682077792
1618476717070,-93.530923344,233.754744185,232.195121713
1618476717164,-77.864752258,273.406056150,232.066158741
1618476717258,-107.107661563,202.348097015,238.294931045
1618476717352,-100.271385183,216.314613824,235.392401156
1618476717446,-100.465838964,217.782639434,238.455789883
1618476717540,-86.509708201,245.019994014,233.210255381
1618476717634,-89.190989939,241.156186407,233.432341997
1618476717728,-83.010041600,251.858424242,232.395405276
1618476717822,-84.115704306,248.833621946,232.755833092
1618476717916,-88.610737151,239.007868459,232.569172668
1618476718010,-107.615778934,205.222284633,237.786552446
1618476718104,-85.591948667,244.530742664,230.911080902
1618476718198,-103.394128881,203.300134722,238.062331153
1618476718287,-94.397351733,226.177213263,234.455513630
1618476718381,-103.291981545,195.108109107,239.680999835
1618476718475,-106.048115930,197.039524347,242.927487180
1618476718569,-87.652267174,245.365727096,232.930743741
1618476718663,-78.375450646,267.273182784,229.558621511
1618476718757,-83.976574171,258.157193105,233.406544901
1618476718851,-86.267598088,235.475132810,233.109282020
1618476718945,-94.508603174,232.080069369,235.513829220
1618476719039,-87.296052056,240.133027167,239.792574030
1618476719133,-100.729228196,217.062075787,237.541650431
1618476719227,-86.698894036,247.238168267,234.945943329
1618476719321,-92.321629963,236.327315815,235.126895521
1618476719415,-86.404655841,244.307389637,232.176010043
1618476719506,-116.327045728,181.126287309,242.300298301
1618476719600,-93.411599338,230.609709418,233.808191084
1618476719694,-101.248016052,200.964124057,239.340684294
1618476719788,-98.480662925,217.742084978,236.460622250
1618476719882,-95.149058670,224.120740838,235.700557699
1618476719976,-95.131843542,226.903573827,233.368962336
1618476720070,-88.945640743,235.620186480,235.330312748
1618476720164,-89.067194862,244.759120243,230.717970357
1618476720258,-93.905631960,218.786692277,235.621204605
1618476720352,-95.783148980,230.593247343,234.929310142
1618476720446,-81.606182734,260.906223564,230.959819883
1618476720540,-95.457445912,231.484285255,241.823136311
1618476720634,-84.261262652,252.906886460,232.151315683
1618476720722,-96.597306475,219.158715838,233.172662609
1618476720816,-105.340875700,195.238610633,238.022922039
1618476720910,-95.323731203,223.642882739,232.757498065
1618476721004,-87.828723408,246.618726187,233.662282050
1618476721098,-78.812816379,269.812402125,228.375212015
1618476721192,-89.555979406,236.686197390,235.203289576
1618476721286,-81.458027435,263.311537486,229.911523698
1618476721380,-97.234365066,212.944417271,239.032300238
1618476721474,-93.197271009,225.724581489,235.390290612
1618476721568,-75.404478797,268.929506327,232.242100695
1618476721662,-94.440077966,226.796062459,236.143458162
1618476721756,-115.670012645,172.452283123,242.738083377
1618476721850,-90.286658732,239.158724830,233.789511961
1618476721942,-100.497315423,211.225054269,238.118017720
1618476722036,-101.025782615,215.250780913,238.638322282
1618476722130,-92.582533025,237.613553673,234.211945618
1618476722224,-97.148648759,220.650388391,237.352391105
1618476722318,-95.222279988,231.127637357,234.746476097
1618476722412,-95.217873139,222.932482553,237.722990082
1618476722506,-91.615248929,253.202736202,229.592692889
nan,nan,nan,nan
