1610679808037,146.688326118,210.508714293,417.061384212
1610679808131,158.293482677,203.981926619,417.009260630
1610679808225,168.355019834,200.918732409,417.970940316
1610679808319,168.514432810,199.100812567,417.953795366
1610679808413,164.524867488,202.519410495,418.948312116
1610679808507,160.104536135,204.789054161,416.988579472
1610679808601,157.990625626,200.580791975,423.005477496
1610679808695,163.915795618,201.746859114,416.978750446
1610679808789,166.060395835,196.786666545,416.950832630
1610679808883,167.487055845,198.842759155,417.970223806
1610679808977,164.560029228,201.376168397,416.975254432
1610679809071,160.699584229,203.172858627,419.001630244
1610679809159,158.684243029,203.907879861,417.017993370
1610679809253,159.851011162,205.359533939,418.984528632
1610679809347,159.013881176,202.992012799,416.999924672
1610679809441,158.589027195,202.811870901,419.007656820
1610679809535,158.997085326,204.577075077,420.005442442
1610679809629,161.021763149,205.562875507,417.005308525
1610679809723,161.546433309,200.110185399,416.991608086
1610679809817,165.710020772,199.714465587,419.969013859
1610679809911,168.054965191,199.789791327,416.950862100
1610679810005,165.542522731,196.660047663,416.959069558
1610679810099,165.043281539,200.371912056,415.956352128
1610679810193,165.634193444,205.333494457,416.974851970
1610679810287,162.113825038,200.783709345,423.988529064
1610679810379,161.923485752,201.742434227,414.978708714
1610679810474,160.271205906,201.268550690,421.993101642
1610679810569,160.787805941,204.122096033,419.001151498
1610679810664,160.346853165,202.800421390,419.998117758
1610679810759,161.109744762,201.512251065,414.004831081
1610679810854,161.687777073,200.878060524,417.979987817
1610679810949,161.728375802,200.854700098,420.979767503
1610679811044,162.482767715,204.146818453,417.991953576
1610679811139,161.254803096,205.428784792,421.004043904
1610679811234,159.315589362,205.393808498,418.003714040
1610679811329,156.632544435,202.211433190,417.001994044
1610679811424,159.038828179,206.128454303,418.010642544
1610679811519,158.413988273,202.912587942,419.008606691
1610679811615,160.343357859,203.651636623,416.987283476
1610679811710,161.819447131,203.953093798,420.990126543
1610679811805,161.268742730,202.269967997,419.993115009
1610679811900,161.566354843,203.098722588,417.991499980
1610679811995,161.447605146,203.167050924,418.992144390
1610679812090,161.398786437,202.195141111,423.992409311
1610679812185,161.213422557,201.151003154,416.982561961
1610679812280,162.392292933,204.048081501,418.981591298
1610679812375,160.259935194,203.850433815,417.998589429
1610679812470,158.398743774,204.619767680,417.986982917
1610679812565,158.157621222,206.060101026,420.009997899
1610679812660,159.526711725,207.847727096,418.007994983
1610679812755,158.971050324,206.441259606,416.994730474
1610679812849,157.664017277,205.919517718,420.018103127
1610679812943,155.727336776,206.458481785,417.023186141
1610679813037,154.150092525,206.366024940,414.031745254
1610679813131,154.722572255,204.310427322,415.012358746
1610679813225,161.487961580,206.143829914,418.991925391
1610679813319,165.296307756,200.527913199,422.976685549
1610679813413,167.301380444,197.072606509,416.944098272
1610679813507,165.269289699,196.817265397,419.960552291
1610679813601,159.945569333,200.031319296,420.000295375
1610679813695,154.212090096,204.905749642,422.036835441
1610679813789,151.349076614,207.251529897,415.030665442
1610679813883,153.400027469,206.222212878,417.030388951
1610679813977,157.371945885,201.361381069,418.003408214
1610679814068,163.782696815,203.549637834,418.995752598
1610679814162,161.921935857,202.743326033,421.978717125
1610679814256,157.924500930,206.468044033,416.994983080
1610679814350,156.029774134,206.435255899,417.032398177
1610679814444,160.797556818,204.541087419,416.995671958
1610679814538,168.162697708,199.453996192,416.966557351
1610679814632,171.992441848,195.099573195,418.934921516
1610679814726,167.171033598,201.024597718,417.971938740
1610679814820,153.599296208,206.682952027,419.034734219
1610679814914,148.335335215,208.862620504,420.074153011
1610679815008,155.949036071,206.330916458,419.021983062
1610679815102,164.715506549,201.012900999,421.990690589
1610679815196,163.490976813,201.991298996,416.981055778
1610679815286,154.138409600,206.948145250,417.037235278
1610679815381,147.957131177,208.354044406,419.059925508
1610679815476,152.444312391,201.621333444,418.024722008
1610679815571,169.006586551,199.393026278,417.956551257
1610679815666,176.431641653,195.120664577,414.916258268
1610679815761,172.726415062,198.951052553,417.914658643
1610679815856,162.129599415,201.500826738,416.004723338
1610679815951,163.681701274,204.032352485,415.990874038
1610679816046,175.401055974,196.289059473,417.927277495
1610679816141,185.198120595,188.651848288,418.874112499
1610679816236,178.396703434,191.989971999,416.905594615
1610679816331,154.843424618,206.117879013,419.038836051
1610679816426,135.957152094,220.985002058,418.141324769
1610679816521,136.618268653,219.604596926,417.137737137
1610679816616,154.752662543,209.320899286,417.050181832
1610679816711,161.081695376,205.556176479,417.042969670
1610679816806,136.042120777,219.539295083,419.184276675
1610679816901,96.724683955,242.464060695,417.419344160
1610679816996,92.166599333,246.689957209,418.487492175
1610679817091,153.890445118,204.078956826,425.217659512
1610679817186,265.407658712,131.749514832,422.780722790
1610679817281,343.602589154,69.077873439,420.991303350
1610679817376,261.120192555,-19.243397122,419.714161251
1610679817471,-8.973679731,-167.963625403,420.679686296
1610679817566,21.680128841,255.132243230,419.954397201
1610679817661,-204.477999854,31.433941074,420.805734422
1610679817756,29.724951847,336.975627856,421.556509336
1610679817850,216.388074197,398.764836205,425.176972691
1610679817944,240.107602086,220.402340538,425.852897210
1610679818038,250.555192218,176.005868809,417.660536432
1610679818132,215.851607199,184.494067770,389.778313648
1610679818226,176.229327097,200.566453735,299.977049028
1610679818320,167.179027886,206.896987716,391.999028483
1610679818414,177.544318784,195.782024321,269.931926686
1610679818508,188.141269412,188.835356302,840.885274259
1610679818602,173.967638922,194.113844749,394.935056112
1610679818696,153.671521929,208.792189452,594.045195527
1610679818790,139.553016102,214.915949174,506.121811363
1610679818884,145.269156045,214.777689761,455.101645266
1610679818972,156.396525565,207.375023825,435.041261204
1610679819066,159.347589537,204.526191621,426.014393637
1610679819160,151.179145391,208.226297876,425.058720720
1610679819254,143.217276758,212.656745039,423.091073545
1610679819348,146.637618763,212.264085140,421.077939257
1610679819442,160.495592963,204.441030748,425.013590478
1610679819536,172.311144699,196.642386156,417.949471910
1610679819630,172.908438392,195.723306593,417.940803996
1610679819724,165.407742861,201.039191644,420.981507457
1610679819818,161.466069659,202.307222439,419.002897440
1610679819912,167.759795126,198.685825524,417.968743752
1610679820006,173.625472130,194.310726829,421.936912923
1610679820100,171.561876486,198.498115593,415.948111282
1610679820193,161.374540532,205.482898218,417.976261009
1610679820287,153.410653863,208.791496451,420.035757910
1610679820381,153.159984148,207.360333320,422.031691576
1610679820475,158.866249529,204.227755709,421.011579064
1610679820569,165.541783385,202.537462977,419.986206695
1610679820663,163.907695220,200.751520067,418.978794404
1610679820757,159.719151117,202.736997859,417.006950687
1610679820851,159.579452726,205.817380031,421.007708777
1610679820945,160.927097214,200.891152157,419.989542366
1610679821039,170.728645757,202.552952849,425.958059538
1610679821133,173.764750124,195.079790595,418.925303863
1610679821227,174.061781612,196.210471193,418.945398485
1610679821321,167.762392363,199.108933100,418.963303033
1610679821410,159.107071990,202.664584931,417.015698835
1610679821504,153.538582224,206.019478648,419.056770191
1610679821598,154.512128255,208.733108291,420.035207247
1610679821692,158.885415691,206.490533601,419.995195181
1610679821786,164.065420365,201.660765337,419.977938488
1610679821880,168.279940749,198.386534784,418.965921117
1610679821974,171.114778997,199.755374584,421.950537513
1610679822068,169.141095706,198.740232003,418.950394702
1610679822162,166.556583659,199.802752991,418.969846504
1610679822256,163.836914694,200.943042997,417.990031753
1610679822350,161.713352694,202.589538302,420.996128902
1610679822444,161.057153479,205.542511983,418.005116474
1610679822538,158.560659443,202.828193648,424.007810761
1610679822629,159.572545070,202.972150641,419.018599513
1610679822723,160.851546489,202.660817829,421.006232226
1610679822817,161.708824782,204.592143653,417.996153474
1610679822911,158.464493143,204.034323501,420.019185870
1610679823005,156.228710908,206.745390102,417.025891997
1610679823099,155.055218030,206.845217553,418.026833477
1610679823193,159.691660487,208.903611870,419.017953118
1610679823287,163.734007803,204.577653393,420.996016815
1610679823381,166.344633028,200.075504915,421.981849931
1610679823475,167.390311868,201.624619382,418.987028674
1610679823569,163.213509487,202.301749093,420.993414739
1610679823663,157.837625782,202.819623735,420.017161019
1610679823757,156.960332124,206.447426837,418.994788638
1610679823849,157.950228838,206.754832164,419.016549964
1610679823943,159.786639420,205.273563205,418.012011078
1610679824037,162.040087552,206.703127641,420.016062335
1610679824131,158.271966207,202.145103111,420.020230641
1610679824225,156.990793162,204.731491534,417.016329837
1610679824319,156.627573332,208.091283448,420.029154145
1610679824413,156.309771012,208.698748282,421.025452114
1610679824507,156.135142540,206.374627131,420.031826382
1610679824601,156.499821249,202.589393759,419.024420782
1610679824695,160.181608735,202.744706742,420.988161228
1610679824789,163.744064416,202.571866839,418.995962241
1610679824883,164.971565003,201.139371544,418.973021181
1610679824977,164.777421730,202.251081191,416.974074724
1610679825066,160.875810464,201.496060429,416.995247305
1610679825160,158.687057859,204.906260213,420.017978095
1610679825254,156.869314672,205.773604157,417.979002680
1610679825348,156.897634693,204.360492708,420.022261998
1610679825442,159.500159138,204.438403380,417.013565699
1610679825536,159.312876510,200.970767447,421.009155386
1610679825630,159.529670805,202.421422427,418.013405550
1610679825724,159.896217317,207.059716346,417.000563190
1610679825818,157.249128600,205.733641803,418.025781197
1610679825912,157.458142382,206.037977716,418.019220333
1610679826006,158.645945029,204.505314432,421.023627823
1610679826100,161.265397417,203.847290863,420.998559788
1610679826194,163.948702081,202.727924802,420.978571875
1610679826286,166.445275899,201.017595210,418.981303780
1610679826380,167.740175278,197.546318786,417.957996972
1610679826474,168.476863878,196.273225613,419.964852489
1610679826568,168.042355448,199.523240886,418.967210403
1610679826662,163.457185924,203.312334122,420.002945648
1610679826756,157.022868678,207.288433326,420.021582400
1610679826850,151.768037466,208.887450565,423.055525023
