1610679811775	489	497	131
1610679811869	482	497	127
1610679811963	489	494	123
1610679812057	484	496	120
1610679812151	488	491	113
1610679812245	493	485	110
1610679812339	488	476	110
1610679812433	483	478	113
1610679812527	486	471	107
1610679812621	487	462	104
1610679812712	491	463	107
1610679812807	489	466	103
1610679812902	499	465	102
1610679812997	492	468	102
1610679813092	492	473	103
1610679813187	487	480	104
1610679813282	488	484	109
1610679813377	484	487	104
1610679813472	481	490	103
1610679813567	482	492	111
1610679813662	482	491	109
1610679813757	482	495	111
1610679813852	476	497	109
1610679813945	473	497	105
1610679814039	474	498	108
1610679814133	470	503	104
1610679814227	471	500	110
1610679814321	470	505	110
1610679814415	468	505	102
1610679814509	464	501	105
1610679814603	465	501	104
1610679814697	464	494	104
1610679814791	468	495	105
1610679814885	467	491	107
1610679814979	469	493	105
1610679815073	468	495	104
1610679815164	470	494	102
1610679815259	476	496	109
1610679815354	473	494	107
1610679815449	479	495	110
1610679815544	478	491	110
1610679815639	485	486	112
1610679815734	487	486	115
1610679815829	492	486	105
1610679815924	496	492	109
1610679816019	497	487	101
1610679816114	493	490	103
1610679816209	498	490	103
1610679816304	490	483	103
1610679816400	494	481	102
1610679816494	492	478	103
1610679816588	495	472	103
1610679816682	499	464	104
1610679816776	497	459	106
1610679816870	491	446	106
1610679816964	494	436	103
1610679817058	492	435	100
1610679817152	498	429	68
1610679817246	495	424	-45
1610679817340	493	428	-18
1610679817434	494	427	-110
1610679817528	488	427	198
1610679817617	485	422	230
1610679817711	482	416	77
1610679817805	480	419	269
1610679817899	483	417	177
1610679817993	512	383	137
1610679818087	532	361	120
1610679818181	648	249	108
1610679818275	461	-314	106
1610679818369	139	472	100
1610679818463	579	754	99
1610679818557	189	670	96
1610679818651	500	710	96
1610679818745	463	503	99
1610679818845	416	467	98
1610679818939	398	460	99
1610679819033	376	459	96
1610679819127	371	464	97
1610679819221	368	464	103
1610679819315	362	464	100
1610679819409	367	461	101
1610679819503	362	464	99
1610679819597	365	462	98
1610679819691	362	469	101
1610679819785	369	471	104
1610679819879	363	479	98
1610679819973	364	480	99
1610679820062	357	479	96
1610679820156	355	480	103
1610679820250	353	480	95
1610679820344	354	479	99
1610679820438	355	479	97
1610679820532	354	481	98
1610679820626	352	477	95
1610679820720	351	479	96
1610679820814	357	480	96
1610679820908	356	478	90
1610679821002	350	493	91
1610679821096	354	492	88
1610679821190	357	493	88
1610679821282	358	490	86
1610679821376	358	487	88
1610679821470	364	485	75
1610679821564	360	487	80
1610679821658	359	485	84
1610679821752	357	485	71
1610679821846	358	481	75
1610679821940	346	476	72
1610679822034	335	475	73
1610679822128	320	472	69
1610679822222	313	468	69
1610679822316	299	466	76
1610679822410	293	468	71
1610679822500	291	468	76
1610679822594	292	466	76
1610679822688	295	463	70
1610679822782	294	465	76
1610679822876	300	464	73
1610679822970	313	463	72
1610679823064	315	469	77
1610679823158	326	460	77
