1618478142805,-84.170052639,236.527201627,235.174831948
1618478142899,-103.886166598,218.931460490,232.703527724
1618478142993,-85.624477905,236.257625128,235.221181568
1618478143087,-93.558788674,226.254782189,230.953254113
1618478143181,-97.949988828,219.099202651,229.761590981
1618478143275,-103.191442520,218.589673957,233.694372927
1618478143369,-82.860330863,239.352360629,234.304074462
1618478143463,-94.521452923,229.535780697,235.014350956
1618478143557,-105.182315116,217.360695539,234.634669449
1618478143651,-79.188338082,241.224321614,234.354215182
1618478143742,-80.780653650,243.680764583,232.366441066
1618478143836,-86.844738887,235.891422489,232.184587651
1618478143930,-97.528259507,219.810567709,232.834215248
1618478144024,-77.990276534,246.044064691,237.510097760
1618478144118,-104.304353669,219.463258778,231.690986880
1618478144212,-94.150297044,225.712128898,231.965504204
1618478144306,-88.770060821,234.975031957,232.186827142
1618478144400,-89.570844220,234.600080988,234.042858378
1618478144494,-77.425699195,247.436967311,231.467051447
1618478144588,-95.353311072,222.245637202,231.899438902
1618478144682,-77.599146353,246.123177371,234.431861412
1618478144776,-90.830900725,229.189323332,233.005071050
1618478144870,-104.574590288,215.041103481,233.652894264
1618478144966,-95.002979547,225.996664103,233.999910648
1618478145061,-87.077025250,231.152960077,235.057667317
1618478145156,-80.391567373,243.355582532,232.438086414
1618478145251,-98.409892327,227.301887625,231.927730708
1618478145346,-102.507139770,218.355818443,240.714894207
1618478145441,-104.446548277,214.064860429,230.626745467
1618478145536,-84.680123296,238.075725895,232.189524242
1618478145631,-99.310772179,223.814868795,232.780760192
1618478145726,-108.783396963,209.328928898,232.526678053
1618478145821,-98.934350284,222.236310269,232.792048557
1618478145916,-91.460210241,231.723946650,230.046176136
1618478146011,-96.295904005,231.549107529,233.961137656
1618478146106,-90.853008001,233.642966952,232.124362476
1618478146201,-91.774856059,228.893274696,229.916785957
1618478146295,-77.440142704,247.420796377,231.466618306
1618478146389,-91.263618127,228.944050930,233.052071658
1618478146483,-95.819078354,232.082960920,229.975436988
1618478146577,-100.456575759,221.651627294,232.776387747
1618478146671,-89.154923914,235.424541005,230.145297039
1618478146765,-85.496228433,240.640410522,233.285004786
1618478146859,-95.421346670,226.169464634,240.897398610
1618478146953,-101.820759946,220.124288418,234.735477775
1618478147047,-99.445542450,219.305184000,233.686752826
1618478147141,-92.778061045,227.128883846,233.976667040
1618478147235,-86.918582473,239.808747304,234.182373186
1618478147329,-94.366428197,225.111352561,231.869056940
1618478147424,-75.842437909,246.970387178,231.454554037
1618478147518,-81.854994272,241.717131643,233.394200293
1618478147612,-82.885972929,240.443250530,234.333294091
1618478147706,-72.807708674,246.248467434,235.515572714
1618478147800,-106.529137602,217.091992250,231.654257327
1618478147894,-95.318319393,227.524011290,233.960465450
1618478147988,-102.069023611,215.607135288,235.668055500
1618478148082,-95.846859722,224.812659488,230.914626668
1618478148176,-78.302630125,242.455156560,231.440753518
1618478148270,-110.759120239,210.116911638,231.467428881
1618478148364,-110.496105847,210.650579664,233.535293510
1618478148458,-93.168194551,231.170485768,234.084921875
1618478148552,-83.085823828,235.980300270,233.267323646
1618478148640,-90.864930361,229.151223795,231.004050549
1618478148735,-97.593359107,226.096478453,233.922228796
1618478148830,-96.650631970,227.032355828,239.920511263
1618478148925,-77.217373034,246.789807740,232.503287454
1618478149020,-82.870287270,241.341213449,235.303775883
1618478149115,-72.507464118,252.704219581,236.554565226
1618478149210,-102.444153996,218.426337236,230.716783062
1618478149305,-91.920636529,232.567250138,234.122334391
1618478149400,-80.168047679,240.127439998,234.324835064
1618478149495,-91.950107902,230.175457853,232.031484792
1618478149590,-91.266884464,227.581597770,234.962007911
1618478149685,-109.921340120,205.054889190,233.492552733
1618478149780,-84.355307999,240.798184859,233.289230792
1618478149873,-89.342524033,234.214504151,231.139671175
1618478149969,-88.859894316,231.276460869,232.034190171
1618478150065,-98.772500510,224.656714518,231.856879401
1618478150161,-77.858705505,243.593377826,229.364100400
1618478150257,-115.747268811,202.771384309,232.377818495
1618478150353,-108.895620456,214.562079790,237.613278422
1618478150449,-109.067170746,208.011216131,234.518168075
1618478150545,-88.088106305,235.499349914,233.147300806
1618478150641,-104.139121360,215.767851385,232.725930563
1618478150737,-81.068704635,241.358263068,232.357802821
1618478150833,-107.300267220,212.109037789,233.601143632
1618478150929,-100.659867558,224.782818228,233.860257105
1618478151025,-97.159308079,231.702040154,234.965233976
1618478151125,-106.337600485,214.186838237,233.630012658
1618478151218,-99.556609271,221.539629901,235.773387882
1618478151311,-104.994053823,217.810670090,235.700292337
1618478151404,-102.944737383,217.985483438,234.731759866
1618478151497,-84.531827668,243.959349836,236.373903009
1618478151590,-92.993545319,224.887627928,236.970204969
1618478151683,-93.795643833,231.348395628,237.036116953
1618478151776,-98.112296204,219.917483520,238.756723610
1618478151869,-81.383179711,238.766979726,247.288394958
1618478151962,-103.760395888,218.311470665,254.767276607
1618478152055,-90.516402400,227.541435256,266.014502414
1618478152148,-107.701302783,208.301242711,292.499151344
1618478152241,-99.214244360,217.922941219,306.783654926
1618478152328,-93.821072427,218.482734738,306.825434199
1618478152422,-83.213729538,233.478301027,235.173522139
1618478152516,-88.242391179,230.967816593,142.052708224
1618478152610,-81.046552313,234.665472435,165.178535550
1618478152704,-82.806945574,224.096544764,194.975800834
1618478152798,-81.141843175,227.362797665,240.875791930
1618478152892,-59.620703655,234.783455877,238.101340360
1618478152986,-46.679972767,237.999505909,194.919631374
1618478153080,-8.417182447,361.891719237,159.077455077
1618478153174,-9.796911274,379.466575326,204.066067542
1618478153268,-56.939207387,485.187662056,227.031811683
1618478153362,-143.783821585,461.122434353,233.976494290
1618478153456,-203.719612443,264.313921551,230.008408430
1618478153546,-154.073365469,161.917860115,229.997799872
1618478153641,-28.770020014,207.377084023,233.036885375
1618478153736,-15.160653616,392.418126038,230.145125214
1618478153831,-143.425705127,293.958565773,230.347096877
1618478153926,-126.147113544,234.237298242,232.845645281
1618478154021,-111.874587427,241.618806653,231.123715339
1618478154116,-124.420309922,213.855039409,234.567555122
1618478154211,-108.243852070,226.368187361,231.902721424
1618478154306,-110.872505625,217.707557849,236.643960201
1618478154401,-99.345263755,228.493844417,229.959657426
1618478154496,-101.587440604,224.983506077,232.892417686
1618478154591,-107.876344868,214.583660714,231.613856469
1618478154686,-84.019989563,240.173606953,233.299286522
1618478154779,-97.606042438,228.441074384,231.011814235
1618478154873,-95.527706074,228.528779677,234.014163433
1618478154967,-95.208822022,226.766203131,232.993737720
1618478155061,-98.333200340,225.028955703,229.840064799
1618478155155,-88.843801278,237.012070959,234.214604367
1618478155249,-88.798435029,232.584468057,234.096010445
1618478155343,-92.807716513,238.693675244,235.125720704
1618478155437,-87.372204556,231.822477702,232.048815303
1618478155531,-93.630165189,224.174869134,235.951113631
1618478155625,-95.122453345,227.743302667,232.966339198
1618478155719,-93.645913005,220.798441727,231.860675582
1618478155813,-100.222435999,221.033368595,239.813397868
1618478155907,-78.060380331,242.487181672,232.388041053
1618478156007,-109.331946070,210.714774016,233.510227834
1618478156102,-92.480020683,227.462569455,233.985604853
1618478156197,-89.054607864,234.656453450,233.178293975
1618478156292,-94.103992259,227.644372952,230.936904222
1618478156387,-110.184986887,211.879309330,233.514634934
1618478156482,-91.794303142,227.110699215,233.976179962
1618478156577,-89.630502855,238.250879602,233.221000888
1618478156672,-89.131670407,236.689773049,234.205971575
1618478156767,-89.840276802,231.657220785,232.124744267
1618478156862,-96.611884677,225.075737248,234.921673240
1618478156957,-111.733210185,212.504716674,232.558171682
1618478157052,-101.912980387,221.140637254,231.762700812
1618478157147,-102.655036916,216.309831712,230.740447577
1618478157243,-97.880079682,223.536269014,231.853653252
1618478157337,-98.936168991,221.234274047,233.791994016
1618478157431,-106.895376270,216.681951905,232.643274342
1618478157525,-85.826250004,231.672925171,231.125164911
1618478157619,-101.624897634,219.343575612,237.741351412
1618478157713,-100.462678277,217.405597473,233.716227545
1618478157807,-92.360533050,231.835545105,233.049165315
1618478157901,-88.077423125,233.391712065,241.117632581
1618478157995,-101.098080507,221.172596844,232.817127115
1618478158089,-99.662060070,218.421567321,231.770225560
1618478158183,-92.907225804,227.103869871,232.002782168
1618478158277,-92.143587029,231.078437594,233.055671222
1618478158371,-79.376429575,239.133333342,234.378563179
1618478158459,-85.175745036,237.760025876,232.234638437
1618478158553,-105.736831585,215.739859607,229.618040277
1618478158647,-85.748244953,235.999456974,234.187481369
1618478158741,-98.181248822,225.438277878,238.904598808
1618478158835,-95.138998789,226.724778409,232.965843023
1618478158929,-82.363013579,232.430761530,235.199033918
1618478159023,-109.184443839,212.999516050,230.544639817
1618478159117,-96.510664475,221.710668360,234.804754300
1618478159211,-84.346374698,243.047384020,235.349475885
1618478159305,-85.762604693,239.461774725,233.307005133
1618478159399,-88.891154938,240.839455138,237.183195699
1618478159493,-87.899564176,231.830040165,234.182943518
1618478159587,-84.379222810,240.771409868,232.288513620
1618478159680,-71.299952997,247.936548767,235.560788193
1618478159774,-96.391424661,221.724570379,231.778341537
1618478159868,-76.094546614,248.166521491,230.566948043
1618478159962,-72.760499668,252.660118750,231.606954240
1618478160056,-103.992743396,215.931735967,234.730320233
1618478160150,-80.803590156,241.535486176,232.335764634
1618478160244,-89.371338521,234.062644762,231.108818471
1618478160338,-101.488334333,222.616070434,231.775435352
1618478160432,-87.161082867,235.417645448,232.145112341
1618478160526,-71.002867112,251.269165744,236.569697382
1618478160620,-101.070037546,220.084394984,230.787979486
1618478160714,-79.977993721,245.818619064,232.450488908
1618478160808,-101.037278906,221.121071515,230.788961872
1618478160899,-96.424458847,232.524776416,234.987271074
1618478160997,-90.362226880,234.312043592,236.169068912
1618478161095,-93.981575003,231.140227328,233.030541138
1618478161193,-92.571239747,232.838835604,232.102823713
1618478161291,-93.337233910,229.622433345,233.989886828
1618478161389,-94.669239821,224.131121226,232.949941838
1618478161487,-90.052771473,234.419312023,233.118371850
1618478161585,-110.003576909,208.962816986,232.490086567
1618478161683,-85.903207826,236.825960739,231.182834250
1618478161781,-96.862405984,223.675655188,235.884171859
1618478161879,-111.057456073,208.663296494,231.428493610
1618478161977,-76.594064191,241.889669904,233.372036622
1618478162075,-85.732041998,238.137196507,232.217955871
1618478162179,-83.321214965,233.597157928,234.230275998
1618478162269,-88.831124311,230.547869178,231.095030139
1618478162359,-97.486437441,217.976990365,233.865458031
1618478162449,-94.410330059,233.779792438,234.047671973
1618478162539,-92.799686020,227.224271276,232.006007135
1618478162629,-109.005316486,204.721671910,235.430057203
1618478162719,-94.714528711,228.200014567,231.978572286
1618478162809,-100.076900499,220.076711230,232.787773675
1618478162899,-92.459832736,226.604770580,234.016198859
1618478162989,-100.631825892,218.335818744,233.741143643
1618478163079,-92.432499626,229.635372695,232.017018541
1618478163169,-97.773167301,223.536369256,232.826870806
1618478163259,-81.420341376,242.964571022,235.347257728
1618478163343,-89.696006111,231.579548618,234.069093547
1618478163438,-88.073882136,235.754472724,234.207704565
1618478163533,-98.412939939,224.059278074,230.867662118
1618478163628,-76.093784820,242.808578222,234.477005094
1618478163723,-104.375078413,216.144877998,230.628888748
1618478163818,-82.229444534,240.178298883,233.352982457
1618478163913,-83.602609769,238.401707389,232.251825960
1618478164008,-86.765465623,234.219374183,232.246942142
1618478164103,-94.460295153,227.604252858,232.016184992
nan,nan,nan,nan
