1610678594778,1.584798
1610678594872,-3.662971
1610678594966,1.087129
1610678595057,2.976845
1610678595152,-3.027246
1610678595247,-0.217244
1610678595342,3.507722
1610678595437,-1.651610
1610678595532,-1.853609
1610678595627,-2.954216
1610678595722,-0.697131
1610678595817,-3.106597
1610678595912,3.207034
1610678596007,1.025293
1610678596102,-3.594295
1610678596197,1.838485
1610678596294,2.237172
1610678596388,-3.534475
1610678596482,0.485166
1610678596576,3.436211
1610678596670,-2.573888
1610678596764,-3.614907
1610678596858,3.830003
1610678596952,-1.224608
1610678597046,-2.783673
1610678597140,3.488512
1610678597234,0.316536
1610678597328,-3.650270
1610678597422,2.462429
1610678597510,2.085591
1610678597605,-3.612537
1610678597700,0.937935
1610678597795,3.298853
1610678597890,-2.492367
1610678597985,-0.682305
1610678598080,3.518476
1610678598175,-2.104507
1610678598270,-2.016456
1610678598365,3.534402
1610678598460,-0.585069
1610678598555,-3.238425
1610678598650,3.033206
1610678598744,1.221585
1610678598838,-3.741985
1610678598932,1.999302
1610678599026,-0.173210
1610678599120,-3.290538
1610678599214,-0.024590
1610678599308,3.584800
1610678599402,-2.686709
1610678599496,-1.516495
1610678599590,3.738684
1610678599684,-1.372946
1610678599778,-2.823224
1610678599872,3.262647
1610678599961,0.505050
1610678600055,-3.499272
1610678600149,2.372911
1610678600243,2.110513
1610678600337,-3.632989
1610678600431,1.198567
1610678600525,3.171533
1610678600619,-3.021484
1610678600713,-0.467760
1610678600807,3.652033
1610678600901,-2.020509
1610678600995,-1.777417
1610678601089,3.684051
1610678601180,3.922859
1610678601274,-3.242845
1610678601368,2.857480
1610678601462,1.008898
1610678601556,-3.552343
1610678601650,2.080109
1610678601744,2.467618
1610678601838,-3.504036
1610678601932,0.286699
1610678602026,3.555852
1610678602120,-2.729749
1610678602214,-1.164359
1610678602308,3.213986
1610678602401,-1.394186
1610678602496,-2.704770
1610678602591,3.339644
1610678602686,-0.092107
1610678602781,-3.248552
1610678602876,2.393969
1610678602971,1.747834
1610678603066,-3.557123
1610678603161,1.178642
1610678603256,2.978762
1610678603351,-3.250477
1610678603446,0.868917
1610678603541,3.344058
1610678603635,-3.428041
1610678603729,-3.239708
1610678603823,0.167097
1610678603917,-10.785294
1610678604011,-4.915093
1610678604105,6.961963
1610678604199,-1.589905
1610678604293,-4.246618
1610678604387,8.053177
1610678604481,2.780450
1610678604575,-2.119670
1610678604669,0.597900
1610678604763,3.299076
1610678604853,-2.964693
1610678604947,-0.794939
1610678605041,3.660627
1610678605135,-1.862693
1610678605229,-2.429886
1610678605323,3.509085
1610678605417,-0.394591
1610678605511,-3.211572
1610678605605,2.901963
1610678605699,-3.631162
1610678605793,-3.753609
1610678605887,1.746920
1610678605981,2.527330
1610678606070,-3.485117
1610678606164,0.323149
1610678606258,3.301211
1610678606352,-2.668803
1610678606446,-1.038762
1610678606540,3.590285
1610678606634,-1.582122
1610678606728,-2.226712
1610678606822,-2.865678
1610678606916,-0.062906
1610678607010,-3.263447
1610678607104,2.985287
1610678607198,1.265626
1610678607293,-3.621322
1610678607387,1.545374
1610678607481,2.701412
1610678607575,-3.362894
1610678607669,0.005800
1610678607763,3.447330
1610678607857,-2.891525
1610678607951,-0.273468
1610678608045,3.744699
1610678608139,-1.421930
1610678608233,-2.192476
1610678608327,3.492874
1610678608421,-0.091433
1610678608513,-3.232300
1610678608606,2.618452
1610678608699,1.551241
1610678608792,-3.791914
1610678608885,1.638340
1610678608978,2.491095
1610678609071,2.626132
1610678609164,0.108443
1610678609257,3.333659
1610678609350,-2.433886
1610678609443,-1.585516
1610678609536,3.789092
1610678609629,-1.333607
1610678609726,-2.385800
1610678609820,3.592199
1610678609914,0.119168
1610678610008,-3.300768
1610678610102,2.741785
1610678610196,3.924736
1610678610290,-3.550262
1610678610384,1.633367
1610678610478,2.978343
1610678610572,-3.242707
1610678610666,0.065610
1610678610760,3.663306
1610678610854,-2.492432
1610678610947,-1.520366
1610678611041,3.988827
1610678611135,-1.298181
1610678611229,-2.363423
1610678611323,-3.239131
1610678611417,0.091608
1610678611511,-3.218437
1610678611605,2.934092
1610678611699,1.255299
1610678611793,-3.467752
1610678611887,1.806938
1610678611981,2.631573
1610678612075,-3.479044
