1610679296082	-113	415	178
1610679296176	-119	415	175
1610679296270	-114	419	178
1610679296358	-117	419	175
1610679296453	-115	423	178
1610679296548	-117	427	175
1610679296643	-116	434	184
1610679296738	-121	438	176
1610679296833	-116	433	172
1610679296928	-120	437	176
1610679297023	-116	441	174
1610679297118	-118	440	171
1610679297213	-114	443	174
1610679297308	-118	446	172
1610679297403	-116	442	173
1610679297498	-114	443	175
1610679297595	-107	444	169
1610679297690	-106	442	170
1610679297785	-96	441	171
1610679297880	-95	443	170
1610679297975	-98	436	174
1610679298070	-94	431	164
1610679298165	-95	426	165
1610679298260	-90	420	163
1610679298355	-87	406	161
1610679298450	-89	399	160
1610679298545	-88	396	165
1610679298640	-88	396	164
1610679298735	-85	396	163
1610679298828	-88	398	161
1610679298922	-82	393	164
1610679299016	-82	395	162
1610679299110	-86	397	166
1610679299204	-86	389	167
1610679299298	-84	387	168
1610679299392	-87	382	167
1610679299486	-83	381	164
1610679299580	-85	382	170
1610679299674	-82	384	175
1610679299768	-83	381	169
1610679299862	-82	378	166
1610679299956	-85	376	167
1610679300047	-90	381	168
1610679300141	-89	379	164
1610679300235	-91	381	163
1610679300329	-91	386	161
1610679300423	-92	386	169
1610679300517	-94	380	168
1610679300611	-101	372	167
1610679300705	-98	376	167
1610679300799	-102	370	164
1610679300893	-101	367	170
1610679300987	-104	371	170
1610679301081	-108	377	167
1610679301175	-108	376	167
1610679301267	-109	381	166
1610679301361	-109	384	179
1610679301455	-107	382	169
1610679301549	-114	386	173
1610679301643	-118	382	171
1610679301737	-116	372	172
1610679301831	-118	372	174
1610679301925	-115	367	171
1610679302019	-114	367	169
1610679302113	-114	354	170
1610679302207	-112	348	169
1610679302301	-103	350	170
1610679302395	-109	345	172
1610679302483	-103	350	174
1610679302577	-110	351	168
1610679302671	-113	351	171
1610679302765	-112	345	171
1610679302859	-112	346	166
1610679302953	-115	350	173
1610679303047	-112	345	175
1610679303141	-116	345	177
1610679303235	-115	345	196
1610679303329	-118	348	207
1610679303423	-117	349	91
1610679303517	-120	349	-150
1610679303611	-118	353	-138
1610679303704	-123	362	-180
1610679303798	-119	364	-18
1610679303892	-114	378	200
1610679303986	-97	392	213
1610679304080	-55	517	194
1610679304174	-133	244	180
1610679304268	-196	626	178
1610679304362	-114	193	176
1610679304456	84	250	168
1610679304550	-211	248	174
1610679304644	-93	256	174
1610679304738	-119	365	171
1610679304832	-147	398	171
1610679304921	-156	404	170
1610679305015	-159	403	169
1610679305109	-163	398	173
1610679305203	-160	402	172
1610679305297	-164	391	172
1610679305391	-162	395	170
1610679305485	-162	404	166
1610679305579	-156	413	172
1610679305673	-168	416	169
1610679305767	-162	424	171
1610679305861	-162	433	173
1610679305955	-164	437	168
1610679306049	-166	450	168
1610679306142	-169	457	166
1610679306236	-168	470	172
1610679306330	-166	477	165
1610679306424	-170	478	165
1610679306518	-174	482	169
1610679306612	-173	488	171
1610679306706	-178	499	166
1610679306800	-176	506	166
1610679306894	-174	512	170
1610679306988	-173	516	166
1610679307082	-178	519	165
1610679307176	-181	518	167
1610679307270	-184	525	170
1610679307359	-178	525	162
1610679307453	-178	526	166
1610679307547	-175	536	163
1610679307641	-177	541	166
1610679307735	-181	550	161
1610679307829	-182	550	164
1610679307923	-179	555	163
1610679308017	-180	550	166
1610679308111	-180	551	164
1610679308205	-181	555	163
1610679308299	-178	549	166
1610679308393	-179	544	163
