1618478159420	-38.947093	322.902066	449.062232
1618478159514	-5.24203	244.708756	456.547942
1618478159608	3.470217	287.291596	430.28426
1618478159702	-2.851053	277.197373	428.297702
1618478159791	-52.369135	246.208477	425.668986
1618478159885	-16.791168	269.529516	439.952651
1618478159979	-51.944664	353.382955	406.578392
1618478160073	-35.739015	319.515783	429.846164
1618478160167	-22.678861	279.514071	397.494861
1618478160261	-2.688435	257.111275	434.339401
1618478160355	-5.727588	273.995701	470.060532
1618478160449	-17.52611	287.999075	457.128238
1618478160543	-16.736823	306.62591	416.601919
1618478160637	0.769795	213.258402	462.538556
1618478160731	6.789749	265.562076	463.976923
1618478160825	-13.623614	224.694841	433.91708
1618478160919	-29.618918	244.191506	425.509824
1618478161010	1.678331	221.352621	439.415092
1618478161104	-24.939063	248.192239	421.02447
1618478161198	-60.165816	263.965332	442.022321
1618478161292	-20.79981	346.258436	455.711518
1618478161386	-4.131981	312.890641	394.484266
1618478161480	-34.604177	283.537001	428.575974
1618478161574	5.976409	236.617537	444.054246
1618478161668	-12.409613	230.041271	426.283251
1618478161762	8.239217	271.673993	419.439865
1618478161856	-15.78263	207.60324	443.40231
1618478161950	-14.876299	243.998649	436.680446
1618478162044	-15.245453	260.18198	446.394369
1618478162138	-35.52899	180.785927	440.024853
1618478162228	9.404045	291.768633	451.141473
1618478162322	-11.211074	323.235441	457.860826
1618478162416	-29.883464	217.594548	426.174671
1618478162510	-39.3885	247.777826	427.140916
1618478162604	-36.54827	254.862364	435.464704
1618478162698	-37.351929	239.43106	423.487428
1618478162792	7.578714	235.65378	424.889184
1618478162886	-43.652158	276.424177	458.531252
1618478162980	-19.56505	259.006204	436.222016
1618478163074	-20.984771	272.022524	458.404532
1618478163168	-51.937313	264.601197	435.730489
1618478163262	-8.002927	222.90725	467.138956
1618478163356	-15.829847	295.749235	431.251072
1618478163447	-26.957643	319.323444	435.818664
1618478163541	21.660032	233.920923	434.526998
1618478163635	-23.549835	271.388493	442.712896
1618478163729	-12.73849	284.271195	415.954051
1618478163823	-36.030777	243.247202	436.29187
1618478163917	-13.618423	285.390474	417.712608
1618478164011	-39.630164	296.084612	424.711876
1618478164105	-25.342861	294.892241	420.378791
1618478164199	-51.182799	330.196348	459.090235
1618478164293	-7.33428	283.044997	426.491198
1618478164387	-34.723458	230.126909	404.936987
1618478164481	16.191184	255.024319	431.341629
1618478164575	-1.655679	228.618741	424.067651
1618478164665	9.184773	250.875893	417.441312
1618478164759	1.439158	236.0298	435.553224
1618478164853	-17.521283	265.149096	465.415106
1618478164947	-13.455477	213.638476	429.780895
1618478165041	-14.806338	259.760543	436.894865
1618478165135	-42.559971	208.051574	416.408727
1618478165229	-35.544185	263.335812	427.362109
1618478165323	-19.20309	278.811771	434.795071
1618478165417	-34.470582	258.670302	450.495906
1618478165511	-3.1052	291.494192	414.144022
1618478165605	-4.258143	298.056484	448.591677
1618478165699	-16.783944	256.915874	418.649605
1618478165793	-4.412797	361.495186	425.142553
1618478165888	-49.722265	274.78267	392.698636
1618478165982	-7.378166	229.058906	413.440469
1618478166076	-10.776015	272.562176	420.93317
1618478166170	-14.565531	310.945178	443.721557
1618478166264	-27.584173	280.323212	416.450101
1618478166358	-34.762285	304.590308	409.882626
1618478166452	-11.893914	189.196916	371.504573
1618478166546	-12.643393	283.30574	353.146944
1618478166640	-30.753259	287.57339	332.716138
1618478166734	5.621454	282.853488	372.570338
1618478166828	4.308269	275.186126	388.106736
1618478166922	-43.402943	325.398048	375.607516
1618478167016	-36.715814	257.843393	366.688623
1618478167107	-26.501371	258.365449	414.155538
1618478167201	-8.141174	183.246266	517.646462
1618478167295	-19.677865	278.456289	555.197293
1618478167389	2.663558	310.201747	469.294417
1618478167483	-42.38397	251.409424	402.343392
1618478167577	-34.769414	321.368875	389.975212
1618478167671	-29.802136	266.141563	358.395942
1618478167765	-11.878232	275.10823	307.28207
1618478167859	-72.94116	325.793723	293.732066
1618478167953	-29.325889	272.304513	256.420327
1618478168047	-41.894671	232.751829	343.479816
1618478168141	-22.038714	277.87945	461.522026
1618478168235	-24.422743	190.124128	527.871683
1618478168324	-58.508294	326.234776	592.549646
1618478168418	-48.92256	358.670879	556.471803
1618478168512	-56.880544	281.458679	548.613721
1618478168606	-40.795454	273.896192	543.033992
1618478168700	-33.141777	280.118662	517.362484
1618478168794	-91.166626	319.206676	448.860838
1618478168888	-31.372782	296.150586	450.50894
1618478168982	-41.151275	400.126808	441.821009
1618478169076	-20.790921	286.456537	471.727261
1618478169170	-118.764632	374.867267	418.237716
1618478169264	15.594018	682.208099	356.889219
1618478169358	88.14726	450.578591	359.231795
1618478169452	19.822305	280.754693	459.203738
1618478169542	31.078067	91.765358	487.731711
1618478169636	-11.567139	117.772863	490.690315
1618478169730	-50.671668	224.063828	476.781774
1618478169824	-49.63906	232.62222	486.079751
1618478169918	-106.03772	266.714184	435.28035
1618478170012	-140.045628	493.439386	394.733995
1618478170106	-112.878254	575.874224	317.293276
1618478170200	-22.673866	805.208436	255.046547
1618478170294	15.578727	682.129655	307.093083
1618478170388	74.313524	598.800487	315.678157
1618478170482	86.356944	387.851494	386.01965
1618478170576	55.271212	429.619659	355.57915
1618478170670	96.962618	348.304528	399.296627
1618478170761	53.161485	327.17313	413.694199
1618478170855	41.672011	312.263263	427.516403
1618478170949	33.255891	250.542439	430.034903
1618478171043	58.719861	316.155566	428.744654
1618478171137	22.445965	293.696717	447.634248
1618478171231	-12.629115	267.821577	435.268697
1618478171325	-3.085318	230.334054	447.124772
1618478171419	8.926627	281.577476	431.862282
1618478171513	1.593464	266.036139	452.557389
1618478171607	21.172399	250.248178	434.973856
1618478171701	12.51348	209.060386	418.78706
1618478171795	-52.047468	222.040605	439.491358
1618478171889	-7.802225	252.270803	418.645815
1618478171980	-22.77845	276.221088	438.017525
1618478172074	1.503622	293.882774	440.550885
1618478172168	0.932296	241.517978	442.015274
1618478172262	-3.521272	319.903692	436.096631
1618478172356	-13.47435	253.468231	438.952619
1618478172450	9.396304	261.508054	447.740921
1618478172544	-18.530071	292.330965	436.326013
1618478172638	5.697069	215.117813	418.455143
1618478172732	-34.502879	295.978627	444.548096
1618478172826	-24.955369	272.146414	438.366829
1618478172920	-28.176745	280.886225	409.918359
1618478173014	-3.584517	254.512302	447.172289
1618478173108	-30.95883	272.904474	447.335918
1618478173198	-12.17178	317.764558	460.102164
1618478173292	-18.32091	309.158431	464.30508
1618478173386	-1.189472	319.236919	429.998046
1618478173480	-22.264197	245.437635	420.976524
1618478173574	-15.114135	281.466834	470.0514
1618478173668	-29.664051	301.010487	453.616759
1618478173762	-44.450101	286.533949	434.969463
1618478173856	-39.667643	245.967072	452.197373
1618478173950	-25.012206	242.338402	437.439105
1618478174044	9.124825	178.042503	414.675037
1618478174138	-27.190649	246.433575	461.203122
1618478174232	-43.319573	331.177919	436.314923
1618478174326	-17.630267	303.327847	431.20479
1618478174418	-7.803103	286.431815	443.527967
1618478174512	-10.357423	282.041516	431.634672
1618478174606	-26.33766	238.129557	416.707647
1618478174700	2.721686	331.334402	480.581951
1618478174794	-37.980989	303.908683	430.961423
1618478174888	-55.061459	296.890486	447.263498
1618478174982	-0.487126	273.521811	426.053993
1618478175076	-36.987686	280.950261	449.848691
1618478175170	-64.628753	246.477375	433.786914
1618478175264	-36.037049	227.478235	448.668059
1618478175358	-47.734633	264.996891	441.778069
1618478175452	-10.068334	308.897151	408.932498
1618478175546	-44.855035	273.091075	419.990862
1618478175636	-38.886618	304.092947	416.969176
1618478175730	-14.610128	258.40773	453.966503
1618478175824	-23.454019	274.820087	451.547198
1618478175918	-28.020457	230.427566	429.471544
1618478176012	-13.774603	247.660258	433.360565
1618478176106	-24.813782	256.426904	439.611427
1618478176200	-8.895085	265.87715	443.03588
1618478176294	26.921734	273.909553	439.756925
1618478176388	1.210677	219.383635	427.970787
1618478176482	-23.702112	249.045416	446.930035
1618478176576	16.364407	263.807476	447.501795
1618478176670	2.888219	286.896974	422.831813
1618478176764	-4.488611	276.960089	436.260373
1618478176853	-17.746817	242.837957	420.868489
1618478176947	-29.376032	214.927536	445.180423
1618478177041	-7.977732	290.502824	453.869226
1618478177135	33.417185	280.803257	442.828742
1618478177229	-44.526573	299.276526	442.710558
1618478177323	3.664548	289.029303	449.56229
1618478177417	-26.199151	296.623378	420.018362
1618478177511	0.561065	244.241016	436.894828
1618478177605	-28.158926	319.693025	405.313368
1618478177699	-37.714341	296.045339	406.103186
1618478177793	-5.393102	287.86247	434.290137
1618478177887	-22.227255	251.157747	426.960921
1618478177981	-68.520059	270.894046	414.488023
1618478178075	-34.97323	210.595968	405.876912
1618478178169	-20.618964	259.364996	nan
1618478178263	-22.054333	273.606919	nan
