1610678886997	189.420342	144.830179	532.765527
1610678887091	175.262711	138.808393	506.630224
1610678887181	148.940918	102.828915	551.566059
1610678887275	179.529656	147.535075	538.301663
1610678887369	169.457877	111.10712	510.329453
1610678887463	159.844025	145.689168	510.800932
1610678887557	147.661083	153.72566	536.311492
1610678887651	182.615194	141.649669	522.852275
1610678887745	175.668307	178.040826	537.588182
1610678887839	158.550625	111.8842	532.639489
1610678887933	167.116489	165.689728	533.619334
1610678888027	149.104338	140.42099	547.292412
1610678888121	140.478174	147.003449	561.292612
1610678888215	169.135766	125.823645	523.828576
1610678888309	169.840214	121.606808	520.514955
1610678888402	136.745425	158.117279	558.920301
1610678888496	158.926555	150.2534	525.549952
1610678888590	189.477918	156.603141	534.676302
1610678888684	168.604259	123.032846	585.616346
1610678888778	182.171934	156.439835	507.605219
1610678888872	165.418138	160.435586	523.978871
1610678888966	179.542469	137.769766	529.743779
1610678889060	157.210887	158.557225	535.884116
1610678889154	148.450584	143.948742	539.281553
1610678889248	190.593978	126.190689	563.594245
1610678889342	157.187307	135.432655	523.683836
1610678889436	162.240222	156.644013	499.912697
1610678889530	137.933686	152.210576	552.055329
1610678889621	169.489603	181.141337	540.063348
1610678889715	162.832428	138.453755	515.886659
1610678889809	132.294275	118.425943	491.549659
1610678889903	194.329225	127.445086	542.180417
1610678889997	179.680018	162.738114	542.990897
1610678890091	144.148151	127.498005	566.29434
1610678890185	178.667445	150.050924	529.732166
1610678890279	171.311413	144.963564	535.414373
1610678890373	173.870331	122.251343	499.57601
1610678890467	162.624748	122.761499	568.163119
1610678890561	159.111622	129.895051	515.935071
1610678890655	196.517216	129.760858	519.359384
1610678890749	178.666563	130.727043	551.359242
1610678890839	182.850502	100.997837	556.830821
1610678890934	158.162317	164.480943	513.336529
1610678891029	169.289521	139.832538	546.615441
1610678891124	153.484906	151.614964	566.627483
1610678891219	177.957082	147.114405	533.88283
1610678891314	137.156635	116.247483	532.338337
1610678891409	174.34644	121.262121	567.271066
1610678891504	189.732172	153.302929	547.722189
1610678891599	185.895388	171.402313	544.403224
1610678891694	163.980687	134.672841	510.18968
1610678891789	184.726769	171.427715	533.330377
1610678891884	152.39787	146.433496	567.891961
1610678891979	177.619413	152.565556	563.378595
1610678892073	140.655609	157.921292	533.380241
1610678892167	167.749921	160.528408	553.858903
1610678892261	163.414153	129.067827	540.697324
1610678892355	154.546481	160.686306	521.351432
1610678892449	153.215847	98.525463	552.359848
1610678892543	128.864643	-4.853274	567.275861
1610678892637	-54.210035	-146.852057	558.770868
1610678892731	177.510089	343.73792	501.567273
1610678892825	177.58536	295.670979	551.554443
1610678892919	245.479953	167.520087	521.43315
1610678893013	125.05718	130.739117	554.63763
1610678893107	167.912993	314.549306	495.187845
1610678893201	235.86054	589.682522	398.373009
1610678893292	208.759275	111.413683	553.591065
1610678893386	209.133302	93.059213	583.929935
1610678893480	155.482567	108.975633	715.650554
1610678893574	145.671526	108.886548	470.735632
1610678893668	162.370697	122.640967	376.980694
1610678893762	173.234867	140.63675	234.412475
1610678893856	161.919091	140.192135	361.210667
1610678893950	148.937206	121.208593	395.097695
1610678894044	160.03812	142.130895	487.762586
1610678894138	159.886763	159.052315	527.546959
1610678894232	155.385679	177.720516	569.537442
1610678894326	185.003906	153.300729	528.911202
1610678894420	165.155689	128.985482	545.386222
1610678894510	135.485458	153.229855	562.677288
1610678894604	160.373464	148.970559	531.241718
1610678894698	142.958715	172.51207	535.296358
1610678894792	188.239002	163.790834	519.765539
1610678894886	107.403591	145.896806	512.844024
1610678894980	160.493461	117.91216	522.640224
1610678895074	149.354631	125.331154	583.49694
1610678895168	160.172666	140.391245	517.011915
1610678895262	173.247477	171.524782	539.120925
1610678895356	148.76164	152.764236	542.17358
1610678895450	169.918756	185.629287	539.318901
1610678895544	152.471318	156.085059	556.239061
1610678895638	175.614842	157.749744	548.944971
1610678895730	154.8672	107.499836	518.569518
1610678895824	167.599306	116.12377	506.48879
1610678895918	181.286631	149.252746	527.79719
1610678896012	159.71951	138.257598	546.829449
1610678896106	147.271351	133.794347	547.100771
1610678896200	151.956292	153.119334	538.787809
1610678896294	153.947622	128.319939	551.420738
1610678896388	151.859536	115.441045	539.960807
1610678896482	146.518392	112.034686	568.59458
1610678896576	173.209049	168.038463	545.047757
1610678896670	159.474786	151.003109	560.180202
1610678896764	181.818483	172.522756	560.072257
1610678896858	170.011422	189.637971	535.001055
1610678896949	202.550673	119.030185	531.870226
1610678897043	148.252692	114.823361	524.329515
1610678897137	175.99974	158.068595	543.107327
1610678897231	144.745095	131.404656	539.313564
1610678897325	154.942439	130.701775	544.605497
1610678897419	174.870707	122.527966	552.000214
1610678897513	151.407788	145.79234	566.464147
1610678897607	154.312679	145.066929	565.680833
1610678897701	174.343034	154.813883	579.331924
1610678897795	206.38954	189.257752	530.279201
1610678897889	177.959418	134.695745	520.731411
1610678897983	174.427004	161.251991	530.770743
1610678898077	147.103972	133.214089	539.366453
1610678898169	191.973625	142.291605	567.051984
1610678898263	175.225082	98.599783	562.906123
1610678898357	174.238176	133.273198	514.123081
1610678898451	171.281238	143.804239	521.733409
1610678898545	146.643738	114.9691	510.165951
1610678898639	145.936381	175.389057	536.512451
1610678898733	179.447339	142.049662	558.6141
1610678898827	180.263035	147.094104	554.279821
1610678898921	135.433207	151.319324	510.764626
1610678899015	141.68623	121.332183	nan
