1610679049403	454	-40	689
1610679049497	454	-42	694
1610679049588	454	-51	695
1610679049682	450	-48	703
1610679049776	449	-47	703
1610679049870	449	-55	713
1610679049964	454	-50	716
1610679050058	458	-61	713
1610679050152	468	-67	706
1610679050246	480	-87	693
1610679050340	519	-132	691
1610679050434	654	-279	691
1610679050528	530	-346	682
1610679050622	216	-479	685
1610679050716	336	-191	693
1610679050806	355	198	694
1610679050900	8	-81	691
1610679050994	230	105	698
1610679051088	439	359	699
1610679051182	526	79	702
1610679051276	473	-10	704
1610679051370	444	-27	713
1610679051464	426	-31	736
1610679051558	422	-39	693
1610679051652	417	-38	652
1610679051746	411	-45	198
1610679051840	413	-44	788
1610679051934	413	-47	765
1610679052026	418	-52	635
1610679052120	418	-52	799
1610679052214	416	-54	704
1610679052308	418	-55	690
1610679052402	419	-53	683
1610679052496	419	-58	683
1610679052590	416	-55	678
1610679052684	417	-56	684
1610679052778	419	-53	685
1610679052872	410	-56	688
1610679052966	409	-59	691
1610679053060	407	-56	702
1610679053154	408	-61	705
1610679053252	405	-64	708
1610679053346	406	-67	713
1610679053440	402	-64	715
1610679053534	403	-64	716
1610679053628	401	-60	715
1610679053722	404	-63	715
1610679053816	403	-67	715
1610679053910	402	-64	719
