1616035386744,142.722401599,241.571847317,-477.233781794
1616035386838,159.808689284,227.123996755,-474.946518823
1616035386932,161.733638765,225.248778610,-475.986030543
1616035387026,144.078055382,237.231636145,-476.246051002
1616035387120,165.959043373,220.874173931,-474.867490564
1616035387214,159.533889042,227.453315599,-473.989834043
1616035387308,166.193900794,224.657654165,-474.882059896
1616035387402,147.879788194,240.290857118,-475.135578297
1616035387496,154.401041376,232.685212437,-475.068528956
1616035387590,161.872833127,227.082281945,-474.964338768
1616035387684,148.755259680,239.490269099,-476.195073474
1616035387778,156.713235570,232.341569770,-478.043543034
1616035387872,150.690323910,234.460895839,-479.120144620
1616035387960,161.304992164,223.615799319,-474.937068556
1616035388054,165.154626116,219.649937462,-476.844725079
1616035388148,162.261743846,225.636117815,-475.918850732
1616035388242,169.575573723,220.194934963,-474.817668348
1616035388336,160.977803384,224.950829611,-474.943298665
1616035388430,167.557099334,220.237818440,-474.837061454
1616035388524,166.063832189,223.790840036,-475.884536575
1616035388618,168.980154864,214.732724849,-472.771881927
1616035388712,139.250713266,248.174671913,-475.337970013
1616035388806,157.307446860,226.733117419,-475.032228462
1616035388900,170.633362445,217.111794932,-473.797526645
1616035388994,159.782463740,226.150850829,-478.947018192
1616035389088,164.370079645,219.453286629,-474.859663887
1616035389180,166.401682113,223.468859417,-473.897144792
1616035389275,158.188140864,226.783383766,-475.977376219
1616035389370,185.794743652,201.539118482,-474.470751135
1616035389465,157.464804625,228.571988367,-474.029232161
1616035389560,157.727509701,230.326953540,-475.043271236
1616035389655,153.632348928,234.544226593,-475.140289870
1616035389750,164.296068202,224.600970830,-474.918197151
1616035389845,164.859494398,224.000075054,-474.888427438
1616035389940,142.898124071,239.391913424,-476.230435804
1616035390035,139.656540242,245.759118755,-477.330242528
1616035390130,164.694704875,227.240712952,-477.948689237
1616035390225,167.025024672,220.806611302,-475.866234192
1616035390320,147.089737249,242.219674307,-477.245828564
1616035390413,173.910413087,212.732239104,-474.716085915
1616035390509,172.973149705,211.715931570,-474.752973985
1616035390605,166.433455835,225.460290521,-476.915581108
1616035390701,145.962731137,241.349724289,-475.248246929
1616035390797,167.145903238,221.682835721,-478.863932504
1616035390893,149.285963268,237.970812821,-475.204009501
1616035390989,150.745704516,235.452120614,-475.157172758
1616035391085,153.189441995,233.925849403,-477.091599419
1616035391181,156.570286851,230.440011794,-478.008182310
1616035391277,147.308395651,242.995775466,-477.241665017
1616035391373,154.406517151,233.727538078,-476.106507349
1616035391469,154.488311675,232.571884264,-476.047825884
1616035391565,148.672186888,235.479467539,-476.120489973
1616035391666,168.206044162,219.597287115,-478.843746011
1616035391759,159.049567060,232.021143975,-477.056180165
1616035391852,174.584253094,214.090182278,-477.741337764
1616035391945,160.422043148,224.495943053,-473.934839750
1616035392038,169.686863127,219.057012036,-473.796507921
1616035392131,146.116129689,240.168683012,-475.226284687
1616035392224,164.183863292,221.667932229,-474.882251023
1616035392317,170.714702184,218.052472104,-474.815019157
1616035392410,167.521362943,216.226478651,-474.799659264
1616035392503,170.038193152,217.721228247,-476.808859459
1616035392596,156.939041494,231.086385783,-475.020202060
1616035392689,157.719685781,231.334964971,-476.043420214
1616035392782,165.603224987,223.262486300,-474.893307148
1616035392869,160.759681918,224.078313346,-474.871286671
1616035392963,155.313506597,233.798811428,-478.089237064
1616035393057,150.001255305,236.166478887,-475.133265402
1616035393151,167.816702294,216.948027426,-474.813076939
1616035393245,173.979474473,213.709455221,-476.752853553
1616035393339,165.005678697,226.802454604,-479.847561236
1616035393433,158.381529849,226.609326283,-471.992735165
1616035393527,166.337164559,220.439057918,-476.822207975
1616035393621,152.132999968,231.935711487,-474.054591492
1616035393715,157.990419813,228.985843463,-474.981141090
1616035393809,137.109265151,249.367442669,-470.378746031
1616035393903,163.050421145,224.828538819,-477.903833268
1616035393997,151.896254352,233.226063676,-476.097182101
1616035394087,170.156984373,215.527691060,-473.749473529
1616035394182,157.637806773,229.394839993,-473.025937970
1616035394277,147.220961444,238.965473524,-475.148123234
1616035394372,120.216894409,264.664661462,-475.700399225
1616035394467,148.670260005,232.409541627,-477.063402676
1616035394562,148.228214995,236.934079807,-476.128943788
1616035394657,141.345570643,237.909776877,-475.202874497
1616035394752,141.445018808,241.807945304,-471.200980872
1616035394847,143.598907085,239.482604614,-474.064761330
1616035394942,153.542714700,224.324446797,-475.894459344
1616035395037,149.808132154,223.028701937,-472.870364114
1616035395132,128.677113203,244.474423158,-472.120396169
1616035395227,137.573767254,223.124885750,-475.760578758
1616035395322,125.416686597,237.381596355,-476.839735099
1616035395416,104.142807901,269.973601144,-478.092487394
1616035395510,124.899691076,268.910982358,-474.849579381
1616035395604,151.197842116,273.821382660,-478.015274152
1616035395698,200.463420480,230.453574059,-472.934051870
1616035395792,232.524479999,199.415017492,-475.951930545
1616035395886,282.452163182,137.201471575,-475.724811602
1616035395980,291.702336088,138.448595773,-478.119915892
1616035396074,294.679683841,109.519723562,-476.158429879
1616035396168,268.351387483,75.496393099,-476.879061140
1616035396262,166.913045198,104.208870415,-477.096862381
1616035396356,153.991798187,137.672869827,-474.733577564
1616035396450,132.337473500,194.966000728,-474.241111336
1616035396540,155.684915189,200.274703586,-473.967916975
1616035396635,151.654626514,200.185886542,-469.873287065
1616035396730,137.329373172,224.902396216,-465.184141590
1616035396825,155.780261602,214.105173094,-445.908977465
1616035396920,143.828806251,226.271161935,-419.079425074
1616035397015,166.927584584,208.762588720,-396.753841605
1616035397110,152.001197604,226.022740019,-392.019018525
1616035397205,145.670729151,233.504926538,-404.139559059
1616035397300,154.687831216,223.247751347,-449.948820121
1616035397395,153.551768509,232.435007627,-502.989493594
1616035397490,151.066177994,231.100000239,-561.132029188
1616035397585,144.811291438,236.432894465,-593.194006554
1616035397680,170.805041627,209.864102256,-581.737133657
1616035397773,149.146542930,238.089608227,-548.187622920
1616035397867,160.665216935,226.270907610,-526.949250727
1616035397961,158.380986476,225.537983702,-516.935621523
1616035398055,171.548730942,213.102589441,-505.722972824
1616035398149,172.336913976,213.391381856,-497.784130088
1616035398243,138.623161451,247.841230164,-489.368960763
1616035398337,141.075607624,244.306041543,-489.303221598
1616035398431,151.909019104,236.260925650,-484.135021702
1616035398525,149.654541123,235.569435183,-482.177949960
1616035398619,156.895116959,231.131363027,-479.021038442
1616035398713,172.307270394,215.349836911,-478.727570554
1616035398807,141.240165101,245.161506553,-480.319129535
1616035398901,156.851374352,229.104255009,-470.964747371
1616035398994,167.747591940,218.066726752,-475.852475551
1616035399088,148.221917824,238.036393199,-478.205229011
1616035399182,155.858240086,233.264989005,-479.097905943
1616035399276,156.754841203,233.322933328,-477.061792137
1616035399370,163.095305860,226.878443684,-474.979143920
1616035399464,163.211289987,222.711747193,-475.938852770
1616035399558,171.346389214,216.429612182,-477.822032326
1616035399652,159.100082404,229.945451639,-477.036176957
1616035399746,173.099931819,211.562144630,-476.731518556
1616035399840,160.473682634,230.562897584,-475.029063112
1616035399934,153.957560346,236.187254728,-478.115056083
1616035400028,137.696182866,248.790425019,-476.386611667
1616035400122,167.420298107,222.377898291,-475.839666331
1616035400210,163.375148155,225.567928272,-477.954774022
1616035400304,181.763994998,206.762334670,-474.623667264
1616035400398,166.350103227,216.425809158,-474.821961606
1616035400492,148.656101977,239.543870597,-477.158878910
1616035400586,166.614858451,220.178675050,-475.835961644
1616035400680,154.871572787,230.203404117,-471.059569413
1616035400774,158.120557758,230.924485565,-475.035787079
1616035400868,172.333919534,212.298582764,-475.708021789
1616035400962,174.927427015,214.714817415,-477.715761947
1616035401056,167.477092568,221.295776349,-473.819543560
1616035401150,160.621966502,228.411059897,-477.026239590
1616035401244,165.197833293,224.677593744,-477.901026345
1616035401338,154.485659807,235.574599688,-475.047876379
1616035401430,140.359871010,248.062898058,-475.335891504
1616035401524,163.629613593,223.283397907,-475.930887333
1616035401618,153.924094490,238.269455287,-477.153775976
1616035401712,168.844469258,222.991493965,-477.869672207
1616035401806,166.780111981,223.009461000,-475.832814997
1616035401900,169.585519478,219.184750845,-474.817478968
1616035401994,144.795814056,246.592540734,-476.308549240
1616035402088,155.518180556,230.589232186,-476.085339800
1616035402182,164.665307984,224.198915402,-469.892125005
1616035402276,144.804413300,245.583735398,-475.308385499
1616035402370,140.974841966,246.457154833,-475.343222969
1616035402464,164.585626775,223.328438928,-473.931724900
1616035402558,138.952651307,249.551776297,-476.400769496
1616035402650,178.660918227,208.915814464,-474.663712641
1616035402744,160.795849081,228.161111016,-474.965804646
1616035402838,153.088712593,233.933127617,-476.017352124
1616035402932,157.944622699,228.080670817,-475.020095787
1616035403026,155.408143096,228.653974190,-478.049352401
1616035403120,164.105938030,224.771691399,-474.902776153
1616035403214,150.460526404,238.792066048,-476.200685587
1616035403308,181.695589180,206.784447274,-474.586887143
1616035403402,165.408385390,224.485961812,-474.916058482
1616035403496,153.227711506,235.910629038,-476.109912046
1616035403590,144.249190063,241.056399994,-475.242792370
1616035403684,152.909392212,239.308476250,-473.173097256
1616035403778,147.333882026,239.969678277,-476.241179723
1616035403867,159.232379399,229.762051321,-475.995575187
1616035403961,155.904550305,231.169636249,-475.058941477
1616035404055,170.757424078,215.960793673,-474.776123017
1616035404149,159.811821152,228.192688803,-476.003583175
1616035404243,160.673523069,229.334301384,-475.006216555
1616035404337,144.725346666,247.688663294,-475.328932362
1616035404431,154.112263135,235.076776932,-476.150192995
1616035404525,172.113180451,214.524612151,-475.712224955
1616035404619,153.303046609,236.905387404,-475.165601553
1616035404713,169.208618761,218.570684487,-472.824655658
1616035404807,153.782196580,236.414753969,-475.156477901
1616035404901,180.208971883,210.354625975,-475.653276971
1616035404995,158.460928487,229.599923727,-475.048347297
1616035405088,149.150920174,236.037193425,-477.149456913
1616035405182,167.169829708,224.706268472,-475.901559570
1616035405276,155.014324112,230.033265242,-477.037809908
1616035405370,166.218950436,221.632004175,-474.881582917
1616035405464,156.136717493,231.931904866,-477.054520705
1616035405558,144.705336363,243.637254195,-478.272189397
1616035405652,168.172138300,217.608039250,-475.825350295
1616035405746,153.076255723,235.089680984,-476.131837294
