1610679441964,74.015383906,149.009569061,527.125412758
1610679442058,78.014568861,159.007124427,502.130314483
1610679442152,281.973012612,275.983494376,245.182473683
1610679442246,281.973012655,290.980235107,274.178397092
1610679442335,84.012939374,148.009569020,547.121341951
1610679442430,70.016198842,145.010383966,571.117258101
1610679442525,156.998273170,215.995717462,394.153082792
1610679442620,172.995012652,222.994086932,354.160486846
1610679442715,248.979531617,246.989198443,330.166153685
1610679442810,210.986864622,228.993272265,376.156400036
1610679442905,50.020273049,127.013643325,588.113179186
1610679443000,46.021087872,132.012828499,569.117253420
1610679443095,245.980345809,261.985938686,277.177597930
1610679443190,266.976271996,267.984309261,253.180839175
1610679443285,160.997457245,183.002235266,473.136850085
1610679443380,119.006421365,165.005495322,518.127826376
1610679443475,84.012939452,161.007124602,505.130300499
1610679443571,117.006420794,179.003050434,455.140081838
1610679443666,282.973012479,276.983494279,268.178407279
1610679443761,271.974642640,259.986753949,281.175933162
1610679443856,70.016199503,127.013643744,576.115590096
1610679443951,44.021086691,128.013642470,596.111618089
1610679444046,179.993383233,228.993272273,348.162103144
1610679444141,200.989309134,239.990827817,324.168620278
1610679444236,231.982790664,236.991642735,370.158020073
1610679444331,189.991753564,212.996531559,408.149881858
1610679444426,39.022716568,135.012012985,568.117308716
1610679444521,61.017013340,151.009568905,551.121351130
1610679444616,253.978716818,272.983494688,259.180819020
1610679444711,264.976271503,276.983494080,247.182497367
1610679444804,118.006420624,169.005494786,513.128684132
1610679444898,99.009679864,152.008754043,554.120539325
1610679444992,114.007235342,179.003050234,453.140912694
1610679445086,134.003161392,199.998976236,411.149050866
1610679445180,284.973012783,268.985124149,288.174315528
1610679445274,254.978715931,256.987568171,308.170277691
1610679445368,46.021087846,122.014458130,596.112365975
1610679445462,45.021087700,124.014458025,603.109929938
1610679445556,212.986864767,248.989198245,313.168613999
1610679445650,225.984421021,256.987569123,302.172645872
1610679445744,194.990939482,201.998161746,408.149838822
1610679445838,176.994198783,203.998161747,459.139246018
1610679445932,58.018642694,150.009568692,553.120553453
1610679446024,75.015384425,152.007939787,511.128641969
1610679446118,265.976272812,278.982680202,245.183236333
1610679446212,263.976271969,275.983494417,262.180025899
1610679446306,109.008866066,158.007939960,546.121294624
1610679446400,69.016198156,140.011198295,568.117297852
1610679446494,137.002346580,189.001420720,415.148235303
1610679446588,159.997457317,215.995716719,374.157216535
1610679446682,251.978716647,259.986753863,310.169421399
1610679446776,216.986050274,226.993272610,387.153927923
1610679446870,55.019458197,140.011198832,608.109106593
1610679446964,49.020272817,135.012013508,580.114822254
1610679447058,229.983606368,263.985939597,294.172635942
1610679447152,258.977902246,276.983494871,272.178359850
1610679447243,166.995828188,202.998161570,448.141704650
1610679447338,146.000716931,183.002235545,490.132753573
1610679447433,78.014568463,150.008753789,521.127078252
1610679447528,82.013754095,172.004679995,483.134385180
1610679447623,264.976271624,275.983494168,256.180860711
1610679447718,266.975457451,274.983494639,265.178378458
1610679447813,75.015384533,147.010384339,558.118043011
1610679447908,60.017828405,139.012013553,569.116448290
1610679448003,157.998272476,219.994902136,371.156382333
1610679448098,184.992567661,234.991642083,342.162146481
1610679448193,232.982790196,246.989197922,345.161306501
1610679448288,219.985234912,235.991642571,374.155588732
1610679448383,37.022716920,131.012828064,573.114028976
1610679448479,39.022716464,143.010383260,558.116499891
1610679448574,252.977902143,266.985124446,257.178365828
1610679448669,265.976271206,282.981864216,241.180070114
1610679448764,157.998272776,186.002235777,455.135994303
1610679448859,117.006419634,165.005494070,487.128741569
1610679448954,93.011310015,167.005495105,465.131917854
1610679449049,102.009679914,183.002235480,417.140907057
1610679449144,271.974642292,276.983494397,227.178397822
1610679449239,255.977901957,260.985939136,240.174302521
1610679449334,66.017013705,124.014458118,519.115626241
1610679449429,57.017828643,136.012013725,586.113175204
1610679449524,178.992567891,227.993271899,476.162133144
1610679449619,222.984420585,256.986753982,405.175115640
1610679449712,207.987678981,225.993271928,647.157241907
1610679449806,201.988493921,216.995716486,874.146642499
1610679449900,47.020273256,133.012013825,1019.117241305
1610679449994,49.019457353,147.009568571,872.121377953
1610679450088,242.980347160,273.983495188,543.179149219
1610679450182,260.976271727,282.981864592,568.183299223
1610679450276,116.005605399,164.005494496,720.127892546
1610679450370,101.008864961,149.008753986,528.122173533
1610679450464,96.008864280,168.004679369,424.140953979
1610679450558,118.003975908,195.998976013,554.148253925
1610679450652,257.975456798,249.986753466,361.175157005
1610679450746,248.976272490,236.989198568,239.171847452
1610679450840,49.017014112,100.015273238,522.113972974
1610679450931,17.022717719,112.012013817,541.113167836
1610679451025,166.991753752,198.990827921,300.166167490
1610679451119,204.983606227,200.987569145,265.175088582
1610679451213,197.986050324,133.996531945,368.154739880
1610679451307,162.995013403,88.997346774,419.145776458
1610679451401,96.019458435,-7.987986171,562.117241039
1610679451495,145.015383587,-64.991245994,528.124616416
1610679451589,381.974642452,133.983494513,253.180833033
1610679451683,278.975457240,227.981864837,262.180020299
1610679451777,71.009680179,125.007124621,513.127854479
1610679451871,0.009680695,151.009569469,559.119676332
1610679451965,-102.993579587,284.002235334,446.141733561
1610679452059,-64.998468198,298.995716979,397.152306708
1610679452149,126.976272209,168.987568715,291.172678531
1610679452245,223.977902277,283.988383843,319.167765330
1610679452341,72.017829204,302.014458606,594.112327806
1610679452437,-118.977282727,497.012013494,583.114008534
1610679452533,55.986050391,263.986754095,310.169402833
1610679452629,210.982791092,296.985939271,273.176736196
1610679452725,99.993384126,370.997347044,417.148199313
1610679452821,127.995828260,213.999791272,462.139256032
1610679452917,42.017828917,154.010384274,538.123752033
1610679453013,57.015383643,167.006309571,522.127057673
1610679453109,250.976271651,282.982679362,268.178414692
1610679453205,272.972198244,285.981865056,269.179187905
1610679453301,96.008865274,154.008754213,548.121340541
1610679453400,70.014568991,149.009568996,575.116454919
1610679453494,122.003975974,197.998976060,416.148250119
1610679453588,141.000716783,212.995716839,390.153947608
1610679453682,260.976271723,254.987568364,318.168632598
1610679453776,234.981976043,233.992457708,354.161267509
1610679453870,47.020272577,124.014457809,595.111576881
1610679453964,55.018643919,133.012828876,591.113149053
1610679454058,223.984420678,260.986754050,283.175110235
1610679454152,245.979531524,270.984309427,281.175936943
1610679454246,173.995013741,195.999791493,452.140867930
1610679454340,147.999901668,180.003050053,499.131964131
1610679454434,59.017827908,162.007124244,518.127884676
1610679454528,75.014568052,162.006309018,495.132805842
1610679454619,276.973828043,275.983494814,258.180808921
1610679454713,273.974642268,276.983494380,275.178399184
1610679454807,75.014569236,141.011198823,571.117255524
1610679454901,73.015383774,147.009568966,584.114827709
1610679454995,156.998273187,213.995717475,397.152266981
1610679455089,170.995013868,226.993272986,366.158786698
1610679455183,251.978716073,260.986753449,330.166195364
1610679455277,195.990124256,216.995716981,412.149862092
1610679455371,34.023532084,129.013643134,596.111564849
1610679455465,43.021087830,138.012013644,569.117255840
1610679455559,241.981161665,251.988383907,295.173463965
1610679455653,262.976271649,274.983494186,268.179229613
1610679455747,155.998272510,185.002235584,479.136009769
1610679455838,138.002347057,182.002235890,494.132725954
1610679455932,74.015383850,166.006309721,514.128675292
1610679456026,90.012124383,183.002235476,480.136018439
1610679456120,274.974643362,270.984309996,250.182409901
1610679456214,270.975456951,276.983494277,280.177592610
1610679456308,81.013754939,143.010384380,568.117224947
1610679456402,46.021087521,130.012828245,581.114829297
1610679456496,157.998272916,213.995717278,384.155542023
1610679456590,183.992568484,239.990013029,344.162913566
1610679456684,230.982790408,238.990827725,348.162109038
1610679456778,221.985235238,221.994087282,389.153940166
1610679456872,47.021088286,132.012828799,588.113970109
1610679456966,50.020272153,129.012827853,562.118934880
1610679457057,249.979531659,257.986753999,265.179188412
1610679457151,257.977900934,273.983493922,257.180880436
1610679457245,144.999901406,173.005494339,476.136053439
1610679457339,128.004791088,167.005494868,522.127047892
1610679457433,94.011309619,168.005494819,494.132755601
1610679457527,116.006420897,183.002235684,467.137631383
1610679457621,276.973827599,265.985124143,267.179204970
1610679457715,270.974642625,271.984309464,278.176748828
1610679457809,67.017012760,130.012827785,574.116495823
1610679457903,46.021087470,126.013643034,595.112387762
1610679457997,161.997458171,211.996532162,360.160426297
1610679458091,226.984421104,246.989198832,294.173455929
1610679458185,237.981976653,233.991643324,359.160417347
1610679458273,213.986865416,216.995717314,390.153909553
1610679458367,46.021087859,133.012828490,583.114809704
1610679458461,50.020273072,139.011198868,567.118066772
1610679458555,259.977901317,272.984309024,270.178413751
1610679458649,266.976272182,272.983494571,257.180828358
1610679458743,132.002346974,172.005495130,480.135175205
1610679458837,128.004790922,167.005494748,503.130316828
1610679458931,87.012940095,177.003865767,482.135152186
1610679459025,105.008865766,188.001421144,443.142497477
1610679459119,271.975456445,265.985123561,283.175992329
1610679459213,264.976272046,262.985938947,278.176762141
1610679459307,63.017828837,131.012828691,591.113163923
1610679459401,52.020273748,128.012829006,583.114768297
1610679459492,183.993382541,237.991642123,344.162958110
1610679459587,225.984421266,240.990828599,301.171816871
1610679459682,213.986865139,230.992457814,367.158814550
1610679459777,205.988494804,214.995717125,401.151480230
1610679459872,53.019458286,140.011198896,568.117249700
1610679459967,53.019458206,141.011198838,540.122958092
1610679460062,265.976272048,265.985124124,255.180836139
1610679460157,273.974642385,274.983494465,255.182466545
1610679460252,145.000716732,171.004679876,504.130320593
1610679460347,102.009680135,157.007124589,522.127042212
1610679460442,104.008865400,170.004680179,467.138444581
1610679460537,118.006420380,194.999790836,438.144179957
1610679460632,283.973013169,268.985124428,275.177552452
1610679460729,257.977901765,266.985124173,299.172683981
1610679460823,56.017827876,138.012827996,573.116478972
1610679460917,46.021087024,135.012013061,571.116487739
1610679461011,185.992568695,243.990013181,339.164530995
1610679461105,213.986865518,257.986754314,311.170200114
1610679461199,214.986864589,233.992457416,384.155587151
1610679461293,202.989309391,209.996531777,410.149864402
1610679461387,45.021087338,136.012013289,576.116469512
1610679461481,46.021088163,142.010384235,550.121310637
1610679461575,273.974642522,272.984309388,256.180828974
1610679461669,271.974642405,275.983494479,251.182465405
1610679461763,138.002347295,173.004680537,506.130267640
1610679461857,119.006421082,169.005495117,531.124583461
1610679461946,95.011309349,174.003864974,464.138475031
1610679462041,121.005605902,188.001420736,439.144159865
1610679462136,277.973827083,274.983494120,279.176790452
1610679462231,269.975457729,263.985939315,295.173473376
1610679462326,66.017013582,138.011198730,589.113188850
1610679462421,54.019458357,122.014458247,596.112356616
nan,nan,nan,nan
nan,nan,nan,nan
