1616035368001,-0.010658
1616035368095,-0.023662
1616035368189,-0.129816
1616035368283,-0.058113
1616035368373,0.055736
1616035368467,0.041478
1616035368561,0.041478
1616035368655,0.065351
1616035368749,0.008281
1616035368843,-3.895535
1616035368937,-0.044482
1616035369031,-0.004470
1616035369125,-0.035158
1616035369219,-0.144074
1616035369313,-0.037040
1616035369407,-0.055604
1616035369501,-0.082361
1616035369593,0.042106
1616035369687,0.082745
1616035369781,-0.137259
1616035369875,0.015724
1616035369969,0.188273
1616035370063,0.082745
1616035370157,-0.033988
1616035370251,-0.051298
1616035370345,-0.024916
1616035370439,0.050175
1616035370533,-0.045110
1616035370627,-0.051298
1616035370721,0.075930
1616035370813,0.015724
1616035370907,0.023166
1616035371001,0.082745
1616035371095,0.083372
1616035371189,0.075930
1616035371283,0.080864
1616035371377,-0.050043
1616035371471,0.008281
1616035371565,-5.240889
1616035371659,-0.046364
1616035371753,-0.056606
1616035371847,-0.023034
1616035371941,0.029982
1616035372031,0.016351
1616035372125,0.041478
1616035372219,-0.060622
1616035372313,-0.077052
1616035372407,0.041478
1616035372501,-0.026170
1616035372595,-0.050043
1616035372689,-0.010031
1616035372783,0.042733
1616035372877,0.034663
1616035372971,-0.043228
1616035373065,0.041478
1616035373159,-0.070864
1616035373251,-0.042601
1616035373345,-0.043228
1616035373439,0.109754
1616035373533,0.040851
1616035373627,-0.188768
1616035373721,-0.144074
1616035373815,0.016351
1616035373909,-0.090431
1616035374003,0.017605
1616035374097,-0.069610
1616035374191,-0.035786
1616035374285,-0.070864
1616035374379,0.043987
1616035374467,-0.042601
1616035374561,-0.062795
1616035374655,-0.003843
1616035374749,-0.068983
1616035374843,-0.009404
1616035374937,0.077812
1616035375031,0.042733
1616035375125,-0.022407
1616035375219,-0.102180
1616035375313,0.058872
1616035375407,-0.035786
1616035375501,-0.039549
1616035375595,0.022539
1616035375688,-0.035786
1616035375782,-0.001961
1616035375876,0.077812
1616035375970,-0.016219
1616035376064,0.097378
1616035376158,0.044614
1616035376252,-0.068355
1616035376346,-0.001334
1616035376440,0.018233
1616035376534,-0.015592
1616035376628,-0.026713
1616035376722,-0.000079
1616035376816,-0.008149
1616035376906,0.058872
1616035377000,0.020741
1616035377094,-0.043771
1616035377188,-0.156741
1616035377282,0.063263
1616035377376,0.115399
1616035377470,-0.153605
1616035377564,0.008074
1616035377658,0.001886
1616035377752,-0.163472
1616035377846,0.219465
1616035377940,0.066483
1616035378034,0.037049
1616035378132,0.070246
1616035378227,0.023128
1616035378322,0.182298
1616035378417,0.026264
1616035378512,0.035588
1616035378607,0.047169
1616035378702,0.013054
1616035378797,0.108507
1616035378892,-0.000615
1616035378987,0.199906
1616035379082,0.103451
1616035379177,0.075187
1616035379272,0.038770
1616035379361,0.083296
1616035379456,0.108882
1616035379551,0.100307
1616035379646,0.070621
1616035379741,-0.042142
1616035379836,0.044278
1616035379931,0.097500
1616035380026,0.085583
1616035380121,-0.011584
1616035380216,0.037126
1616035380311,-0.020572
1616035380406,0.047077
1616035380501,3.758830
1616035380600,-0.020694
1616035380695,0.114688
1616035380790,-0.134414
1616035380885,-0.066138
1616035380980,-0.113256
1616035381075,-0.376072
1616035381170,-0.464833
1616035381265,-0.667191
1616035381360,-0.723970
1616035381455,-0.901827
1616035381550,-1.038043
1616035381645,-1.741869
1616035381740,-2.376416
1616035381835,-3.577197
1616035381929,-4.086903
1616035382023,-4.366363
1616035382117,-4.541045
1616035382211,-4.595568
1616035382305,-4.377698
1616035382399,-4.095690
1616035382493,-3.602544
1616035382587,-3.325095
1616035382681,-2.769066
1616035382775,-2.139452
1616035382869,-1.338919
1616035382963,-0.682295
1616035383055,-0.047748
1616035383149,0.597003
1616035383243,1.109593
1616035383337,1.407740
1616035383431,1.421371
1616035383525,1.380983
1616035383619,1.381611
1616035383713,1.156298
1616035383807,0.896909
1616035383901,0.995873
1616035383995,0.707303
1616035384089,0.619208
1616035384183,0.533874
1616035384272,0.439844
1616035384367,0.362244
1616035384462,0.340253
1616035384557,0.273858
1616035384652,0.241916
1616035384747,0.332810
1616035384842,0.240661
1616035384937,0.128318
1616035385032,0.107873
1616035385127,0.107245
1616035385222,0.042358
1616035385317,0.107873
1616035385412,0.074675
1616035385508,0.069994
1616035385603,0.175521
1616035385698,0.150394
1616035385793,0.080864
1616035385888,0.236271
1616035385983,0.174267
1616035386078,0.042733
1616035386173,0.007654
1616035386268,0.147258
1616035386363,0.174267
1616035386458,-0.004470
1616035386553,0.049548
1616035386648,0.002972
1616035386744,0.149139
1616035386838,0.107873
1616035386932,-0.129816
1616035387026,-0.049791
1616035387120,-0.011285
1616035387214,-0.011913
1616035387308,0.034663
1616035387402,0.253412
1616035387496,0.048294
1616035387590,-0.018101
1616035387684,0.015724
1616035387778,0.043360
1616035387872,0.057618
1616035387960,-0.004470
1616035388054,0.056363
1616035388148,0.075303
1616035388242,0.008281
1616035388336,0.021912
1616035388430,0.015096
1616035388524,0.008908
1616035388618,0.027473
