1610678619950,-0.052612
1610678620044,-0.094139
1610678620138,0.018204
1610678620232,0.014228
1610678620326,0.054173
1610678620420,-0.169898
1610678620514,-0.019654
1610678620608,-0.097808
1610678620697,-0.053228
1610678620791,-0.093172
1610678620885,-0.090163
1610678620979,-0.016798
1610678621073,-0.054194
1610678621167,0.018204
1610678621261,-0.058324
1610678621355,0.017743
1610678621449,-0.056742
1610678621543,-0.056281
1610678621637,0.018050
1610678621731,-0.018072
1610678621825,0.021873
1610678621917,-0.128833
1610678622011,-0.021587
1610678622105,-0.018380
1610678622199,-0.056589
1610678622293,0.016776
1610678622387,-0.130261
1610678622481,0.017084
1610678622575,-0.016798
1610678622669,0.020291
1610678622763,0.091261
1610678622857,0.015194
1610678622951,-0.131535
1610678623045,-0.093831
1610678623138,-0.057863
1610678623231,0.092338
1610678623324,0.094579
1610678623417,-0.277299
1610678623510,0.057688
1610678623603,0.020753
1610678623696,0.055447
1610678623789,0.057029
1610678623882,0.018050
1610678623975,0.050350
1610678624068,-0.133930
1610678624161,0.019325
1610678624254,0.054985
1610678624352,-0.018380
1610678624446,-0.093985
1610678624540,-0.054194
1610678624634,-0.127405
1610678624728,-0.090316
1610678624822,3.233260
1610678624916,-0.210151
1610678625010,-0.016798
1610678625104,-0.168624
1610678625198,-0.134084
1610678625292,-0.094447
1610678625386,-0.020159
1610678625480,0.054480
1610678625572,0.019830
1610678625666,-0.165417
1610678625760,-0.166383
1610678625854,0.018555
1610678625948,-0.091591
1610678626042,-0.051953
1610678626136,-0.057050
1610678626230,-0.128636
1610678626324,0.058500
1610678626418,-0.091547
1610678626512,-0.128439
1610678626606,-0.054569
1610678626700,0.016378
1610678626793,0.011488
1610678626887,-0.069309
1610678626981,-0.214650
1610678627075,0.006599
1610678627169,-0.202066
1610678627263,0.038528
1610678627357,-0.136594
1610678627451,-0.304230
1610678627545,0.069785
1610678627639,0.325034
1610678627733,0.584264
1610678627827,2.658429
1610678627921,10.316090
1610678628010,-0.425918
1610678628104,-3.081066
1610678628198,-3.830577
1610678628292,-0.352399
1610678628386,2.266473
1610678628480,0.950413
1610678628574,2.638350
1610678628668,0.768220
1610678628762,-0.169239
1610678628856,-0.206636
1610678628950,-0.057709
1610678629044,-0.060565
1610678629138,-0.131382
1610678629227,-0.093985
1610678629321,0.094425
1610678629415,-0.132810
1610678629509,-0.093985
1610678629603,-0.095259
1610678629697,-0.053228
1610678629791,-0.097961
1610678629885,-0.130261
1610678629979,-0.090009
1610678630073,-0.090624
1610678630167,-0.016490
1610678630261,-0.020620
1610678630355,-0.130261
1610678630448,-0.053886
1610678630542,-0.019346
1610678630636,-0.062147
1610678630730,-0.015370
1610678630824,-0.017918
1610678630918,-0.019346
1610678631012,-0.019038
1610678631106,-0.166230
1610678631200,-0.021587
1610678631294,0.015502
1610678631388,-0.017764
1610678631482,-0.017764
1610678631576,-0.130261
1610678631666,-0.059291
1610678631760,-0.132810
1610678631854,-0.019346
1610678631948,-0.050372
1610678632042,0.055139
1610678632136,0.021873
1610678632230,-0.019346
1610678632324,-0.017918
1610678632418,-0.130261
1610678632512,-0.019192
1610678632606,-0.023169
1610678632700,0.016469
1610678632794,-0.093831
1610678632885,-0.019346
1610678632979,-0.020159
1610678633073,-0.022202
1610678633167,-0.166383
1610678633261,0.018050
1610678633355,0.054173
1610678633449,0.095392
1610678633543,0.019325
1610678633637,-0.167965
1610678633731,0.090603
1610678633825,0.018204
1610678633919,-0.021587
1610678634013,-0.130107
1610678634103,-0.057863
1610678634197,-0.056742
1610678634291,-0.090163
1610678634385,-0.023674
1610678634479,-0.020620
1610678634573,0.024421
1610678634667,-0.127713
1610678634761,-0.055161
1610678634855,0.015656
1610678634949,-0.018380
1610678635043,-0.091437
1610678635137,-0.136478
1610678635231,-0.093985
1610678635323,-0.061685
1610678635418,-0.021741
1610678635513,-0.020620
1610678635608,-0.053733
