1610678737311,174.063775630,222.363071811,428.777105116
1610678737404,164.267424723,211.887537859,426.958106203
1610678737497,171.234675727,212.939783850,429.884805772
1610678737590,159.219452344,201.459006316,429.051374451
1610678737683,172.316155130,215.317034740,427.864823949
1610678737776,162.403753200,206.240686938,431.011016482
1610678737869,155.420759076,199.894904415,431.103084167
1610678737962,157.857647075,202.177788118,429.113488437
1610678738055,148.901892709,189.319719375,429.242005587
1610678738154,163.713743901,203.088480613,429.042241733
1610678738248,164.687444185,210.422427544,427.950345764
1610678738342,157.765321750,202.607188657,429.078241518
1610678738436,163.999813693,210.273250600,430.981527064
1610678738530,150.955619413,200.755578980,429.148631020
1610678738624,159.008589866,205.737451230,428.018317669
1610678738718,151.293494751,195.638883402,433.179341064
1610678738812,170.046820270,217.247527926,432.851323903
1610678738906,159.465896869,202.225874707,430.083773805
1610678739000,157.380006169,198.569518223,432.122313511
1610678739094,173.673983621,219.319700701,428.821259818
1610678739188,158.328235332,204.871027990,429.030888157
1610678739282,152.570351762,196.717969584,428.192702128
1610678739382,167.037211788,209.141340201,427.925406947
1610678739476,168.648406267,213.466664671,429.877161530
1610678739570,171.117585879,217.611134930,431.831540033
1610678739664,169.600234574,212.858342883,428.915004325
1610678739758,159.181261963,199.589907749,429.107509206
1610678739852,161.886098380,204.307971949,425.039057246
1610678739946,157.939113410,203.828510227,429.075030477
1610678740040,151.559165432,202.524187508,433.137479675
1610678740134,159.991265890,203.168413637,433.055590510
1610678740228,159.260607930,203.511417455,431.050614045
1610678740322,166.518019910,209.206667787,429.953476111
1610678740416,160.574179828,204.184235320,435.026343993
1610678740510,161.359798017,202.364246966,432.067257749
1610678740600,171.210089099,219.728936658,429.829830908
1610678740694,173.889155107,224.140694696,427.780331471
1610678740788,163.526180573,204.396596712,429.008754467
1610678740882,150.677481157,192.580909707,429.209199143
1610678740976,167.806957771,214.121602365,429.911184829
1610678741070,174.155226688,222.206045764,427.793891810
1610678741164,153.530489637,196.940693512,428.174962257
1610678741258,162.543658100,211.512805571,430.934526032
1610678741352,153.101207594,193.120520181,431.201370213
1610678741446,172.665007432,220.581757492,428.802949287
1610678741540,157.526063376,198.755520302,430.119614903
1610678741634,162.972500239,207.238467249,429.982031718
1610678741728,165.311341906,209.943465858,429.957294772
1610678741820,170.007350026,215.197263049,431.852053171
1610678741914,156.701940241,196.706009495,429.134841714
1610678742008,169.156076499,221.933640127,427.812352487
1610678742102,170.485703268,213.985976516,429.898644070
1610678742196,161.806803124,206.753966123,437.003569579
1610678742290,171.633275890,216.994372039,429.840488328
1610678742384,178.677962736,225.145231635,431.765757163
1610678742478,170.454204033,215.219350483,427.880749684
1610678742572,171.322695167,216.325363399,429.864703113
1610678742666,152.062798492,194.345094516,431.183603496
1610678742760,171.958430133,218.408452020,430.834480655
1610678742854,157.784874072,197.811624721,432.133309397
1610678742948,162.657569440,209.837406699,427.987850498
1610678743039,155.387455406,199.305516875,429.140652255
1610678743133,165.745202522,208.222494225,427.967754978
1610678743227,162.503900176,206.094735037,431.027642507
1610678743321,155.320556990,197.493810415,430.123411917
1610678743415,149.186963291,191.682753300,430.236738515
1610678743509,162.521016592,208.663508305,431.990373500
1610678743603,168.742011705,215.585870059,431.875432040
1610678743697,170.054542076,216.983873693,433.869657611
1610678743791,161.039105115,205.776312029,432.017753858
1610678743885,159.400490533,204.689556252,430.048029521
1610678743979,169.610589348,213.871529563,427.914813006
1610678744073,175.083301183,219.840961647,428.813697111
1610678744167,169.575033726,215.373225629,427.878517189
1610678744255,152.320314271,195.673037734,431.178845537
1610678744349,174.943858332,221.483846448,428.760844375
1610678744443,167.074569746,210.368451526,430.980145843
1610678744537,165.937541932,208.193948269,427.982677620
1610678744631,161.741318437,207.670572170,428.004779498
1610678744725,155.020831565,196.565138004,432.165902514
1610678744819,160.681283150,205.320630100,430.024365112
1610678744913,169.722881091,215.561507455,430.875785505
1610678745007,167.342497285,221.350581155,431.864337242
1610678745101,149.182081280,186.129560398,429.273781474
1610678745195,164.865711595,210.649448927,434.947052028
1610678745289,167.460498000,210.133414333,430.954538908
1610678745383,166.210511095,210.088546905,430.940681382
1610678745482,155.206553157,198.348627918,429.125518295
1610678745578,172.522509868,221.400288575,431.805582126
1610678745674,164.000544346,205.727205358,427.018466321
1610678745770,158.872484369,201.470171091,429.094737919
1610678745866,166.416967863,211.804491372,431.973819566
1610678745962,164.610514687,209.503995182,431.007196278
1610678746058,177.537615601,219.966501263,431.768350269
1610678746154,163.336960096,203.608651011,433.049203333
1610678746250,175.804356729,222.032704990,431.781898238
1610678746346,153.674104773,195.397073504,431.153832391
1610678746442,152.568444796,193.715541086,430.192737362
1610678746538,174.129442649,223.446697963,429.775891827
1610678746634,164.920584036,210.719328315,428.946038184
1610678746736,156.176578196,195.036967308,435.144548502
1610678746828,161.129298835,203.344196916,426.053040161
1610678746920,172.314032219,219.134794819,406.809434038
1610678747012,165.665277258,208.667686092,259.932278950
1610678747104,170.597287364,209.854589647,327.915058779
1610678747196,178.695969388,221.894675027,448.783900843
1610678747288,169.885435837,213.495031090,504.891258460
1610678747380,173.840631555,213.437973381,413.892086281
1610678747472,163.534414319,202.586618708,404.064031473
1610678747564,169.333953042,201.151797285,400.012306136
1610678747656,186.208523488,211.453455011,409.848336214
1610678747748,189.294335871,196.733905998,430.105420010
1610678747840,234.170959597,186.132129992,430.867506637
1610678747938,137.928468454,373.276344746,430.908939752
1610678748032,136.229768090,204.925167573,432.088136610
1610678748126,76.642583322,345.450882759,430.080509280
1610678748220,114.676599689,224.502568650,429.876640617
1610678748314,209.121576392,266.522265360,431.905371816
1610678748408,127.110172009,444.781229877,428.887106150
1610678748502,110.319121160,148.038957623,429.086485689
1610678748596,149.568076947,170.535536214,429.137315023
1610678748690,159.250564274,188.498626981,430.050799615
1610678748784,156.584162775,192.282533461,427.155494193
1610678748878,178.272230896,218.628537062,429.773253618
1610678748972,168.951462788,210.305627750,431.908514900
1610678749066,167.472066426,204.874658722,430.972801544
1610678749154,164.731999770,209.932192820,427.986475295
1610678749248,149.729831641,185.827113833,433.263661031
1610678749342,157.818147839,193.580510600,429.151170997
1610678749436,158.158520627,197.834434794,429.089453005
1610678749530,154.287642901,199.725382582,428.105543672
1610678749624,170.381925494,217.400792501,427.863608751
1610678749718,163.248400530,203.495871480,430.050839593
1610678749812,158.770238752,201.160426120,431.041197913
1610678749906,168.127790488,212.256691075,429.923733381
1610678750000,137.456680936,172.197405406,429.490424408
1610678750094,168.890108884,218.047957879,428.854219362
1610678750188,157.482978337,201.247627749,432.083458202
1610678750282,165.871123471,210.656340885,429.946952036
1610678750375,155.248522453,201.949051026,430.087790097
1610678750469,159.919889740,203.077516976,431.056909283
1610678750563,155.833541337,200.147089753,428.113933824
1610678750657,148.818830395,190.487428386,429.225063899
1610678750751,158.217763759,201.183368063,431.069882028
1610678750845,165.041193249,209.052459102,431.999238898
1610678750939,158.646072321,204.002301677,432.043492059
1610678751033,171.856407132,216.731551247,428.873318427
1610678751127,153.244331896,190.755811522,432.235678551
1610678751221,159.464789933,203.771440757,430.046841501
1610678751315,162.060887642,209.351027533,424.980398638
1610678751409,162.494395046,217.997045390,428.898483478
1610678751503,166.113786581,210.965369410,430.942468501
1610678751596,165.798994203,211.837972998,429.929808345
1610678751690,156.884855279,198.212437435,430.112985728
1610678751784,162.591388648,208.479638403,427.007549658
1610678751878,166.962878786,209.499702305,431.963733109
1610678751972,165.492674530,211.447878613,430.935468024
1610678752066,167.718265830,214.008654255,429.912823535
1610678752160,167.014828115,210.839347005,428.944296895
1610678752254,165.536837934,211.230632312,428.953128422
1610678752348,165.358964575,208.004112748,427.956414878
1610678752442,151.557564575,194.975173116,432.174462010
1610678752536,158.626026359,198.703285528,430.062338814
1610678752630,157.678003949,198.949014778,430.116807591
1610678752724,155.279930388,197.168585070,436.142638928
1610678752813,168.871885331,213.204286825,427.909985203
1610678752907,152.433261015,205.184313342,432.084376798
1610678753001,147.695586298,192.603966385,430.208864626
1610678753095,170.063997921,217.995915596,431.869482901
1610678753189,165.786621271,209.822216220,430.930036952
1610678753283,166.698434791,213.709911807,430.931666319
1610678753377,162.583190251,202.922222124,429.044653892
1610678753471,161.567531501,211.543208057,429.934084938
1610678753565,156.470931781,200.685310885,432.120633535
1610678753659,161.501647676,203.818378645,429.046160503
1610678753753,169.265355264,216.525829588,431.847286168
1610678753847,153.739868306,195.207334705,428.171093698
1610678753941,161.006910848,205.735313021,428.018348691
1610678754031,169.817076095,216.954951508,427.855568744
1610678754125,156.984696389,198.339583877,428.111141026
1610678754219,164.152628881,210.467858887,433.978703593
1610678754313,165.617025765,211.332750541,427.951646842
1610678754407,158.764555563,205.879700787,428.059779296
1610678754501,159.206894714,203.443014327,430.051606470
1610678754595,141.322461752,182.393918204,432.400522400
1610678754689,159.812954240,201.667848055,432.077361442
1610678754783,179.675370180,224.688905767,431.728852307
1610678754877,172.823661078,216.963337404,428.855447077
1610678754971,163.768998523,207.979310284,428.985791692
1610678755065,161.202746992,206.258195833,429.996253970
1610678755159,150.835727074,192.782433962,431.206275332
1610678755251,170.322146083,218.598152007,428.846236880
1610678755345,159.134914603,203.804372808,429.089889159
1610678755439,163.364482335,210.737651689,425.974789308
1610678755533,166.963223244,211.047116688,426.926773988
1610678755627,160.040461450,202.504551445,431.036205176
1610678755721,178.016144793,225.302414519,438.777985161
1610678755815,155.970663295,195.774737182,429.148353064
1610678755909,156.842237542,208.252115704,430.039867636
1610678756003,160.344113620,202.344273077,430.067547540
1610678756097,153.891765384,195.400773790,430.168287190
1610678756191,154.475134922,197.417175675,428.139032255
1610678756285,166.770330740,211.801470426,428.930337942
1610678756379,163.425977380,206.542477023,427.992129481
1610678756467,169.005205539,214.374068491,427.907521928
1610678756561,145.858990186,183.897644232,429.335180163
1610678756655,170.843749472,215.988919731,428.855075916
1610678756749,166.244985289,209.585473652,427.976997181
1610678756843,167.541764612,214.057369957,431.897608260
1610678756937,170.038491005,216.963432849,428.869954177
1610678757031,152.307261480,190.562463723,431.252992219
1610678757125,167.259597004,211.424545073,429.921298074
1610678757219,163.510716511,208.923879137,433.972087430
1610678757313,153.388869499,193.486854125,428.196055263
1610678757407,177.955503368,226.045651981,430.723676460
1610678757501,163.678290777,209.137282931,425.968991264
1610678757595,169.070363289,213.730533955,431.887841671
1610678757687,160.037282360,204.773990772,427.017787535
1610678757781,164.202285671,207.531096207,429.977786115
1610678757875,169.829380667,214.876669791,428.929246914
1610678757969,156.296259575,201.009843672,426.086908088
1610678758063,162.336073592,208.427985640,428.993790577
1610678758157,161.247040353,202.494139310,428.050864724
1610678758251,169.070706439,216.004458813,426.869358952
1610678758345,180.273467712,227.724063572,428.699325252
1610678758439,151.545452521,193.686260702,428.193162176
1610678758533,156.688021869,200.235260337,428.098146118
