1610678887065	164.09435	341.078353	277.374127
1610678887159	164.201399	344.29653	291.19284
1610678887253	165.237167	345.548481	291.76931
1610678887347	160.175264	332.51124	288.253839
1610678887441	167.075767	347.110446	287.071442
1610678887535	169.520969	344.529568	283.115188
1610678887629	174.737383	338.067055	293.620061
1610678887723	164.458084	328.328278	284.114841
1610678887817	168.237333	348.187022	280.930165
1610678887911	167.267952	346.118202	296.303003
1610678888005	172.427529	346.561235	284.505915
1610678888099	168.436487	327.123009	287.407932
1610678888189	161.048896	334.974055	289.185309
1610678888283	173.789663	339.341534	291.112231
1610678888377	169.647385	337.851367	294.320295
1610678888471	159.449544	322.973783	290.282769
1610678888565	167.482538	333.623875	288.416065
1610678888659	151.077844	336.840549	294.713513
1610678888753	169.95668	334.343343	287.520465
1610678888847	157.474681	332.638029	301.867881
1610678888941	156.510926	340.180659	294.552533
1610678889035	169.586749	335.175815	290.646288
1610678889129	162.828925	343.924886	285.710886
1610678889223	163.713947	343.861121	297.437299
1610678889317	157.217075	338.152843	283.049967
1610678889409	167.769357	338.996898	299.191005
1610678889503	163.985459	326.270798	281.509247
1610678889597	159.081745	342.845385	294.052288
1610678889691	165.036859	341.165288	283.587795
1610678889785	158.93338	326.908896	276.892944
1610678889879	158.467052	329.611496	286.067469
1610678889973	175.098116	338.259928	288.525852
1610678890067	172.353456	331.211525	285.803859
1610678890161	161.391998	318.63504	291.547639
1610678890255	167.030895	332.59659	280.524823
1610678890349	159.741071	333.301989	289.200375
1610678890443	169.352663	355.148463	324.477706
1610678890537	167.809558	344.276269	288.548152
1610678890627	161.372438	345.029938	292.615294
1610678890721	165.529754	331.845611	283.840828
1610678890815	161.553164	337.855732	290.172749
1610678890909	166.184501	329.892891	280.986019
1610678891003	162.213426	340.871225	283.997102
1610678891097	171.86836	337.975236	286.229381
1610678891191	158.324489	329.298127	281.463167
1610678891285	148.766961	332.308011	271.615875
1610678891379	165.190947	338.70232	297.574471
1610678891473	166.970233	322.473042	289.561714
1610678891567	166.308741	331.153461	286.051503
1610678891661	166.14182	345.435516	296.139405
1610678891755	170.668321	335.392463	284.569276
1610678891847	159.779151	337.819421	288.51916
1610678891941	159.928673	330.325742	276.731174
1610678892035	152.113156	345.922411	282.452764
1610678892129	166.761944	337.076956	287.412491
1610678892223	157.079656	335.885607	283.295845
1610678892317	168.783681	327.68165	280.022298
1610678892411	158.670957	337.898007	292.220402
1610678892505	161.145735	335.289193	293.976617
1610678892599	149.909983	327.947527	345.171169
1610678892693	152.087766	333.497838	366.500666
1610678892787	169.406903	327.701046	227.180448
1610678892881	164.188906	333.0704	180.790856
1610678892975	169.477275	349.944124	257.889612
1610678893073	151.136565	341.633331	256.701954
1610678893167	163.424158	340.360044	264.408169
1610678893261	181.596223	324.542855	270.188083
1610678893355	167.713938	328.001779	272.98748
1610678893449	160.331424	346.545303	277.254348
1610678893543	120.592768	367.766674	249.952338
1610678893637	-40.53256	300.880688	266.103808
1610678893731	166.808412	355.694005	345.108144
1610678893825	171.223508	258.269685	310.000386
1610678893919	229.089086	266.979935	282.838078
1610678894013	134.955723	282.276755	287.348558
1610678894107	153.460525	384.366074	346.615778
1610678894201	293.323021	447.896271	386.862266
1610678894292	268.626623	339.0948	271.004078
1610678894386	212.066121	340.45149	268.928088
1610678894480	184.196613	329.067241	274.262485
1610678894574	173.017715	335.331447	284.709612
1610678894668	164.718943	325.627613	280.037598
1610678894762	178.756654	336.043529	279.894667
1610678894856	168.353158	337.368235	288.898645
1610678894950	167.574377	339.723231	305.048932
1610678895044	149.248188	340.956872	275.771344
1610678895138	163.895629	332.164026	283.813317
1610678895232	162.980403	327.940716	284.606921
1610678895326	165.470284	331.024182	279.823844
1610678895420	162.360339	339.521202	291.242136
1610678895511	160.210744	326.874396	290.755173
1610678895605	159.92122	342.275827	282.156316
1610678895699	167.118568	355.015002	291.918661
1610678895793	157.267999	342.138112	295.995345
1610678895887	159.891599	349.61808	277.923375
1610678895981	163.555601	337.185789	281.743443
1610678896075	165.693443	336.344483	288.623012
1610678896169	173.287232	341.827202	296.156885
1610678896263	151.218325	333.836346	287.358747
1610678896357	174.187106	334.576218	282.502256
1610678896451	157.238192	331.685931	277.506893
1610678896545	172.134854	338.808445	285.524306
1610678896639	169.104701	341.15965	296.195245
1610678896730	163.275835	323.260804	283.325168
1610678896824	153.864704	343.46133	281.9954
1610678896918	165.3424	325.153363	283.713745
1610678897012	169.48929	337.223072	296.564775
1610678897106	155.239568	339.003218	292.132558
1610678897200	149.813775	344.092235	288.531898
1610678897294	158.54437	328.163589	300.42239
1610678897388	173.564097	329.357441	289.691927
1610678897482	168.117287	349.940371	289.098124
1610678897576	161.253119	338.554757	278.453649
1610678897670	168.237255	340.22669	276.656355
1610678897764	167.462584	334.527518	281.112419
1610678897858	159.017566	339.761312	274.244996
1610678897947	160.13934	341.427708	274.910248
1610678898041	165.497755	340.550046	297.94488
1610678898135	164.770916	327.958057	293.897456
1610678898229	170.695119	323.849778	295.75172
1610678898323	167.579992	330.366511	289.558545
1610678898417	165.299091	344.223225	291.030687
1610678898511	159.95172	317.065605	293.440886
1610678898605	158.900005	339.103272	280.130012
1610678898699	178.466011	321.409976	289.818704
1610678898793	168.151376	330.120578	274.580558
1610678898887	155.464248	344.972902	298.072989
1610678898981	163.528256	341.55399	296.899215
nan	nan	nan	nan
