1616035189339,182.000077068,236.996631461,-364.815233542
1616035189433,178.000077080,237.996630902,-358.815202853
1616035189527,180.000077076,235.996631108,-364.815214167
1616035189621,181.000077067,235.996631470,-362.815234014
1616035189715,178.000077069,235.996631398,-367.815230083
1616035189809,180.000077069,236.996631414,-362.815230975
1616035189903,180.000077066,237.996631527,-364.815237152
1616035189997,179.000077079,235.996630940,-362.815204950
1616035190089,180.000077066,237.996631527,-364.815237152
1616035190183,182.000077068,236.996631461,-364.815233542
1616035190277,178.000077071,238.996631304,-362.815224896
1616035190371,179.000077077,236.996631053,-364.815211128
1616035190465,181.000077081,237.996630875,-363.815201389
1616035190559,180.000077074,233.996631172,-362.815217677
1616035190653,180.000077080,236.996630931,-364.815204479
1616035190747,177.000077067,236.996631489,-360.815235056
1616035190841,178.000077082,238.996630820,-364.815198400
1616035190935,179.000077081,235.996630892,-359.815202332
1616035191029,177.000077075,237.996631118,-364.815214738
1616035191123,177.000077072,236.996631247,-361.815221808
1616035191217,177.000077071,236.996631295,-364.815224426
1616035191308,181.000077070,236.996631341,-365.815226943
1616035191402,178.000077074,236.996631174,-364.815217777
1616035191496,180.000077074,239.996631174,-364.815217776
1616035191590,179.000077073,231.996631211,-367.815219825
1616035191684,180.000077076,235.996631108,-364.815214167
1616035191778,184.000077073,236.996631219,-364.815220244
1616035191872,180.000077069,236.996631414,-362.815230975
1616035191966,179.000077081,237.996630876,-364.815201439
1616035192060,180.000077074,233.996631172,-362.815217677
1616035192154,180.000077074,239.996631174,-364.815217776
1616035192248,177.000077075,237.996631118,-364.815214738
1616035192342,180.000077074,236.996631173,-363.815217727
1616035192436,180.000077082,236.996630836,-358.815199243
1616035192528,180.000077069,236.996631414,-362.815230975
1616035192620,178.000077081,238.996630868,-367.815201018
1616035192712,178.000077078,237.996630997,-364.815208089
1616035192804,180.000077069,236.996631414,-362.815230975
1616035192896,181.000077081,234.996630874,-362.815201340
1616035192988,178.000077066,237.996631528,-365.815237202
1616035193080,178.000077069,236.996631415,-363.815231025
1616035193172,181.000077066,239.996631536,-362.815237623
1616035193264,180.000077077,234.996631043,-365.815210607
1616035193356,180.000077073,237.996631238,-362.815221286
1616035193448,178.000077074,236.996631174,-364.815217777
1616035193540,179.000077077,236.996631053,-364.815211128
1616035193632,181.000077070,236.996631341,-365.815226943
1616035193729,181.000077070,236.996631341,-365.815226943
1616035193824,180.000077069,236.996631414,-362.815230975
1616035193919,178.000077074,234.996631190,-359.815218669
1616035194014,180.000077069,235.996631397,-366.815230033
1616035194109,180.000077072,234.996631285,-364.815223855
1616035194204,175.000077071,236.996631296,-365.815224476
1616035194299,178.000077067,237.996631480,-362.815234584
1616035194394,180.000077073,236.996631221,-366.815220344
1616035194489,181.000077073,238.996631229,-364.815220815
1616035194584,181.000077067,235.996631470,-362.815234014
1616035194679,179.000077071,236.996631294,-363.815224376
1616035194774,182.000077078,237.996630995,-362.815207988
1616035194869,178.000077081,236.996630884,-362.815201911
1616035194963,182.000077070,238.996631349,-363.815227414
1616035195057,182.000077069,236.996631413,-361.815230924
1616035195151,180.000077081,236.996630884,-361.815201861
1616035195245,180.000077069,236.996631414,-362.815230975
1616035195339,180.000077066,237.996631527,-364.815237152
1616035195433,178.000077076,235.996631109,-365.815214217
1616035195527,178.000077077,235.996631061,-362.815211599
1616035195621,180.000077077,237.996631044,-366.815210656
1616035195715,180.000077080,236.996630931,-364.815204479
1616035195809,181.063374974,234.229948367,-211.060939563
1616035195903,181.000077082,236.996630810,-364.815197830
1616035195997,180.000077076,235.996631108,-364.815214167
1616035196091,180.000077080,236.996630931,-364.815204479
1616035196184,182.000077080,236.996630930,-363.815204428
1616035196278,182.000077081,235.996630865,-364.815200869
1616035196372,178.000077070,235.996631350,-364.815227465
1616035196466,181.000077079,234.996630970,-368.815206576
1616035196560,183.000077071,236.996631292,-361.815224275
1616035196654,182.000077068,236.996631461,-364.815233542
1616035196748,180.000077082,238.996630820,-363.815198350
1616035196842,182.000077069,235.996631396,-365.815229983
1616035196936,185.000077066,238.996631517,-364.815236581
1616035197030,184.000077069,235.996631395,-364.815229932
1616035197124,181.000077078,235.996630987,-364.815207518
1616035197218,182.000077074,236.996631172,-362.815217676
1616035197312,183.000077070,236.996631340,-364.815226893
1616035197404,186.000077077,234.996631040,-362.815210457
1616035197498,187.000077066,235.996631515,-362.815236481
1616035197592,187.000077080,237.996630920,-363.815203857
1616035197686,190.000077079,239.996630975,-363.815206895
1616035197780,191.000077081,236.996630853,-362.815200197
1616035197874,193.000077068,240.996631449,-362.815232869
1616035197968,195.000077083,241.996630788,-363.815196635
1616035198062,198.000077079,245.996630973,-361.815206793
1616035198156,209.000077068,260.996631431,-365.815231871
1616035198250,212.000077069,284.996631414,-362.815230959
1616035198344,221.000077069,354.996631378,-364.815228959
1616035198438,147.000077071,319.996631325,-363.815226088
1616035198532,347.000077077,64.996631028,-364.815209758
1616035198621,367.000077076,455.996631077,-362.815212463
1616035198715,105.000077066,488.996631522,-362.815236864
1616035198809,178.000077073,189.996631221,-363.815220391
1616035198903,278.000077072,136.996631261,-361.815222543
1616035198997,374.000077066,146.996631517,-362.815236616
1616035199091,402.000077071,81.996631302,-358.815224828
1616035199185,276.000077067,196.996631476,-362.815234365
1616035199279,121.000077075,196.996631151,-358.815216553
1616035199373,93.000077079,79.996630980,-356.815207167
1616035199467,101.000077074,99.996631160,-359.815216999
1616035199561,185.000077077,129.996631029,-353.815209832
1616035199655,199.064982905,172.159667432,-191.205986443
1616035199749,198.000077081,201.996630882,-336.815201762
1616035199838,195.000077077,222.996631064,-315.815211740
1616035199932,192.000077081,227.996630887,-288.815202047
1616035200026,190.000077076,230.996631074,-334.815212300
1616035200120,185.000077076,229.996631070,-414.815212079
1616035200214,185.000077069,230.996631408,-236.815230631
1616035200308,184.000077066,234.996631534,-572.815237559
1616035200402,180.000077082,233.996630836,-616.815199274
1616035200496,184.000077069,237.996631378,-644.815228962
1616035200590,184.000077070,234.996631365,-707.815228278
1616035200684,181.000077074,234.996631171,-591.815217604
1616035200778,180.000077079,234.996630978,-458.815207038
1616035200872,180.000077066,236.996631507,-384.815236052
1616035200966,180.000077074,236.996631187,-283.815218520
1616035201057,179.000077067,236.996631499,-295.815235640
1616035201151,180.000077081,236.996630892,-313.815202336
1616035201245,181.000077075,238.996631139,-326.815215896
1616035201339,183.000077068,236.996631441,-338.815232446
1616035201433,182.000077067,236.996631464,-348.815233701
1616035201527,179.000077076,236.996631103,-351.815213904
1616035201621,180.000077067,235.996631496,-356.815235427
1616035201715,178.000077083,236.996630789,-356.815196675
1616035201809,180.000077075,236.996631125,-360.815215109
1616035201903,181.000077074,236.996631198,-356.815219090
1616035201997,179.000077082,237.996630828,-361.815198822
1616035202091,180.000077073,237.996631238,-362.815221286
1616035202185,180.000077071,238.996631303,-361.815224846
1616035202276,179.000077081,234.996630875,-363.815201390
1616035202370,179.000077074,238.996631182,-362.815218247
1616035202464,178.000077076,236.996631078,-358.815212541
1616035202558,177.939688701,239.636141743,-507.594019396
1616035202652,180.000077073,237.996631238,-362.815221286
1616035202746,177.000077070,234.996631359,-362.815227936
1616035202840,177.000077073,242.996631201,-360.815219288
1616035202934,180.000077067,237.996631479,-361.815234534
1616035203028,179.000077073,235.996631229,-364.815220816
1616035203122,181.000077080,237.996630923,-366.815204007
1616035203216,180.000077077,235.996631060,-361.815211549
1616035203310,182.000077068,236.996631461,-364.815233542
1616035203404,179.913069214,241.799650739,-572.413213787
1616035203495,180.000077082,238.996630820,-363.815198350
1616035203589,178.000077074,236.996631174,-364.815217777
1616035203683,180.000077066,237.996631527,-364.815237152
1616035203777,180.000077078,240.996630997,-364.815208088
1616035203871,178.000077081,236.996630884,-362.815201911
1616035203965,178.000077080,236.996630932,-365.815204529
1616035204059,179.000077070,237.996631359,-362.815227935
1616035204153,180.000077068,236.996631462,-365.815233592
1616035204247,178.000077070,236.996631368,-360.815228407
1616035204341,180.000077081,238.996630867,-366.815200968
1616035204435,177.000077070,237.996631360,-363.815227986
1616035204529,175.000077078,236.996631007,-363.815208610
1616035204623,179.000077066,239.996631536,-363.815237673
1616035204718,180.000077076,235.996631108,-364.815214167
1616035204813,180.000077082,238.996630820,-363.815198350
1616035204908,179.000077069,234.996631406,-364.815230504
1616035205003,182.000077076,238.996631108,-364.815214166
1616035205098,178.000077075,236.996631126,-361.815215159
1616035205193,180.000077070,235.996631349,-363.815227415
1616035205288,180.000077067,239.996631463,-366.815233642
1616035205383,181.000077069,234.996631405,-363.815230454
1616035205478,178.000077074,236.996631174,-364.815217777
1616035205573,177.000077071,233.996631294,-363.815224377
1616035205668,179.000077071,233.996631293,-362.815224327
1616035205763,180.000077078,237.996630996,-363.815208038
1616035205858,180.000077066,237.996631527,-364.815237152
1616035205954,179.000077077,236.996631053,-364.815211128
1616035206048,179.000077082,237.996630828,-361.815198822
1616035206142,179.000077069,234.996631406,-364.815230504
1616035206236,180.000077081,236.996630884,-361.815201861
1616035206330,180.000077067,234.996631478,-360.815234485
1616035206424,179.000077077,236.996631053,-364.815211128
1616035206518,180.000077070,238.996631350,-364.815227464
1616035206612,179.000077077,236.996631053,-364.815211128
1616035206706,183.000077077,236.996631051,-362.815211027
1616035206800,178.000077074,236.996631174,-364.815217777
1616035206894,177.000077066,239.996631537,-364.815237723
1616035206988,180.000077080,236.996630931,-364.815204479
1616035207082,178.000077069,236.996631415,-363.815231025
1616035207175,180.000077072,237.996631285,-365.815223904
1616035207269,178.000077079,234.996630948,-360.815205421
1616035207363,179.000077066,236.996631536,-362.815237624
1616035207457,181.000077071,236.996631293,-362.815224326
1616035207551,180.000077082,235.996630819,-362.815198301
1616035207645,180.000077072,234.996631285,-364.815223855
1616035207739,179.000077077,236.996631053,-364.815211128
1616035207833,179.000077081,237.996630876,-364.815201439
1616035207927,180.000077066,234.996631526,-363.815237103
1616035208021,178.000077079,234.996630948,-360.815205421
1616035208115,178.000077070,239.996631368,-361.815228456
1616035208209,180.000077075,236.996631125,-360.815215109
1616035208303,180.000077068,234.996631431,-357.815231867
1616035208394,180.000077074,236.996631173,-363.815217727
1616035208488,180.000077080,236.996630931,-364.815204479
1616035208582,178.000077078,234.996630996,-363.815208039
1616035208676,181.000077070,233.996631340,-364.815226894
1616035208770,181.000077066,236.996631535,-361.815237574
1616035208864,179.000077081,237.996630876,-364.815201439
1616035208958,174.000077066,238.996631547,-363.815238244
1616035209052,180.000077071,239.996631320,-357.815225788
1616035209146,178.000077077,238.996631062,-363.815211648
1616035209240,180.000077069,236.996631414,-362.815230975
1616035209334,178.000077074,236.996631174,-364.815217777
1616035209428,180.000077068,236.996631462,-365.815233592
1616035209522,180.000077076,235.996631108,-364.815214167
1616035209611,180.000077082,235.996630819,-362.815198301
1616035209705,179.000077067,235.996631471,-363.815234064
1616035209799,180.000077074,236.996631173,-363.815217727
1616035209893,175.000077067,239.996631491,-362.815235155
1616035209987,180.000077081,236.996630884,-361.815201861
1616035210081,180.000077067,237.996631479,-361.815234534
1616035210175,178.000077069,236.996631415,-363.815231025
1616035210269,176.000077081,236.996630885,-363.815201961
1616035210363,179.000077073,235.996631229,-364.815220816
1616035210457,180.000077069,236.996631414,-362.815230975
1616035210551,180.000077072,234.996631285,-364.815223855
1616035210645,180.000077074,236.996631173,-363.815217727
1616035210739,180.000077076,235.996631108,-364.815214167
1616035210829,178.000077069,239.996631416,-364.815231074
1616035210923,176.000077067,237.996631481,-363.815234635
1616035211017,180.000077081,236.996630884,-361.815201861
1616035211111,180.000077074,236.996631173,-363.815217727
1616035211205,180.000077066,237.996631527,-364.815237152
1616035211299,181.000077079,238.996630940,-362.815204949
1616035211393,175.000077080,241.996630896,-363.815202531
1616035211487,177.000077078,236.996631006,-362.815208560
1616035211581,179.000077071,236.996631294,-363.815224376
1616035211675,179.000077067,238.996631472,-364.815234113
1616035211769,180.000077076,235.996631108,-364.815214167
1616035211863,180.000077081,236.996630884,-361.815201861
1616035211957,179.000077073,235.996631229,-364.815220816
1616035212049,178.000077072,238.996631256,-359.815222278
1616035212143,179.000077072,236.996631246,-360.815221758
1616035212237,178.000077073,237.996631239,-363.815221336
1616035212331,179.000077070,240.996631360,-363.815227985
1616035212425,178.000077069,236.996631415,-363.815231025
1616035212519,183.000077077,236.996631051,-362.815211027
1616035212613,179.000077077,236.996631053,-364.815211128
nan,nan,nan,nan
