1618477130618	-15.286138	328.009541	444.010122
1618477130712	-0.585001	289.378758	438.258053
1618477130806	-35.510339	284.005974	450.491295
1618477130900	21.33146	261.965124	438.019763
1618477130994	-47.63235	284.701923	440.711612
1618477131088	1.923882	226.359969	430.972166
1618477131180	-9.081885	293.918853	467.033303
1618477131274	0.350973	302.758865	445.696715
1618477131368	-2.952914	268.459461	455.626698
1618477131462	-14.27712	278.734463	443.303627
1618477131556	-9.272526	267.190866	452.898208
1618477131650	21.461637	290.103227	436.741094
1618477131744	-5.647295	336.376836	426.302561
1618477131838	-17.602552	237.148685	464.58918
1618477131932	6.724597	275.538709	453.680084
1618477132026	12.434311	246.140206	426.904795
1618477132120	-3.621706	295.433886	445.232202
1618477132214	-3.982631	274.347076	433.341059
1618477132308	-9.655418	336.872599	418.676293
1618477132397	12.716832	319.444304	415.38509
1618477132491	19.454904	251.236463	415.389598
1618477132585	-7.302926	289.310526	439.157108
1618477132679	-12.515714	300.81767	444.730329
1618477132773	14.765747	282.981155	447.687272
1618477132867	-17.519328	218.038516	446.828726
1618477132961	-24.846324	305.383273	446.565218
1618477133055	-11.023046	271.815554	470.563643
1618477133149	-19.561599	280.448615	441.881984
1618477133243	14.830376	293.017542	455.123396
1618477133337	17.886076	260.713654	439.211224
1618477133431	-25.18516	272.88755	436.867191
1618477133525	-15.103839	232.99723	427.419293
1618477133617	0.398247	276.266114	438.493651
1618477133711	5.271525	234.075471	420.827175
1618477133805	-13.455979	304.917138	435.133427
1618477133899	-16.163578	251.948487	417.256036
1618477133993	-24.011585	287.184457	439.845492
1618477134087	21.90496	315.595225	464.263493
1618477134181	19.853808	288.044524	444.518027
1618477134275	3.398698	311.20191	448.319917
1618477134369	-10.073949	249.215348	435.545905
1618477134463	-11.792711	335.684879	418.43039
1618477134557	-2.190013	321.876548	454.44547
1618477134651	1.584011	242.600363	431.934335
1618477134745	-6.287707	245.18795	439.904124
1618477134836	-10.611829	292.548227	445.660352
1618477134930	-6.410612	261.786825	456.911027
1618477135024	-17.466691	262.736613	450.162295
1618477135118	-16.205051	245.207664	434.540865
1618477135212	15.58611	216.126088	441.179745
1618477135306	-49.653848	256.325482	456.173684
1618477135400	-12.464673	253.452986	454.115173
1618477135494	-15.064392	286.335793	459.38243
1618477135588	-21.510959	243.47087	444.39418
1618477135682	-16.318202	249.649851	431.449958
1618477135776	3.978421	263.634269	462.486924
1618477135870	-28.878971	260.166261	430.68243
1618477135964	-16.557807	250.05293	461.985815
1618477136056	-1.088192	261.845148	428.858377
1618477136150	2.792725	276.462823	454.869913
1618477136244	0.714285	252.069839	442.281254
1618477136338	-16.726699	216.069164	451.822365
1618477136432	16.159827	267.503258	435.955178
1618477136526	4.071127	247.229567	434.832518
1618477136620	-21.254602	226.271748	431.184566
1618477136714	4.161697	246.885277	427.450238
1618477136808	21.102562	284.306615	433.413149
1618477136902	7.560334	295.27052	440.62985
1618477136996	-37.886497	281.713309	424.67167
1618477137090	9.313233	282.854208	445.498399
1618477137184	-0.47991	287.03992	438.024129
1618477137274	-18.930832	267.301905	419.393546
1618477137368	-6.936039	267.609034	453.396098
1618477137462	-2.516522	336.459676	428.353496
1618477137556	-0.165488	242.209329	443.237771
1618477137650	8.340167	208.039427	441.689324
1618477137744	43.00338	308.272589	429.869964
1618477137838	41.866872	311.727682	439.28845
1618477137932	67.602142	319.987914	408.644112
1618477138026	72.216933	396.975912	399.076328
1618477138120	58.328491	491.269286	375.296672
1618477138214	0.858618	642.053099	313.670695
1618477138308	-156.675819	757.377546	317.598877
1618477138402	-116.043561	385.639591	416.783523
1618477138492	-22.307201	287.736778	465.4598
1618477138586	42.880985	208.924906	465.249966
1618477138680	88.560617	312.968603	426.253944
1618477138774	-37.110547	554.294006	355.534865
1618477138868	-6.93749	346.126719	447.500318
1618477138962	-37.962637	404.590605	472.909109
1618477139056	-43.085937	347.979183	548.719849
1618477139150	-18.356577	270.115341	556.624804
1618477139244	-23.432001	276.085349	550.721805
1618477139338	3.291769	260.955277	325.539677
1618477139432	10.688859	265.002585	321.750085
1618477139526	-30.418491	302.417258	364.479836
1618477139620	-5.438414	266.823436	454.299742
1618477139712	-37.777482	250.543319	482.000476
1618477139806	-17.919123	292.771812	372.10007
1618477139900	-7.12645	259.99839	408.676743
1618477139994	7.596136	277.469615	360.627395
1618477140088	-10.012531	271.322177	394.568714
1618477140182	-11.321389	282.102527	414.985163
1618477140276	-16.751457	265.140125	426.765874
1618477140370	-14.632168	305.599291	424.79344
1618477140464	-1.409536	234.310599	453.237149
1618477140558	-21.801583	299.584986	427.434609
1618477140652	-5.84204	336.480703	437.864269
1618477140746	-26.077549	266.780628	430.195512
1618477140840	21.167986	240.813685	459.097408
1618477140932	-18.357066	310.167044	454.432911
1618477141026	-4.537063	322.856875	438.426974
1618477141120	2.681629	293.117827	425.954915
1618477141214	-32.665633	268.018018	434.595179
1618477141308	4.20814	309.920193	450.947293
1618477141402	11.434016	232.693067	428.920809
1618477141496	9.815168	289.327076	432.150974
1618477141590	2.49202	279.218611	443.51254
1618477141684	-8.605531	308.601618	454.372542
1618477141778	12.711934	291.141387	438.310142
1618477141872	13.449229	275.455695	438.876685
1618477141966	26.337643	258.618137	434.384413
1618477142060	-19.153994	291.871688	437.247902
1618477142151	20.625462	256.835793	451.169783
1618477142245	-6.100462	332.392103	438.624916
1618477142339	-48.959551	307.290038	416.17693
1618477142433	-12.981344	257.728603	423.836448
1618477142527	-16.305478	307.778252	429.143435
1618477142621	-7.391943	260.559915	430.204002
1618477142715	-22.704442	298.827414	438.433569
1618477142809	13.67496	257.805194	430.605252
1618477142903	5.407525	312.155217	434.25631
1618477142997	6.085106	227.414801	437.331196
1618477143091	-6.666666	283.922666	427.36875
1618477143185	4.293149	246.775376	438.546248
1618477143279	2.256243	248.49066	443.743061
1618477143368	-20.258621	266.053862	448.948528
1618477143462	-41.022586	274.867315	411.389351
1618477143556	-4.723363	269.548797	445.642576
1618477143650	-34.658204	260.050679	435.539189
1618477143744	-41.733089	259.2193	423.960555
1618477143838	-28.003291	207.694298	440.456982
1618477143932	-9.66415	252.759551	428.690019
1618477144026	-32.829941	263.962539	435.924107
1618477144120	-4.106126	260.601861	461.344169
1618477144214	9.344378	259.536498	446.739479
1618477144308	-11.866367	270.214041	441.631864
1618477144402	9.259997	265.361775	451.817846
1618477144496	9.076369	250.113659	439.523934
1618477144588	-21.53061	292.977535	428.637911
1618477144682	-24.560232	255.416016	445.271581
1618477144776	-26.153494	322.885405	454.673395
1618477144870	-8.619103	284.508383	435.576099
1618477144964	-17.483042	271.826129	407.653604
1618477145058	-20.089505	323.400837	430.273669
1618477145152	7.27142	237.412912	453.541744
1618477145246	7.4513	285.170359	429.853945
1618477145340	-23.520108	282.460771	443.171628
1618477145434	29.512298	273.543674	425.954249
1618477145528	-37.006776	253.955241	452.423919
1618477145622	-24.316313	276.637342	438.895173
1618477145716	-15.08668	247.837727	447.697935
1618477145806	-10.196348	261.701898	425.10987
1618477145900	-7.822003	279.621218	442.325595
1618477145994	0.579513	237.69065	434.05614
1618477146088	-46.75457	294.26437	431.843683
1618477146182	0.967333	302.751823	436.481942
1618477146276	-38.530105	302.65258	433.396674
1618477146370	-6.895866	281.636107	428.774466
1618477146464	-7.070573	341.299698	434.685577
