1610679578257,-128.912146220,55.832054783,588.449932730
1610679578351,443.630649653,413.641011490,26.528300164
1610679578445,-22.700517335,155.422520728,416.511324108
1610679578539,10.473552724,146.111939363,487.548888458
1610679578633,455.251812421,411.641011698,44.770640848
1610679578727,66.579366374,228.770662384,303.989217655
1610679578821,-61.874587731,104.627288253,558.897059914
1610679578915,438.320068301,386.088104113,93.565847418
1610679579009,182.412158751,269.255312836,202.088091855
1610679579103,-124.601565130,74.763799730,580.139395542
1610679579195,369.282509000,349.914034953,177.535218111
1610679579290,268.692043360,343.292871471,118.118779540
1610679579385,87.821692570,163.043684323,436.443119216
1610679579480,268.381461891,275.565894196,266.815063202
1610679579575,362.971927477,383.088105195,45.770691996
1610679579670,-132.912146604,73.074381228,533.344166458
1610679579765,178.101577459,225.770661025,373.026679042
1610679579860,420.388323410,413.641012313,20.217777679
1610679579955,-53.564006509,147.111940186,453.685458808
1610679580050,61.268785664,147.111939449,465.306568880
1610679580145,459.562393663,413.641012049,32.149503135
1610679580240,12.473552267,184.286010266,367.716154045
1610679580335,-46.942843907,100.316707695,529.033634708
1610679580429,433.009486462,403.019849137,68.323571368
1610679580523,379.903671627,351.914035408,136.050599161
1610679580617,-105.359239138,77.074380791,560.897042332
1610679580711,413.767160340,355.535198201,145.671755360
1610679580805,208.275647191,311.429383325,158.292886492
1610679580899,-152.154472139,72.763799368,579.828788147
1610679580993,326.797857706,295.808220078,225.330419394
1610679581087,319.487276335,361.535197271,81.944711364
1610679581181,-150.843890974,68.763799855,549.275915791
1610679581275,222.896810190,255.323568694,318.920897048
1610679581369,393.835416160,402.019849485,36.149526197
1610679581463,-94.738076219,110.937869395,500.480642467
1610679581557,109.064018501,183.286009821,399.579610801
1610679581649,411.767160744,399.019849039,41.460075716
1610679581744,-42.632261894,156.733102573,417.511352884
1610679581839,13.473552385,137.490777070,482.238349560
1610679581934,464.872975066,404.019849234,33.149508210
1610679582029,42.337041281,214.149498304,309.299713635
1610679582124,-71.495750397,98.316706422,586.449939367
1610679582219,417.388323491,366.156360625,94.565907780
1610679582314,170.790996180,272.565893726,223.019796553
1610679582409,-129.912146244,55.832054825,580.139354294
1610679582504,384.214253877,320.361126778,170.913986557
1610679582599,285.313205578,336.292872644,131.740026484
1610679582694,-146.843890869,68.453218227,575.828809818
1610679582789,127.306344380,284.187057058,242.262154192
1610679582883,355.661346455,377.777523014,61.702383454
1610679583072,-132.912146550,95.006125464,533.344159731
1610679583261,174.101576894,216.149499128,362.405587081
1610679583450,419.388323154,414.641012761,29.838972650
1610679583639,-76.806332088,124.869614072,463.306597272
1610679583828,59.579366863,168.354265651,457.996018158
1610679584017,470.494137741,414.641012491,16.217790474
1610679584206,-9.458191750,168.664846830,378.337277588
1610679584395,-26.700517465,116.559032296,537.344132198
1610679584584,453.251812081,410.641012293,43.770683449
1610679584773,107.064018093,243.702406412,274.125707350
1610679584962,-129.601564981,118.559032460,511.101818171
1610679585151,412.077741974,368.156360753,114.497661297
1610679585337,110.275647688,716.497638124,179.535149819
1610679585431,-304.222728073,434.453218387,585.449984166
1610679585525,252.419020415,630.361127605,186.156371537
1610679585619,273.866113241,824.914034748,106.187063198
1610679585713,-409.843890739,424.453218000,565.207630668
1610679585807,220.828554540,318.255312989,293.367987293
1610679585901,457.145997826,621.330430537,45.770661089
1610679585995,-214.912146417,109.316706673,537.344142934
1610679586089,141.859251055,200.528336358,399.579665496
1610679586183,434.630649237,413.641012218,17.217770908
1610679586277,-108.048657951,74.763799796,581.139400249
1610679586371,32.026459623,149.111939919,480.548928293
1610679586465,456.872975514,413.641011335,22.528289097
1610679586556,26.715878234,181.286009926,357.094966801
1610679586651,-48.942843928,100.316707732,532.344218844
1610679586746,443.941231210,392.398685518,58.391774578
1610679586841,119.995762820,254.323568603,260.504494626
1610679586936,-113.669820953,63.453218556,584.449996259
1610679587031,392.835416230,360.535197816,137.361146284
1610679587126,231.517973187,308.429382934,150.292858447
1610679587221,-139.222728004,68.453218266,579.449975494
1610679587316,322.797857561,299.118801776,211.330437648
1610679587411,196.343903046,228.770661351,328.473795227
1610679587506,-134.912146782,55.832055767,544.518258922
1610679587601,224.896810277,248.012987099,302.852630533
1610679587696,402.145997881,398.709267554,-19.850508702
1610679587790,-99.048658252,104.627288984,563.101879298
1610679587884,123.995762664,187.596591556,591.511376059
1610679587978,461.872974892,437.193919641,266.217785717
1610679588072,-23.700517816,156.733103014,916.132547372
1610679588166,28.405297102,138.490776392,860.791208168
1610679588260,454.251811998,412.641012439,398.217786717
1610679588354,52.958204208,217.149498235,519.542034404
1610679588448,-56.564006355,99.316706926,466.897068275
1610679588542,457.562393789,409.641011829,95.460068826
1610679588636,149.548670453,267.255312201,207.951535022
1610679588730,-139.222728101,74.763799879,520.449987636
1610679588824,372.593090783,341.603452915,106.982268248
1610679588918,256.760298777,321.361127585,136.603462922
1610679589009,-140.533309307,72.763799463,559.828794934
1610679589104,324.487275980,307.429383459,219.330454875
1610679589199,337.419020245,371.156360893,77.634182620
1610679589294,-134.912146662,95.695544216,564.207662358
1610679589389,207.965065770,250.012987410,330.542071314
1610679589484,422.388324094,394.709266785,33.149436189
1610679589579,-91.738076355,120.559032518,483.548915092
1610679589674,320.487275993,360.535197870,96.876498612
1610679589769,452.251812361,412.641011803,9.907159712
1610679589864,-19.389936717,173.664847948,412.200846307
1610679589959,13.473552493,119.559032550,500.480661730
1610679590054,454.251812651,427.572755625,44.770611954
1610679590149,76.200529464,232.081243470,321.920936402
1610679590242,-61.874587610,99.316706596,537.654718876
1610679590336,439.320067915,383.088104789,99.876477298
1610679590430,162.169832479,279.876476596,206.398735852
1610679590524,-132.912146295,70.763799244,586.449942140
1610679590618,376.593090650,348.914034591,157.292866392
1610679590712,249.449717531,323.361127239,137.050530902
1610679590806,-3.458191641,175.975428084,380.337263992
1610679590900,305.555532095,283.187056906,250.572724772
1610679590994,346.040183449,385.088104666,77.634142745
1610679591088,-126.601564842,92.695543556,551.275870743
1610679591182,210.965065665,248.012987593,330.542084453
1610679591276,396.145997628,407.330430885,50.081267448
1610679591370,-77.806331730,126.869613444,481.238296607
1610679591462,106.064018230,179.975428852,423.821970558
1610679591557,456.562393276,414.641012728,13.907225991
1610679591652,-22.700517595,174.664846957,401.579612429
1610679591747,2.852389859,131.180194994,497.170048558
1610679591842,470.183556240,396.709268263,32.838960676
1610679591937,-135.222728461,70.763800509,587.450032791
1610679592032,-76.495750706,83.384962633,574.518233788
1610679592127,440.320068356,398.709266903,87.255259050
1610679592222,164.169833385,271.255312123,220.019785075
1610679592317,-125.601564937,58.832055063,589.449952816
1610679592412,377.903672160,346.603453031,173.224602346
1610679592507,267.381461556,336.292872104,147.671732138
1610679592602,-153.154472613,72.453218755,581.139429091
1610679592696,284.313205956,302.118801878,261.504515080
1610679592791,351.350764714,385.088104979,70.323583721
1610679592886,-144.533309565,83.384962802,569.518245914
1610679592981,178.101577333,241.702405576,358.094950559
1610679593076,77.200529401,163.043684819,461.996061908
1610679593171,-108.359239717,139.180196238,486.548974811
1610679593266,92.132273957,176.975428752,437.753707711
1610679593361,450.251812392,411.951593191,30.838900101
nan,nan,nan,nan
nan,nan,nan,nan
nan,nan,nan,nan
nan,nan,nan,nan
nan,nan,nan,nan
nan,nan,nan,nan
nan,nan,nan,nan
nan,nan,nan,nan
nan,nan,nan,nan
nan,nan,nan,nan
nan,nan,nan,nan
nan,nan,nan,nan
nan,nan,nan,nan
