1618477908160,-42.680788127,189.757563587,389.221202852
1618477908254,-25.592524137,246.383098563,379.543136694
1618477908348,-6.070682539,282.015217789,375.169659594
1618477908442,-4.600999929,282.056595003,376.988474503
1618477908536,-17.389463080,259.136485004,380.150239549
1618477908630,-25.461898404,239.803947223,383.035789201
1618477908724,-24.332523147,243.742377595,383.828599227
1618477908818,-15.441285038,263.455972628,379.398709033
1618477908912,-6.183204973,280.548540319,375.598827021
1618477909006,-3.930912739,285.542307943,374.729981203
1618477909100,-7.812157357,283.588418134,375.069930740
1618477909194,-6.912155512,282.149509413,376.494266792
1618477909288,-5.067278937,285.022764234,372.168346618
1618477909377,-2.379078894,285.983023803,372.131344700
1618477909472,-11.290491937,283.093470898,373.025974810
1618477909567,-11.689393938,271.340254127,378.722898304
1618477909662,-16.031404358,263.930370462,377.012114567
1618477909757,-13.951050057,262.325724959,378.595356341
1618477909852,-12.390981782,265.784698143,374.993543319
1618477909947,-11.835860287,269.232703360,376.393638569
1618477910042,-12.066853395,266.503353486,382.868507326
1618477910137,-17.056532393,261.874656747,378.021807975
1618477910232,-17.546813110,262.004803012,376.825178310
1618477910327,-14.789540790,261.466628784,375.918813109
1618477910422,-16.667412948,259.520216374,379.257461683
1618477910517,-20.333609956,253.391548323,379.671736389
1618477910611,-22.083285786,249.729371972,386.960931859
1618477910706,-20.329493328,247.966288754,379.441669746
1618477910801,-20.356449324,252.340909027,383.680546920
1618477910896,-18.144456560,253.028131464,381.213007748
1618477910991,-20.617168270,251.762844684,380.781122042
1618477911086,-22.334981119,247.954121260,383.443786720
1618477911181,-24.150739522,245.145427058,382.758474249
1618477911276,-21.866431499,244.775792950,379.648799389
1618477911371,-20.586109354,249.831708310,379.769140732
1618477911466,-18.122979800,256.075749595,381.204722859
1618477911561,-18.034208932,260.706958715,381.398957156
1618477911656,-19.885114539,261.037529827,379.341442400
1618477911751,-18.261527717,257.202948990,381.486647809
1618477911849,-17.660434247,254.101302573,381.026290965
1618477911943,-21.550656337,256.344701438,380.983942962
1618477912037,-17.501636448,257.670581480,379.579272320
1618477912131,-15.785556033,261.475463762,381.917275946
1618477912225,-16.349240752,263.442859152,378.748962660
1618477912319,-14.177330106,261.824018314,379.682646290
1618477912413,-15.493124538,259.906647497,379.190228065
1618477912507,-17.428566856,259.049784367,380.165324248
1618477912601,-16.312096896,259.525214268,384.734634020
1618477912695,-15.882977866,260.259460710,377.954857460
1618477912789,-16.988755191,264.024931918,378.995662194
1618477912883,-15.232479026,265.918935955,378.318159880
1618477912977,-12.120671168,266.384029070,377.889268108
1618477913068,-14.863637638,269.171115599,378.404353980
1618477913161,-10.816702088,269.275180795,375.386248089
1618477913254,-10.928288916,274.027771208,376.429293902
1618477913347,-10.082812672,279.336742542,376.331621008
1618477913440,-6.644889056,281.742090853,374.391165899
1618477913533,-4.070471243,280.798492809,373.555338779
1618477913626,-9.738405834,280.317552598,374.813001691
1618477913719,-8.337589721,276.554659068,376.815664674
1618477913812,-8.044531490,276.421619329,377.316853632
1618477913905,-6.809428054,280.377276062,381.454638577
1618477913998,-5.459400786,282.153354233,373.319611815
1618477914091,-7.530742926,281.995174907,376.347132808
1618477914184,-10.650367652,274.078363349,377.550561411
1618477914283,-15.896531941,262.446602169,378.574325395
1618477914378,-20.692969899,252.811971272,380.424602636
1618477914473,-20.543487209,247.709016385,381.138459479
1618477914568,-22.103634613,249.901448153,380.583020941
1618477914663,-22.288013761,253.492643909,379.654147170
1618477914758,-19.628741002,252.519992231,381.171347042
1618477914853,-20.623320510,247.314817047,381.555016724
1618477914948,-25.327959749,242.535302065,383.212599542
1618477915043,-24.277496657,239.429995038,383.578893560
1618477915138,-25.333027582,242.524065698,379.214554513
1618477915233,-22.555653820,246.682040654,382.143152880
1618477915328,-23.849409813,249.030726785,380.256472396
1618477915423,-19.899712982,249.136388394,388.890116686
1618477915518,-18.515748807,250.987711253,381.741998399
1618477915613,-16.601611008,256.448918538,377.617838576
1618477915708,-17.724339509,257.959612243,378.050943103
1618477915803,-20.571460706,247.646993729,381.149250555
1618477915898,-29.024838704,231.121412739,381.024470833
1618477915993,-33.623558291,220.707968254,382.184236793
1618477916088,-30.645324437,222.094095429,383.421111927
1618477916183,-25.882654314,230.219469573,384.355382379
1618477916278,-22.322114600,234.896681494,381.367626799
1618477916373,-22.311372303,237.137692711,381.977722148
1618477916468,-22.396297344,244.383784395,382.238961501
1618477916563,-8.554707067,257.770107116,380.213984184
1618477916658,4.255689205,275.087266692,377.201040288
1618477916753,10.568735679,278.215738219,374.308757872
1618477916847,4.238378112,262.311336926,372.293803789
1618477916941,8.031446344,242.463401044,384.616997579
1618477917035,29.825161594,249.137253982,386.239616908
1618477917129,61.849884654,299.495230582,380.915515552
1618477917223,27.135826693,394.174478214,387.277056609
1618477917317,15.079605684,426.746664568,390.613308636
1618477917411,-76.390931419,412.662684264,393.195473088
1618477917505,-162.473092914,348.693159501,386.968911079
1618477917599,-100.965970569,249.898964882,375.971983745
1618477917693,-33.890658763,232.762784934,377.257495582
1618477917787,66.527744556,257.387305246,383.410656198
1618477917881,-13.540941587,347.158148046,405.110948067
1618477917971,-36.709349415,332.291458677,378.858100353
1618477918065,-52.097907620,272.217306795,394.266247521
1618477918159,-69.208389178,222.759704637,421.567123649
1618477918253,-56.466575078,206.535676153,452.824003706
1618477918347,-43.601627358,227.190980306,467.404255311
1618477918441,-33.414837108,240.125484687,405.631874108
1618477918535,-38.256041649,226.957210683,282.270941928
1618477918629,-36.608048800,227.176742729,356.406732451
1618477918723,-33.200837923,226.296801490,402.863885805
1618477918817,-30.265865687,238.238589683,420.960167484
1618477918911,-34.939128735,243.180222182,330.448364515
1618477919005,-23.173243709,247.095530922,329.767155480
1618477919099,-27.971781400,241.107824908,315.460960630
1618477919192,-29.594973371,239.726087742,360.701363598
1618477919287,-29.017247247,239.789824862,371.864260262
1618477919382,-25.576569171,246.635667275,373.151221200
1618477919477,-21.029608464,254.282771910,373.168703867
1618477919572,-20.922986872,258.736366074,375.741812752
1618477919667,-19.508587723,257.437975694,374.967714544
1618477919762,-18.550890902,257.561374827,374.598272752
1618477919857,-18.388522146,262.138571236,378.149876573
1618477919952,-16.706773989,263.867332260,377.501124235
1618477920047,-17.303152292,261.545046184,376.731183544
1618477920142,-15.307071780,258.319162455,375.118456223
1618477920237,-14.301827928,262.547982556,384.730672656
1618477920332,-13.246509140,268.539408873,377.166290061
1618477920426,-12.132831698,275.008647220,375.736677077
1618477920521,-11.609838885,277.385416931,376.149166311
1618477920616,-8.792472618,273.763289148,372.605379922
1618477920711,-12.126899603,272.804606357,375.120149403
1618477920806,-11.247066549,271.538172988,375.166505088
1618477920901,-13.414889855,275.166076253,375.231244723
1618477920996,-9.233401302,278.220051881,376.003951487
1618477921091,-7.881091414,281.001191063,375.868044180
1618477921186,-6.710015357,279.380499778,373.802049761
1618477921281,-12.628802024,278.343371985,377.156481544
1618477921376,-9.460463201,272.282224792,377.863064433
1618477921471,-13.082291932,270.686316727,375.488702212
1618477921566,-13.273687533,270.044762186,378.948295807
1618477921661,-15.924850025,268.818202429,375.813728008
1618477921755,-13.674071646,264.939839681,379.488508957
1618477921849,-14.800423645,260.442499390,376.923011287
1618477921943,-17.283112799,258.155090686,381.494974485
1618477922037,-20.945558245,256.469127508,378.136280596
1618477922131,-19.794782936,254.586232072,379.463878103
1618477922225,-21.375337965,253.516222721,378.302072720
1618477922319,-21.405196955,251.232826098,377.699351840
1618477922413,-24.115863971,250.874333300,380.587738547
1618477922507,-20.889879715,248.940997185,382.272084093
1618477922601,-20.802048944,249.135734995,379.238202434
1618477922695,-20.114453893,250.877459715,380.587194594
1618477922789,-19.306981004,252.450589862,379.661463986
1618477922879,-18.196828398,252.912012967,378.233210745
1618477922973,-19.275036087,253.521417924,379.649140893
1618477923067,-21.689723477,253.601975752,380.809110989
1618477923161,-20.460242299,251.893586455,380.106346865
1618477923255,-27.888574278,255.161085056,376.885819812
1618477923349,-18.016019544,253.312901176,377.163461796
1618477923443,-18.943373756,258.473970943,383.135437906
1618477923537,-18.138535902,260.475645638,380.439202401
1618477923631,-17.034694371,259.923075867,377.013383725
1618477923725,-21.663539661,261.311610734,380.641728216
1618477923819,-19.625978108,258.394891963,378.627238445
1618477923913,-17.691179462,257.250327949,378.652390565
1618477924007,-15.966364258,257.857383482,378.372785348
1618477924099,-17.255566895,260.433358751,379.098587663
1618477924193,-15.377198548,260.163677843,377.145508374
1618477924287,-17.710126108,261.642706499,379.888178046
1618477924381,-15.613904997,260.638853853,380.236820418
1618477924475,-16.522307529,261.624749695,380.587246411
1618477924569,-15.969585630,262.067434542,379.988267332
1618477924663,-18.261974900,262.636344429,375.715298924
1618477924757,-16.810862835,261.419353686,376.927038316
1618477924851,-15.884968827,260.037852899,378.341386190
1618477924945,-17.680177668,261.491914519,385.262385810
1618477925039,-15.299943606,259.334966997,375.115706454
1618477925133,-16.654100932,261.549731689,378.252326430
1618477925227,-16.966792976,262.073626396,379.987190035
1618477925317,-14.178190401,259.604917408,380.068738853
1618477925411,-16.911742650,259.195683620,376.965953783
1618477925505,-17.035049756,259.705094444,376.399281514
1618477925599,-16.019024017,261.957820075,379.007338718
1618477925693,-15.978674758,264.264475653,376.606012864
1618477925787,-15.425817641,266.490266840,377.392742319
1618477925881,-14.766112743,268.170153694,376.752493404
1618477925975,-13.929402419,270.808108891,377.815484143
1618477926069,-11.019770516,273.259325734,376.693062517
1618477926163,-10.020667468,276.474530482,373.307647831
1618477926257,-13.418912095,281.591545098,378.461274955
1618477926351,-8.201448599,279.290897206,375.991625390
1618477926445,-6.773089516,279.240652165,380.826381292
1618477926536,-7.922725690,278.908879817,372.884105047
1618477926630,-7.678821598,280.449662376,376.790016435
1618477926724,-7.085645334,279.547655449,374.946953042
1618477926818,-10.034318853,277.444262721,374.312913998
1618477926912,-9.376133535,271.469199976,375.830533363
1618477927006,-14.067100493,267.502805621,378.868602647
1618477927100,-18.553469621,263.990044238,378.827746131
1618477927194,-18.252107245,259.223835998,377.483013761
1618477927288,-20.189765405,256.144866453,378.844725425
1618477927382,-20.659363353,251.886483485,378.411638551
1618477927476,-22.475116488,248.860607501,378.112084743
1618477927570,-23.502016177,247.366578755,378.893982976
1618477927664,-22.634245608,247.073400525,380.944991893
1618477927753,-28.202143707,249.814260570,380.164064659
1618477927847,-21.992551363,246.713354276,380.311690780
1618477927941,-23.057281676,246.569834649,385.336661190
1618477928035,-23.320479890,243.769079825,380.823953411
1618477928129,-26.449904932,243.482119467,380.873880506
