1618477908098,-117.748380281,228.371109743,234.956007512
1618477908192,-113.778989457,225.662823790,234.784798422
1618477908286,-108.873857049,231.185574425,233.477992280
1618477908380,-102.396498899,227.389702909,233.358187791
1618477908474,-95.873262745,226.948737578,235.030086287
1618477908568,-90.241994086,229.044496595,232.973884625
1618477908662,-85.615541689,230.374781585,233.780037968
1618477908756,-82.260931101,229.454300172,235.733367932
1618477908850,-80.686765211,230.664111481,234.610228152
1618477908944,-80.355198061,228.448766496,233.736615687
1618477909038,-81.559380931,230.554184866,230.674744880
1618477909132,-83.277409695,229.570737191,233.665030201
1618477909223,-85.508898475,227.557148296,235.673005622
1618477909316,-88.320260718,229.274710871,229.838770196
1618477909409,-90.379020863,227.095155000,232.944152840
1618477909502,-92.289772577,229.982989720,237.009983457
1618477909595,-93.471759009,225.913604546,234.050706119
1618477909688,-94.415269356,227.740814089,232.152118092
1618477909781,-94.656440034,225.961465543,234.022616153
1618477909874,-95.184068710,228.813088243,231.109699866
1618477909967,-95.236154540,229.986137215,235.008136169
1618477910060,-95.321243725,228.981142295,232.011067724
1618477910153,-95.474132120,227.854763065,233.085240611
1618477910246,-95.769015851,227.720048400,233.164305626
1618477910339,-95.794250262,228.835971434,233.096269556
1618477910438,-95.752044786,228.838448987,234.094815462
1618477910532,-95.761754259,230.896581194,233.060697248
1618477910626,-95.474634011,229.913435777,232.050805171
1618477910720,-94.849001465,227.774055245,234.132608616
1618477910814,-94.538899071,230.909663278,235.053019277
1618477910908,-94.322153053,230.863684567,231.080004517
1618477911002,-93.925547008,228.945668378,232.031887623
1618477911096,-93.685238028,229.842370689,231.092513786
1618477911190,-93.062690174,229.996319950,233.002159848
1618477911284,-92.092183644,227.994588620,235.003175978
1618477911378,-91.439232974,229.974216069,231.015132776
1618477911472,-90.462788213,230.207642023,232.878133390
1618477911566,-89.538060316,228.144521213,230.915179452
1618477911659,-88.651889851,228.313945694,234.815742994
1618477911754,-88.197481369,230.105811763,233.937898308
1618477911849,-87.851080588,229.184848416,232.891511123
1618477911944,-87.810735659,228.069812403,232.959026594
1618477912039,-88.165030382,226.636036275,232.626705694
1618477912134,-89.200605714,230.164330531,230.903553219
1618477912229,-90.304138792,231.158252915,232.907120216
1618477912324,-91.533496491,228.968682596,233.018380412
1618477912419,-93.106448187,230.876346911,234.072572895
1618477912514,-94.773599006,231.130694579,231.923294403
1618477912609,-96.199877228,230.046968946,233.972433584
1618477912704,-97.625404751,229.728478684,234.159357831
1618477912799,-98.848497940,227.480573931,233.304854929
1618477912894,-100.141235631,229.580793941,232.246035078
1618477912988,-101.010621970,229.647163421,232.207082349
1618477913082,-101.230064764,226.692983826,236.180190020
1618477913176,-101.580932546,228.496280602,233.295636570
1618477913270,-101.370602629,229.626031774,235.219484666
1618477913364,-100.837884902,228.716005637,233.166678353
1618477913458,-99.922799136,229.652318813,235.204056612
1618477913552,-98.536091392,225.675019398,233.190733474
1618477913646,-97.155909705,227.638634715,234.212087908
1618477913740,-95.620255368,227.904887487,233.055822224
1618477913834,-94.192212664,232.164823222,232.903264055
1618477913928,-92.284164139,228.100723296,231.940884767
1618477914022,-90.469375845,227.148553140,235.912813084
1618477914115,-89.306816908,230.099393529,231.941665217
1618477914210,-87.758094880,225.131604705,231.922760243
1618477914305,-86.941743749,228.238228466,232.860181985
1618477914400,-86.278399388,228.511976920,233.699517031
1618477914495,-86.117880693,229.521399716,229.693986723
1618477914590,-85.779172644,228.482580441,232.716770037
1618477914685,-85.667250748,228.313043976,233.816272219
1618477914780,-85.700783796,230.545884211,235.679616595
1618477914875,-85.427582884,227.268410827,234.842467738
1618477914970,-85.510352256,230.380956433,232.776413905
1618477915065,-85.040157861,227.408557867,236.760214423
1618477915160,-85.057551746,228.583643331,234.657455494
1618477915255,-85.042266736,227.467136245,230.725834348
1618477915345,-85.297681792,235.686951524,235.596823166
1618477915439,-85.125618403,230.403541147,232.763158772
1618477915533,-85.382406820,229.329764934,233.806458567
1618477915627,-86.145276492,228.402387174,235.763836047
1618477915721,-87.630240134,227.315216580,233.814997102
1618477915815,-89.511919559,227.969949209,237.017637027
1618477915909,-91.940652248,228.944781668,233.032408040
1618477916003,-94.232901817,226.810221634,232.111382300
1618477916097,-96.652169945,228.726907509,235.160279965
1618477916191,-98.906880071,227.477146773,235.306866353
1618477916285,-101.101182011,228.289634304,235.416918782
1618477916379,-102.967511617,229.532289744,242.274502543
1618477916473,-105.038312161,229.352027075,237.380300012
1618477916568,-106.851181171,227.128203374,238.511663766
1618477916663,-108.793934989,229.072861675,241.544144211
1618477916758,-110.011055759,224.942711865,248.620530079
1618477916853,-111.243851312,226.929046260,255.628550522
1618477916948,-111.483278008,225.797587044,267.705704890
1618477917043,-110.420295486,228.153497300,295.496818577
1618477917138,-107.983820230,224.944310650,317.619591741
1618477917233,-105.350961800,225.098865164,310.528882575
1618477917328,-103.647388456,228.257570798,238.435737086
1618477917423,-101.397061894,226.154861163,131.496018117
1618477917518,-92.860689539,225.714666955,175.167464035
1618477917613,-83.829381551,225.127420023,207.925216264
1618477917708,-74.393660314,227.622615201,247.634582620
1618477917800,-67.843048002,228.772341690,211.546707057
1618477917894,-61.983837761,228.587970502,186.654915846
1618477917988,-58.108332329,230.169747180,162.900374148
1618477918082,-55.009185585,243.884119474,210.654918379
1618477918176,-57.480502915,282.036684718,223.739191244
1618477918270,-66.824804596,380.251282158,229.613242449
1618477918364,-79.418869353,483.268922330,229.842167533
1618477918458,-87.375614733,472.676187581,227.842418831
1618477918552,-78.795661439,166.299316880,230.063606980
1618477918646,-87.324178261,146.037609169,229.391019649
1618477918740,-102.729122650,252.263088005,236.367035282
1618477918834,-121.252575995,415.576321056,237.835567504
1618477918928,-118.656988228,236.667922491,231.194898700
1618477919017,-124.356461681,235.922435786,233.632430257
1618477919111,-127.946607815,233.357410320,234.377140547
1618477919205,-129.078927424,226.762621128,233.726226640
1618477919299,-128.471635250,228.622163976,232.808661962
1618477919393,-125.607529187,228.496782357,233.882249343
1618477919487,-120.907978289,226.713954039,235.754789707
1618477919581,-115.275835894,228.868466521,234.664105210
1618477919675,-108.631136012,227.317227026,234.400724413
1618477919769,-102.066571208,229.702581254,231.174557221
1618477919863,-95.389790968,230.035820597,232.978976632
1618477919957,-89.178698029,227.224318734,232.868345707
1618477920051,-84.231829300,230.573412859,231.663459832
1618477920145,-80.165519657,231.753411903,232.557817087
1618477920240,-77.100940093,229.109415909,232.348875752
1618477920334,-75.477937946,230.263391839,231.258506162
1618477920428,-74.955332774,231.000559027,230.412764646
1618477920522,-75.238036615,230.042665871,233.388051834
1618477920616,-76.613202221,231.079345009,230.366524582
1618477920710,-78.012163902,228.938520742,233.449175366
1618477920804,-79.713703354,228.779934502,232.542250781
1618477920898,-81.082268990,229.758298898,235.554948874
1618477920992,-82.225476403,230.632487963,234.628788225
1618477921086,-82.853834421,228.654304155,235.615984143
1618477921180,-83.531825286,230.555802443,230.673795513
1618477921274,-83.509724801,225.615801964,231.638581359
1618477921368,-84.204240209,229.575032399,232.662509312
1618477921458,-85.069864389,228.524218377,232.692332430
1618477921551,-86.490576620,228.558223829,232.672374384
1618477921644,-88.289978880,230.276488481,235.837726904
1618477921737,-90.354901126,226.213975230,231.874416385
1618477921830,-93.205132820,232.105362606,232.938161922
1618477921923,-95.838483500,228.950779195,235.028888047
1618477922016,-98.909306712,228.653110847,234.203591761
1618477922109,-101.586937977,223.437225896,234.330296206
1618477922202,-104.357148854,225.450715017,235.322379343
1618477922295,-106.470398584,226.033151791,236.567450230
1618477922388,-108.106319751,227.230630533,233.451548523
1618477922481,-108.535060967,223.088058143,235.535225294
1618477922574,-108.924438759,227.947796471,233.617545887
1618477922673,-108.397839664,228.920006809,232.633855841
1618477922767,-107.096812517,228.231188628,234.451220973
1618477922861,-105.376376720,227.449586299,232.323041795
1618477922955,-103.300160870,229.454060335,232.320415951
1618477923049,-100.717100496,229.664393770,235.196969732
1618477923143,-97.906661193,227.594563971,237.237953348
1618477923237,-95.364733327,227.919887186,236.047018792
1618477923331,-93.207861295,232.222606787,233.869350461
1618477923425,-90.578843840,225.142127131,231.916584555
1618477923519,-88.836654242,229.420503971,231.753203168
1618477923613,-87.108907465,228.228415592,231.865941231
1618477923707,-85.944894829,228.414150014,230.756932352
1618477923801,-85.251122249,230.454875973,232.733029991
1618477923894,-84.919771948,230.650433479,234.618255871
1618477923988,-84.790228300,225.423229275,233.751603667
1618477924082,-85.413692513,228.386630570,235.773083713
1618477924176,-86.217443865,227.398150793,233.766322410
1618477924270,-87.113699601,224.286836458,229.831653601
1618477924364,-88.302634808,228.275745550,230.838162935
1618477924458,-89.173035152,228.283353332,231.833697873
1618477924552,-90.021524650,232.350949502,233.794025190
1618477924646,-90.321705573,230.274626055,232.838819975
1618477924740,-90.440520939,230.208949160,230.877366221
1618477924834,-90.564589011,237.377772618,232.778282509
1618477924928,-89.610347076,227.316384346,230.814311732
1618477925022,-89.204729452,229.164088459,229.903695293
1618477925113,-88.524669394,229.321413812,232.811359901
1618477925207,-87.978565193,230.177364793,235.895903316
1618477925301,-87.607937721,228.316525780,234.814228723
1618477925395,-87.631527405,227.491247537,231.711683255
1618477925489,-87.982489315,229.353240961,232.792680316
1618477925583,-88.543288148,228.202916502,233.880906833
1618477925677,-89.720225283,228.251232082,231.852550068
1618477925771,-91.269775223,226.925461433,230.043747226
1618477925865,-93.371168649,229.978211593,232.012787774
1618477925959,-95.455413368,228.738457548,236.153501163
1618477926053,-98.084378795,228.818940258,230.106265276
1618477926147,-100.031482850,227.528534494,237.276706527
1618477926241,-102.002836389,227.647620452,235.206814114
1618477926333,-103.749933336,233.662466411,232.198100913
1618477926427,-103.702722380,225.254322576,233.437643491
1618477926521,-103.502366360,229.500892608,234.292929751
1618477926615,-102.082482321,228.349434191,233.381821795
1618477926709,-99.928966877,229.593254578,231.238721840
1618477926803,-96.908713983,229.711847816,231.169118608
1618477926897,-93.232738052,226.986337770,233.008018462
1618477926991,-89.913148616,230.181204888,232.893649536
1618477927085,-86.839919705,230.361610107,231.787768404
1618477927179,-84.355943002,227.566127115,232.667735888
1618477927273,-83.317521564,229.744489060,233.563053968
1618477927367,-83.472793136,229.500565584,233.706214426
1618477927461,-84.620470508,223.668003124,233.607944119
1618477927551,-87.535501108,228.320777967,231.811733084
1618477927645,-90.620883822,229.257063641,238.849127483
1618477927739,-94.297944244,228.923807851,232.044717725
1618477927833,-97.478786207,229.089298557,231.947590029
1618477927927,-99.733639761,225.722125054,230.163086823
1618477928021,-101.259560178,229.691252382,230.181206218
