1618477252403,12.549027
1618477252497,12.167361
1618477252591,12.936558
1618477252685,11.656853
1618477252779,9.076320
1618477252873,10.239211
1618477252967,8.364854
1618477253061,7.490860
1618477253155,7.772313
1618477253243,7.207895
1618477253337,7.375595
1618477253431,8.346728
1618477253525,7.525866
1618477253619,4.576381
1618477253713,1.767787
1618477253807,-0.942067
1618477253901,0.129789
1618477253995,1.279705
1618477254089,-0.839608
1618477254183,-0.402089
1618477254277,1.029484
1618477254371,-0.412209
1618477254461,-1.148168
1618477254556,0.668258
1618477254651,0.236181
1618477254746,-1.308529
1618477254841,0.618631
1618477254936,0.607870
1618477255031,-0.707416
1618477255126,0.106636
1618477255221,0.804284
1618477255316,-1.047514
1618477255411,-0.354007
1618477255506,0.848231
1618477255601,-0.818950
1618477255695,-0.925103
1618477255788,0.714674
1618477255881,-0.662828
1618477255974,-0.554815
1618477256067,1.115605
1618477256160,-0.401394
1618477256253,-1.116541
1618477256346,0.729755
1618477256439,-0.278052
1618477256532,-1.674625
1618477256625,0.663512
1618477256718,0.126034
1618477256811,-0.618126
1618477256910,0.198788
1618477257004,0.787495
1618477257098,-1.109169
1618477257192,-0.213721
1618477257286,0.973108
1618477257380,-0.703595
1618477257474,-0.604972
1618477257568,0.947341
1618477257662,0.040705
1618477257756,-1.236227
1618477257850,0.353615
1618477257944,0.444427
1618477258038,-1.163478
1618477258137,0.065998
1618477258231,0.362771
1618477258325,-1.241410
1618477258419,-0.310005
1618477258513,0.734984
1618477258607,-0.681740
1618477258701,-0.520625
1618477258795,0.936712
1618477258889,-0.299159
1618477258983,-1.248740
1618477259077,1.271270
1618477259171,0.328453
1618477259265,-0.799120
1618477259355,0.585663
1618477259449,0.939841
1618477259543,-1.250029
1618477259637,0.371407
1618477259731,0.991594
1618477259825,-1.445066
1618477259919,-2.522206
1618477260013,-4.451647
1618477260107,-6.854720
1618477260201,-6.836857
1618477260295,-0.253112
1618477260389,0.959828
1618477260483,0.662912
1618477260577,-4.279642
1618477260671,-0.649235
1618477260765,-3.258093
1618477260859,-0.770458
1618477260953,0.379939
1618477261047,-1.105271
1618477261141,-0.690986
1618477261235,0.652044
1618477261329,-0.111173
1618477261423,-1.074123
1618477261517,0.842174
1618477261611,-0.306338
1618477261705,-1.206930
1618477261793,0.652058
1618477261887,0.211601
1618477261981,-1.286484
1618477262075,0.430585
1618477262169,0.577305
1618477262263,-1.402707
1618477262357,-0.360400
1618477262451,-0.133241
1618477262545,-1.130707
1618477262639,-0.809337
1618477262733,0.854431
1618477262827,-0.424454
1618477262921,-1.007972
1618477263012,0.629978
1618477263106,-0.042702
1618477263200,-1.202747
1618477263294,0.258598
1618477263388,0.457619
1618477263482,-1.219194
1618477263576,-0.956119
1618477263670,0.718955
1618477263764,-0.870217
1618477263858,-0.683594
1618477263952,0.972201
1618477264046,-0.412590
1618477264140,-0.887758
1618477264231,0.718128
1618477264325,-0.143518
1618477264419,-1.393218
1618477264513,0.357733
1618477264607,0.384196
1618477264701,-0.906651
1618477264795,-0.224936
1618477264889,0.460182
1618477264983,-1.444314
1618477265077,-0.572509
1618477265171,0.795330
1618477265265,-0.883767
1618477265359,-0.953354
1618477265449,1.066826
1618477265543,-0.171371
1618477265637,-1.490390
1618477265731,-1.092340
1618477265825,0.348739
1618477265919,-1.825796
1618477266013,0.431364
1618477266107,0.925124
1618477266201,-1.444953
1618477266295,-0.582895
1618477266389,0.543703
1618477266483,-1.174934
1618477266577,-0.683231
1618477266668,0.611996
1618477266762,-0.591793
1618477266856,-0.805891
1618477266950,0.525003
1618477267044,-0.001916
1618477267138,-1.353208
1618477267232,0.150187
1618477267326,0.346837
1618477267420,-1.673945
1618477267514,-0.308507
1618477267608,0.693101
1618477267702,-1.205682
1618477267796,-0.529758
1618477267887,1.164809
1618477267981,0.072438
1618477268075,-0.769068
1618477268169,1.154779
1618477268263,-0.207837
1618477268357,-1.181837
1618477268451,0.363274
1618477268545,0.256260
1618477268639,-1.521537
1618477268733,-0.115300
1618477268827,0.752457
1618477268921,-1.105844
1618477269015,-0.567139
1618477269106,0.698049
1618477269200,-0.924693
1618477269294,-0.760425
nan,nan
