1618477636839	46	-146	-12
1618477636933	48	-149	-13
1618477637027	50	-143	-11
1618477637121	52	-148	-14
1618477637215	57	-144	-16
1618477637309	62	-141	-13
1618477637403	71	-143	-20
1618477637497	77	-142	-17
1618477637591	84	-143	-22
1618477637685	89	-145	-20
1618477637779	93	-142	-31
1618477637873	94	-141	-27
1618477637967	103	-137	-34
1618477638056	107	-130	-31
1618477638151	110	-122	-36
1618477638246	118	-118	-40
1618477638341	115	-107	-41
1618477638436	116	-99	-40
1618477638531	121	-102	-44
1618477638626	121	-91	-41
1618477638721	124	-88	-45
1618477638816	126	-83	-44
1618477638911	122	-78	-48
1618477639006	119	-74	-50
1618477639101	121	-74	-47
1618477639196	124	-70	-43
1618477639293	119	-66	-46
1618477639387	124	-66	-42
1618477639481	125	-67	-38
1618477639575	132	-65	-41
1618477639669	126	-67	-39
1618477639763	125	-60	-36
1618477639857	122	-60	-43
1618477639951	127	-61	-45
1618477640045	132	-60	-47
1618477640139	126	-55	-50
1618477640233	132	-57	-51
1618477640327	137	-57	-49
1618477640421	138	-51	-52
1618477640510	143	-44	-50
1618477640605	140	-43	-55
1618477640700	141	-42	-55
1618477640795	152	-43	-59
1618477640890	152	-41	-67
1618477640985	152	-44	-68
1618477641080	156	-37	-73
1618477641175	158	-41	-78
1618477641270	158	-35	-80
1618477641365	159	-34	-88
1618477641460	155	-27	-98
1618477641555	162	-28	-100
1618477641650	158	-31	-109
1618477641743	156	-30	-111
1618477641837	162	-32	-112
1618477641931	168	-31	-120
1618477642025	170	-29	-128
1618477642119	172	-30	-134
1618477642213	179	-31	-135
1618477642307	180	-31	-143
1618477642401	187	-35	-145
1618477642495	193	-35	-147
1618477642589	193	-29	-148
1618477642683	196	-33	-149
1618477642777	199	-33	-140
1618477642871	202	-30	-141
1618477642961	208	-36	-141
1618477643056	212	-37	-153
1618477643151	211	-32	-172
1618477643246	212	-40	-187
1618477643341	209	-40	-201
1618477643436	205	-40	-185
1618477643531	205	-43	-142
1618477643626	205	-41	-68
1618477643721	206	-44	-45
1618477643816	211	-40	4
1618477643911	206	-42	83
1618477644006	205	-43	97
1618477644101	203	-42	90
1618477644199	210	-39	125
1618477644294	207	-39	150
1618477644389	208	-36	143
1618477644484	212	-38	102
1618477644579	212	-35	27
1618477644674	214	-32	-32
1618477644769	212	-32	-54
1618477644864	216	-32	31
1618477644959	219	-25	101
1618477645054	212	-25	132
1618477645149	214	-24	-38
1618477645244	214	-25	-174
1618477645339	219	-26	-282
1618477645432	223	-25	-188
1618477645526	222	-27	-117
1618477645620	220	-30	-155
1618477645714	224	-34	-187
1618477645808	222	-49	-177
1618477645902	220	-52	-160
1618477645996	222	-59	-148
1618477646090	213	-70	-139
1618477646184	203	-88	-132
1618477646278	200	-108	-130
1618477646372	210	-172	-125
1618477646466	211	-178	-119
1618477646560	263	-206	-121
1618477646657	289	-204	-118
1618477646751	304	-248	-114
1618477646845	332	-197	-110
1618477646939	218	-91	-111
1618477647033	158	-73	-108
1618477647127	86	-81	-109
1618477647221	30	-40	-103
1618477647315	14	-23	-101
1618477647409	30	13	-100
1618477647503	65	-51	-96
1618477647597	117	-107	-96
1618477647691	185	-51	-95
1618477647785	227	100	-94
1618477647878	258	202	-88
1618477647973	131	381	-93
1618477648068	-67	79	-91
1618477648163	69	-28	-95
1618477648258	118	-7	-93
1618477648353	177	147	-92
1618477648448	78	149	-90
1618477648543	106	27	-92
1618477648638	136	-5	-91
1618477648733	147	-15	-92
1618477648828	149	-23	-92
1618477648923	153	-26	-92
1618477649018	146	-33	-87
1618477649117	154	-41	-90
1618477649211	153	-43	-86
1618477649305	147	-46	-87
1618477649399	145	-47	-85
1618477649493	148	-50	-91
1618477649587	147	-57	-88
1618477649681	148	-54	-88
1618477649775	152	-59	-91
1618477649869	145	-64	-95
1618477649963	148	-67	-92
1618477650057	154	-69	-92
1618477650151	151	-70	-90
1618477650245	149	-70	-94
1618477650338	146	-74	-89
1618477650432	136	-74	-94
1618477650526	138	-77	-96
1618477650620	139	-78	-94
1618477650714	135	-78	-88
1618477650808	128	-72	-95
1618477650902	142	-72	-93
1618477650996	145	-70	-91
1618477651090	149	-75	-93
1618477651184	160	-75	-90
1618477651278	157	-70	-87
1618477651372	163	-68	-90
1618477651466	165	-69	-86
1618477651555	172	-71	-89
1618477651649	174	-65	-89
1618477651743	174	-75	-86
1618477651837	178	-76	-87
1618477651931	178	-77	-88
1618477652025	179	-73	-82
