1618476199458	-117.080094	140.31032	215.952126
1618476199552	-142.983073	200.50357	218.17301
1618476199646	-44.202394	209.763348	219.357844
1618476199740	-130.399139	165.506977	361.050683
1618476199834	-105.674434	168.35902	281.671152
1618476199928	-85.573839	175.948768	232.623213
1618476200022	-102.030132	52.158289	209.034879
1618476200116	-89.707773	151.648349	174.455877
1618476200206	-78.306251	146.182673	246.331772
1618476200300	-91.830028	132.581967	226.753379
1618476200394	-85.370866	155.755174	257.263418
1618476200488	-94.809455	97.113583	172.859573
1618476200582	-42.290623	192.299444	196.503932
1618476200676	-101.346654	126.129493	292.196678
1618476200770	-91.08817	164.251583	246.900051
1618476200864	-91.837305	140.341746	244.885174
1618476200958	-85.961586	128.613748	208.46598
1618476201052	-126.78124	100.114946	318.354846
1618476201146	-135.508431	148.433586	182.021381
1618476201240	-63.09687	142.186707	208.636006
1618476201334	-81.577533	186.840217	210.500282
1618476201426	-79.869653	115.41846	268.364791
1618476201520	-91.270721	117.441479	271.58485
1618476201614	-127.624197	166.018114	385.338629
1618476201708	-46.544698	114.39865	311.746051
1618476201802	-75.918393	126.163368	245.695098
1618476201896	-135.901822	160.736346	276.623176
1618476201990	-83.238493	146.685419	191.475199
1618476202084	-105.652922	114.735152	171.805591
1618476202178	-115.726665	146.987561	243.618501
1618476202272	-72.503661	237.846688	293.742169
1618476202366	-122.166035	162.089525	208.765359
1618476202460	-93.915381	183.49027	258.731494
1618476202554	-104.090113	192.431384	110.750504
1618476202643	-95.450758	208.089503	286.696307
1618476202738	-107.987949	182.625956	208.508813
1618476202833	-131.892608	162.373483	249.058109
1618476202928	-86.381826	184.398714	302.937942
1618476203023	-73.874527	146.882639	231.335826
1618476203118	-91.306709	107.476747	311.789066
1618476203213	-97.719375	198.447583	366.556065
1618476203308	-92.690025	119.573739	270.745052
1618476203403	-53.743867	140.686551	254.227517
1618476203498	-122.085661	222.269938	203.687423
1618476203593	-68.860428	81.640656	207.581647
1618476203688	-106.055633	78.751234	155.658471
1618476203783	-81.12793	185.13338	208.658706
1618476203872	-116.104057	156.303932	258.809505
1618476203966	-66.934557	101.295966	153.025176
1618476204060	-121.151042	130.710307	273.30621
1618476204154	-98.487856	183.959797	264.877895
1618476204248	-93.604137	136.263298	168.116371
1618476204342	-102.184922	194.118766	243.365697
1618476204436	-123.623392	100.093686	242.696327
1618476204530	-38.07724	81.653386	357.629656
1618476204624	-110.420975	151.334666	166.80893
1618476204718	-81.689458	143.835345	230.548368
1618476204812	-78.293825	179.315298	307.759829
1618476204906	-111.393937	105.953205	216.719714
1618476205000	-98.44846	124.422028	241.458028
1618476205090	-109.887373	167.545106	281.451283
1618476205185	-152.480333	239.310963	298.129623
1618476205280	-108.428434	201.67054	332.422973
1618476205375	-106.496915	166.362346	305.262248
1618476205470	-114.771546	281.406011	221.256943
1618476205565	-206.675202	369.321968	234.660541
1618476205660	-175.508724	626.89003	160.097888
1618476205755	-129.472843	261.240431	106.848356
1618476205850	-228.461122	355.770539	191.252111
1618476205945	-181.687206	716.315314	59.307327
1618476206040	-139.078487	359.117585	284.80671
1618476206135	-166.1864	116.120541	112.693988
1618476206230	-222.583875	-1.178796	235.253467
1618476206324	-296.775691	136.47961	178.328557
1618476206418	-280.627743	239.695784	178.574106
1618476206512	-118.186921	25.440232	176.800022
1618476206606	-71.253827	-12.159784	226.455295
1618476206700	-60.031683	-61.549546	289.606366
1618476206794	63.107393	-233.28301	295.152727
1618476206888	27.150929	-182.233567	457.766851
1618476206982	-59.158614	-106.88375	323.076188
1618476207076	-126.047133	61.528331	395.651359
1618476207170	-71.713273	-1.452113	418.137607
1618476207264	-144.620501	54.822858	204.680057
1618476207358	-145.371893	35.104863	351.470018
1618476207452	-108.388171	163.011601	191.501116
1618476207543	-107.026263	128.049532	199.91034
1618476207638	-95.903621	82.513576	163.042736
1618476207733	-109.903236	134.881812	193.952191
1618476207828	-86.606243	144.356602	513.001724
1618476207923	-85.096	199.061958	502.473955
1618476208018	-105.507563	60.502425	317.718194
1618476208113	-141.495235	138.325109	241.737264
1618476208208	-137.275288	104.947903	346.866604
1618476208303	-137.424261	148.027469	627.087894
1618476208398	-122.688016	226.996329	839.867151
1618476208493	-99.593913	117.627943	658.587755
1618476208588	-128.190974	114.645095	779.96692
1618476208683	-96.021265	140.921891	994.003786
1618476208777	-149.719319	207.709323	985.750284
1618476208871	-65.624893	141.60741	804.984705
1618476208965	-112.618631	153.518098	548.789919
1618476209059	-59.222189	122.244233	524.051675
1618476209153	-55.362038	168.970501	471.065686
1618476209247	-69.445617	159.801584	50.741117
1618476209341	-83.646941	180.432717	37.578378
1618476209435	-115.331195	181.867706	14.659253
1618476209529	-122.434703	187.35516	76.905125
1618476209623	-84.081134	132.837111	156.620455
1618476209717	-87.836939	159.339161	267.571196
1618476209811	-73.172348	112.350611	177.773162
1618476209905	-51.373866	223.227885	174.04168
1618476209996	-121.419638	129.850049	170.559205
1618476210091	-95.353141	78.591208	163.634907
1618476210186	-79.250732	190.488935	135.253072
1618476210281	-97.191319	190.870687	201.925583
1618476210376	-112.818759	237.420793	266.835863
1618476210471	-109.132627	252.991126	86.408759
1618476210566	-86.75803	142.7015	284.253974
1618476210661	-136.869324	160.812832	297.953702
1618476210756	-113.785691	161.722473	228.318524
1618476210851	-95.85378	173.909403	354.592296
1618476210946	-146.145776	129.773937	224.259191
1618476211041	-157.386333	152.781491	195.83451
1618476211136	-106.004054	200.387973	288.033817
1618476211230	-81.961114	183.726181	228.846564
1618476211324	-83.190551	190.134078	236.245277
1618476211418	-93.881549	149.883492	264.079345
1618476211512	-133.245892	184.40279	259.826509
1618476211606	-96.983281	172.819723	214.983406
1618476211700	-85.872769	165.015887	216.56963
1618476211794	-78.178709	154.592859	169.471449
1618476211888	-88.762248	129.672138	275.157543
1618476211982	-135.010448	164.837457	217.038873
1618476212076	-77.755391	155.98553	111.585644
1618476212170	-82.214955	117.636464	179.228142
1618476212264	-112.141956	124.871199	104.448408
1618476212358	-103.33541	141.076275	205.070166
1618476212452	-84.994221	138.052211	191.785895
1618476212547	-53.709616	135.856493	245.170828
1618476212642	-83.577214	127.377251	140.015065
1618476212737	-116.878147	186.125412	273.893935
1618476212832	-93.85749	141.987559	233.265171
1618476212927	-95.380386	150.870762	271.852857
1618476213022	-105.069512	106.251043	322.027466
1618476213117	-95.454963	149.582277	102.779409
1618476213212	-124.468417	133.078154	199.69797
1618476213307	-69.577172	252.057341	394.568166
1618476213402	-68.604449	65.139521	284.577129
1618476213497	-86.855766	197.20471	144.127735
1618476213592	-90.121484	110.502771	115.626057
1618476213687	-106.644779	144.600287	180.654396
1618476213780	-120.933439	284.01891	191.459557
1618476213873	-153.459798	71.212205	288.397061
1618476213966	-88.751964	152.354048	257.836343
1618476214059	-115.994919	155.402858	248.023416
1618476214152	-62.27055	202.29954	330.430373
1618476214245	-68.795198	94.370312	185.18102
1618476214338	-128.892454	145.127051	281.05304
1618476214431	-79.867916	107.496184	249.221855
1618476214524	-115.971423	96.055923	186.520619
1618476214617	-66.491971	159.208981	147.729818
1618476214710	-124.739346	147.324068	246.189052
1618476214803	-81.842198	109.043706	232.293983
1618476214902	-43.038287	197.724953	312.704416
1618476214997	-105.90189	110.281179	263.327283
1618476215092	-90.576568	176.267073	222.149541
1618476215187	-48.825727	167.032193	256.417507
1618476215282	-67.100131	173.6694	336.309554
1618476215377	-44.229381	154.91293	360.352011
1618476215472	-112.733148	143.743262	254.05499
1618476215567	-96.560746	214.226425	250.668723
1618476215662	-77.901638	174.118363	165.60284
1618476215757	-57.923756	86.414128	356.407645
1618476215852	-94.614972	186.964611	273.889204
1618476215947	-73.852457	162.349083	154.520663
1618476216042	-101.900255	191.066369	203.986847
1618476216137	-145.876233	161.629987	196.098106
1618476216231	-89.057654	202.940116	261.173685
1618476216325	-108.881828	156.863888	314.671785
1618476216419	-42.290886	130.16757	119.05946
1618476216513	-92.58239	201.982019	266.192317
1618476216607	-111.016306	219.156655	319.782425
1618476216701	-125.681703	229.718259	274.374137
1618476216795	-97.333337	131.826861	264.625164
1618476216889	-25.73229	233.67965	159.268905
1618476216983	-59.746869	131.850966	233.23448
1618476217077	-110.073319	136.926319	213.211028
1618476217171	-35.733372	88.582884	191.406258
1618476217265	-118.307835	119.342982	188.059044
nan	nan	nan	nan
