1616035386744,0.149195
1616035386838,0.123659
1616035386932,-0.079719
1616035387026,-0.030565
1616035387120,0.021731
1616035387214,0.021251
1616035387308,0.073902
1616035387402,0.251372
1616035387496,0.072695
1616035387590,0.022334
1616035387684,0.047994
1616035387778,0.074737
1616035387872,0.074009
1616035387960,0.021127
1616035388054,0.073050
1616035388148,0.098958
1616035388242,0.048118
1616035388336,0.046911
1616035388430,0.047514
1616035388524,0.048597
1616035388618,0.045349
1616035388712,0.123659
1616035388806,-0.055621
1616035388900,-0.003929
1616035388994,0.099793
1616035389088,0.046307
1616035389180,-0.003326
1616035389275,0.072571
1616035389370,0.098479
1616035389465,-0.004533
1616035389560,-0.003450
1616035389655,-0.054414
1616035389750,0.022334
1616035389845,0.073298
1616035389940,0.097148
1616035390035,0.073050
1616035390130,-0.000805
1616035390225,-0.002970
1616035390320,0.023293
1616035390413,0.021731
1616035390509,-0.080802
1616035390605,-0.001284
1616035390701,0.021731
1616035390797,0.024252
1616035390893,-0.029234
1616035390989,-0.004053
1616035391085,0.073654
1616035391181,0.125098
1616035391277,0.049077
1616035391373,-0.002970
1616035391469,0.124139
1616035391565,0.148715
1616035391666,3.916039
1616035391759,-0.027068
1616035391852,-0.027192
1616035391945,0.071612
1616035392038,0.072819
1616035392131,0.046911
1616035392224,0.046911
1616035392317,-0.028630
1616035392410,0.046307
1616035392503,-0.002491
1616035392596,0.098479
1616035392689,0.022813
1616035392782,0.022334
1616035392869,0.224984
1616035392963,0.023772
1616035393057,0.097875
1616035393151,0.021127
1616035393245,-0.053455
1616035393339,0.254976
1616035393433,0.019689
1616035393527,0.124618
1616035393621,0.147757
1616035393715,0.123659
1616035393809,0.095478
1616035393903,0.099917
1616035393997,0.072571
1616035394087,0.097396
1616035394182,-4.229247
1616035394277,0.199804
1616035394372,0.046307
1616035394467,0.224736
1616035394562,0.174499
1616035394657,0.172209
1616035394752,0.273427
1616035394847,0.529687
1616035394942,0.350762
1616035395037,0.475226
1616035395132,0.882461
1616035395227,1.084615
1616035395322,1.544376
1616035395416,2.236193
1616035395510,2.342718
1616035395604,1.359707
1616035395698,-0.781380
1616035395792,-2.435980
1616035395886,-4.682029
1616035395980,-5.952160
1616035396074,-6.878321
1616035396168,-6.335339
1616035396262,-3.630777
1616035396356,-1.459417
1616035396450,-0.812282
1616035396540,-0.523228
1616035396635,-0.169603
1616035396730,-0.016090
1616035396825,-0.022786
1616035396920,0.117161
1616035397015,-0.044469
1616035397110,0.055665
1616035397205,0.087203
1616035397300,0.134439
1616035397395,0.315157
1616035397490,-0.014990
1616035397585,0.127462
1616035397680,0.020259
1616035397773,0.056732
1616035397867,0.097627
1616035397961,0.168374
1616035398055,0.086955
1616035398149,-0.094954
1616035398243,0.053623
1616035398337,0.078804
1616035398431,0.051830
1616035398525,-4.202617
1616035398619,0.100397
1616035398713,0.100397
1616035398807,0.049308
1616035398901,0.197886
1616035398994,-0.054538
1616035399088,-0.002615
1616035399182,-0.026712
1616035399276,0.049077
1616035399370,-0.053811
1616035399464,-0.054538
1616035399558,-0.103940
1616035399652,-0.027671
1616035399746,-0.028878
1616035399840,-0.028027
1616035399934,0.049556
1616035400028,0.047390
1616035400122,0.099562
1616035400210,-0.027192
1616035400304,-0.079595
1616035400398,0.020524
1616035400492,0.150402
1616035400586,0.073174
1616035400680,0.019209
1616035400774,0.022334
1616035400868,0.072571
1616035400962,0.049556
1616035401056,0.123783
1616035401150,-0.078636
1616035401244,0.049556
1616035401338,0.201011
1616035401430,0.098479
1616035401524,-0.028754
1616035401618,-0.001284
1616035401712,-0.000805
1616035401806,0.150526
1616035401900,0.022334
1616035401994,0.023417
1616035402088,-0.054538
1616035402182,0.070901
1616035402276,-0.002846
1616035402370,0.021731
1616035402464,-0.054894
1616035402558,-0.002970
1616035402650,-0.054414
1616035402744,0.073298
1616035402838,0.277031
1616035402932,-0.004053
1616035403026,-0.003218
1616035403120,0.073298
1616035403214,-0.028151
1616035403308,0.022334
1616035403402,-0.002846
1616035403496,0.073778
1616035403590,0.072091
1616035403684,-0.003202
1616035403778,-0.028754
1616035403867,0.073778
1616035403961,0.021731
1616035404055,0.021731
1616035404149,-0.002970
1616035404243,-0.002846
1616035404337,-0.002243
1616035404431,-0.079115
1616035404525,0.124139
1616035404619,-0.053811
1616035404713,-0.004409
1616035404807,-0.053811
1616035404901,-0.027547
1616035404995,-0.054414
1616035405088,0.073050
1616035405182,-0.001763
1616035405276,0.073050
1616035405370,-0.003450
1616035405464,0.048473
1616035405558,0.048953
1616035405652,-0.003574
1616035405746,-0.002970
