1618476731217,-0.060458
1618476731311,0.059915
1618476731405,-0.078793
1618476731499,-0.010902
1618476731593,-0.021468
1618476731687,-0.039803
1618476731780,-0.046007
1618476731874,-0.059298
1618476731968,-0.070546
1618476732062,0.016840
1618476732156,0.049626
1618476732250,-0.015264
1618476732344,0.028289
1618476732438,-0.059298
1618476732532,0.010636
1618476732626,-0.031757
1618476732720,-0.059298
1618476732814,-0.002655
1618476732908,-0.068704
1618476732998,-0.017106
1618476733092,-0.067544
1618476733186,0.007433
1618476733280,-0.092084
1618476733374,0.011117
1618476733468,0.054670
1618476733562,-0.005857
1618476733656,-0.061340
1618476733750,0.023248
1618476733844,-4.165156
1618476733938,0.026928
1618476734032,-0.059298
1618476734126,-0.028755
1618476734214,-0.012061
1618476734308,0.007433
1618476734402,-0.058138
1618476734496,-0.075791
1618476734590,0.021884
1618476734684,0.021884
1618476734778,-0.020308
1618476734872,-0.056296
1618476734966,0.007433
1618476735060,0.007433
1618476735154,-0.015264
1618476735248,0.026928
1618476735342,-0.005857
1618476735437,-0.020308
1618476735531,-0.131274
1618476735625,-0.183755
1618476735719,-0.128072
1618476735813,-0.131274
1618476735907,-0.001973
1618476736001,-0.041645
1618476736095,-0.000813
1618476736189,-0.023510
1618476736283,-0.012061
1618476736377,0.026928
1618476736471,0.026928
1618476736565,0.026928
1618476736654,-0.057456
1618476736748,-0.048049
1618476736842,-0.076951
1618476736936,-0.167061
1618476737030,0.012478
1618476737124,-0.058338
1618476737218,-0.010902
1618476737312,-0.005857
1618476737406,-0.014104
1618476737500,-0.095968
1618476737594,-0.033599
1618476737688,0.010435
1618476737782,-0.039803
1618476737873,-0.080835
1618476737967,-0.051051
1618476738061,-0.043005
1618476738155,-0.155813
1618476738249,-0.017106
1618476738343,-0.000813
1618476738437,-0.012061
1618476738531,-0.078793
1618476738625,0.050107
1618476738719,-0.026512
1618476738813,-0.031556
1618476738907,-0.026512
1618476739001,-0.186556
1618476739092,0.020724
1618476739186,-0.075590
1618476739280,-0.120985
1618476739374,0.053510
1618476739468,-0.131073
1618476739562,-0.088199
1618476739656,-0.008859
1618476739750,-0.137278
1618476739844,-0.015063
1618476739938,3.999642
1618476740032,-0.112538
1618476740126,-0.192760
1618476740220,-0.320778
1618476740310,-0.390712
1618476740404,-0.703991
1618476740498,-1.237363
1618476740592,-2.406142
1618476740686,-4.346761
1618476740780,-6.244195
1618476740874,-6.886377
1618476740968,-5.446430
1618476741062,0.319778
1618476741156,3.106858
1618476741250,1.456151
1618476741344,-0.030785
1618476741438,-5.637798
1618476741530,0.116756
1618476741625,0.291498
1618476741720,0.325855
1618476741815,0.668567
1618476741910,0.360599
1618476742005,-0.249552
1618476742100,0.007707
1618476742195,-0.012743
1618476742290,0.039548
1618476742385,-0.065232
1618476742480,-0.114992
1618476742575,-0.316954
1618476742670,-0.119354
1618476742769,-0.067548
1618476742862,-0.053776
1618476742955,-0.086561
1618476743048,-0.045529
1618476743141,0.010435
1618476743234,-0.084037
1618476743327,-0.083837
1618476743420,-0.074631
1618476743513,-0.010902
1618476743606,-0.160857
1618476743699,-0.041845
1618476743792,-0.099170
1618476743885,-0.081995
1618476743981,-0.084037
1618476744075,-0.084037
1618476744169,-0.153771
1618476744263,-0.076951
1618476744357,-0.073949
1618476744451,-0.018466
1618476744545,-0.082196
1618476744639,0.026928
1618476744733,-0.041645
1618476744827,-0.043687
1618476744921,0.004231
1618476745015,0.050786
1618476745109,-0.114299
1618476745207,-0.139520
1618476745301,-0.044847
1618476745395,-0.065702
1618476745489,-0.039803
1618476745583,-0.145725
1618476745677,-0.031757
1618476745771,-0.008378
1618476745865,-0.056296
1618476745959,-0.041645
1618476746053,4.046565
1618476746147,0.004231
1618476746241,0.037017
1618476746335,-0.053094
1618476746428,-0.051252
1618476746522,-0.100531
1618476746616,0.023726
1618476746710,0.004231
1618476746804,-0.005857
1618476746898,0.023726
1618476746992,-0.056296
1618476747086,-0.002655
1618476747180,-0.074431
1618476747274,-0.020308
1618476747368,-0.038643
1618476747462,-0.116823
1618476747556,-0.048049
1618476747646,0.013638
1618476747740,-0.064342
1618476747834,-0.041645
1618476747928,-0.078993
1618476748022,-0.021190
1618476748116,-0.026031
1618476748210,0.015680
1618476748304,-0.000813
1618476748398,0.031973
1618476748492,-0.061340
1618476748586,-0.000813
1618476748680,-0.095286
1618476748774,-0.028555
1618476748873,-0.092084
1618476748968,-0.028555
1618476749063,-0.056296
1618476749158,0.007433
1618476749253,-0.077633
1618476749348,-0.102372
1618476749443,-0.028555
