1610679237685,186.719680282,262.747808416,274.019617723
1610679237779,137.624968792,235.374774424,370.976589343
1610679237873,162.114225284,242.909929252,341.719770627
1610679237967,189.371038609,259.864019237,273.484466046
1610679238061,135.624974220,238.258563604,356.022498108
1610679238152,151.695263228,240.142348185,366.441437659
1610679238247,194.254824036,260.747806573,268.484466041
1610679238342,144.927698893,244.026138779,340.068406855
1610679238437,134.624983534,222.955838276,372.976589375
1610679238532,190.371045726,258.980232978,271.135829810
1610679238627,164.881776850,246.561287349,312.695375998
1610679238722,194.138613345,254.096443149,265.484466044
1610679238817,185.719669192,250.212654168,282.554769365
1610679238912,173.416949984,248.561292349,293.741284797
1610679239007,124.322236408,225.955833704,380.511740998
1610679239102,174.952095131,250.445078748,307.044012281
1610679239197,175.184508286,253.212652016,280.670981429
1610679239292,131.857405251,230.839625621,372.976589369
1610679239385,162.881790039,244.793714588,326.765679357
1610679239479,187.487253565,257.980231989,269.600678136
1610679239573,132.857410030,233.490990483,365.441437714
1610679239667,150.462851460,247.026138989,357.906286020
1610679239761,189.371035837,259.864018591,261.716890208
1610679239855,176.184536632,247.328870701,285.438557322
1610679239949,145.043906951,235.374774093,367.209013507
1610679240043,196.789980522,258.747807696,274.135829800
1610679240137,149.695283748,248.793716713,321.230527711
1610679240231,134.624983856,224.955838351,376.627953124
1610679240325,190.138620862,257.980232815,277.787193558
1610679240419,167.649355597,247.561288028,303.276436422
1610679240513,135.624969656,232.490986709,386.163104759
1610679240603,182.952101860,242.677504482,302.392648546
1610679240698,171.300741120,252.212656848,284.438557306
1610679240793,133.741195464,228.839626156,381.511741040
1610679240888,172.416937428,242.793713592,316.462951849
1610679240983,142.160116321,240.142349293,344.719770589
1610679241078,131.857382102,228.723408147,369.209013487
1610679241173,164.114207938,241.026137296,335.184618925
1610679241268,190.254808537,255.096439215,263.716890175
1610679241363,133.624974537,236.374775762,362.906286025
1610679241458,146.927710144,233.490989734,361.673861875
1610679241553,192.138609896,264.515381927,271.484466036
1610679241648,146.927699381,246.026138893,334.300831023
1610679241743,144.043903040,227.723409433,374.976589332
1610679241838,190.371030675,259.864017389,277.903405611
1610679241932,157.346643626,244.793715811,313.811588121
1610679242026,138.624982453,225.839625940,383.395528954
1610679242120,129.857383219,220.072044658,383.395528904
1610679242214,168.533149865,250.328865340,291.857496854
1610679242308,130.857406718,220.072050130,387.163104787
1610679242402,180.068319990,247.445081723,308.927800224
1610679242496,177.068310870,254.212655432,276.019617711
1610679242590,128.089807144,228.839620434,377.511740987
1610679242684,162.997995287,245.793712996,334.417043091
1610679242778,180.835881464,261.864017960,268.484466034
1610679242872,132.857413000,235.374779091,365.441437721
1610679242966,153.462836148,242.909923340,348.487346406
1610679243059,189.371053693,263.631598582,267.484466079
1610679243154,146.043911023,239.142350874,353.254922269
1610679243249,150.695285857,236.374777623,355.138710209
1610679243344,188.138616275,255.212655915,270.484466050
1610679243439,152.462851688,241.793714875,318.114315610
1610679243534,136.624982233,229.723413805,377.744165204
1610679243629,188.371038864,252.212655547,278.787193545
1610679243724,164.765576885,251.328866005,302.276436442
1610679243819,134.741196507,227.839626399,388.163104791
1610679243914,185.719655471,250.328863056,293.741284750
1610679244009,171.533159778,254.212655565,287.322345210
1610679244104,123.322245542,227.723411664,375.744165185
1610679244199,169.416942349,246.909926822,319.114315609
1610679244294,190.371026324,261.631592208,274.135829769
1610679244388,179.068318349,252.328869257,294.625072723
1610679244482,157.230436755,234.258565360,351.254922291
1610679244576,188.371034349,258.864018244,265.484466037
1610679244670,139.508742538,240.142346957,348.254922233
1610679244764,147.043916780,233.374776382,361.441437696
1610679244858,188.254823110,256.980230525,258.484466039
1610679244952,149.695282385,239.142352647,315.881891457
1610679245046,137.508751717,228.839621596,360.627953081
1610679245140,189.371039531,260.212655702,244.787193546
1610679245234,160.998005513,245.677503294,226.276436452
1610679245328,128.973611286,219.188260464,435.511741022
1610679245422,184.719683254,250.328869526,223.160224391
1610679245512,189.138622919,266.399172876,537.368253981
1610679245607,128.857406159,221.188262084,753.163104786
1610679245702,168.416948902,244.793716265,788.114315623
1610679245797,176.719682253,261.631596791,499.019617727
1610679245892,128.624967396,233.490986182,332.976589340
1610679245987,143.462839648,245.793712071,303.835982664
1610679246082,176.254828140,266.631595445,241.484466050
1610679246177,109.624960992,255.490984691,330.603558498
1610679246272,156.927692201,342.607197639,358.441437669
1610679246367,-51.977590561,537.399172551,261.484466061
1610679246462,96.811503477,225.026142661,326.649467309
1610679246557,-60.491232723,329.839625220,377.744165198
1610679246652,146.719680683,234.212656844,275.903405640
1610679246747,269.881797161,16.445079996,303.160224376
1610679246841,103.322259467,109.955839074,385.279316880
1610679246935,158.719658460,211.212651668,292.741284756
1610679247029,157.300742251,238.212657111,287.322345224
1610679247123,125.624990113,216.955839808,381.511741054
1610679247217,172.184515755,245.445077922,316.346739771
1610679247311,178.719688133,251.096446495,267.484466075
1610679247405,131.741186203,229.607199832,371.092801438
1610679247499,159.114224893,238.026141244,341.068406877
1610679247593,190.371029637,256.864017147,262.600678111
1610679247687,141.392551913,235.258564038,350.254922279
1610679247781,151.695275011,245.793714678,329.649467274
1610679247875,189.371034057,254.980230260,265.600678120
1610679247965,156.462872613,236.258568083,329.649467320
1610679248060,135.508771869,227.839626289,371.092801459
1610679248155,183.719679841,260.747808313,274.019617722
1610679248250,159.997992603,243.793712371,308.044012257
1610679248345,133.741170823,219.188256669,384.511740987
1610679248440,182.835881466,255.212654212,296.625072696
1610679248535,175.300726179,255.096441285,283.438557274
1610679248630,127.089805578,229.723407986,383.279316816
1610679248725,170.416943039,251.445078648,316.346739778
1610679248820,181.719656762,259.864015022,267.484466007
1610679248915,132.857392167,223.955834658,379.627953090
1610679249010,158.346647593,235.374777154,341.835982707
1610679249105,188.371046757,261.747809051,264.484466064
1610679249201,142.276341936,235.258564528,356.906286033
1610679249295,148.927715213,234.374778831,366.441437718
1610679249389,191.138616664,257.864019754,263.716890218
1610679249483,149.811491317,240.793715662,327.765679366
1610679249577,138.508748441,231.607196666,373.744165158
1610679249671,188.487236369,253.096440068,276.019617681
1610679249765,169.765569134,250.328864199,303.276436425
1610679249859,134.741194656,222.188262219,383.395528954
1610679249953,182.719667635,254.212653805,294.741284776
1610679250047,138.624967058,224.839622355,381.511741005
1610679250141,124.089830591,227.839625894,374.744165205
1610679250235,171.533146707,246.561288772,321.230527676
1610679250329,181.719663278,259.864016539,270.135829770
1610679250419,130.973614878,231.607200882,368.325225615
1610679250513,157.462864157,236.142354030,346.487346465
1610679250607,196.138593005,263.747802161,262.716890168
1610679250701,142.392553501,234.258564407,349.487346450
1610679250795,143.160128829,233.490988457,365.441437696
1610679250889,196.022405502,267.515383718,266.368253969
1610679250983,151.811502963,246.793718374,321.998103559
1610679251077,135.741183516,230.723411290,382.395528930
1610679251171,159.346644011,242.026140068,340.719770616
1610679251265,168.533146098,254.212652379,300.276436428
1610679251359,134.741193598,227.839625721,383.279316868
1610679251453,177.184514850,248.445077712,299.392648522
1610679251547,182.835880539,251.212653996,275.787193530
1610679251636,124.206034861,231.072048242,383.395528937
1610679251730,165.649363054,242.793713932,319.114315602
1610679251824,183.487239962,263.631592570,261.833102274
1610679251918,135.741187516,229.607200138,358.673861859
1610679252012,158.346634032,235.374773996,351.138710176
1610679252106,192.022395112,264.515381298,261.833102282
1610679252200,141.392536870,241.909924283,337.068406833
1610679252294,175.952088690,254.212653080,300.392648518
1610679252388,186.371027339,253.212652863,266.484466022
1610679252482,157.230425782,243.793714470,314.695376025
1610679252576,134.624985046,221.955838628,380.511741043
1610679252670,189.254813128,257.980228200,290.089921013
1610679252764,173.533156578,251.212654820,291.973708952
1610679252855,129.973598558,224.839621248,381.395528911
1610679252949,173.300730850,250.445078624,309.811588112
1610679253043,185.719674043,254.980231130,281.670981459
1610679253137,129.857388688,229.955833848,369.092801418
1610679253231,158.114229691,244.793718195,331.417043139
1610679253325,194.254813315,268.399167825,264.716890185
1610679253419,191.371037328,261.747806854,267.368253960
1610679253513,151.695266639,233.374773147,357.906286001
1610679253607,196.022385866,258.864015396,264.484466011
1610679253701,149.695275049,239.142350938,334.417043106
1610679253795,140.508768611,228.723413447,371.092801452
1610679253889,192.138609179,255.096442178,269.135829784
1610679253983,161.998013365,245.561293039,305.927800217
1610679254073,128.973600501,223.955833785,377.627953082
1610679254167,178.068301821,253.212653324,296.625072688
1610679254261,174.300742831,259.980233079,284.438557309
1610679254355,137.624979774,227.839625316,383.279316865
1610679254449,175.416932333,244.793712406,320.230527671
1610679254543,179.952090224,252.212653437,276.903405609
1610679254637,134.857403683,232.490989005,369.092801450
1610679254731,162.114210338,239.142349938,340.835982679
1610679254825,187.371016138,259.864014003,270.368253914
1610679254919,147.043924367,237.142353981,346.371134381
1610679255013,148.043915654,235.374776119,357.790073944
1610679255107,193.138614087,255.212655405,266.368253962
