1610678764812	154.057575	138.577657	376.315606
1610678764906	153.37265	142.203365	371.925474
1610678765000	199.896326	138.306878	356.179272
1610678765094	186.123922	178.819144	372.997921
1610678765188	153.545342	121.32467	401.120613
1610678765282	145.868455	146.643676	360.60703
1610678765376	191.112944	150.034731	382.135975
1610678765470	182.501748	155.328094	325.602288
1610678765564	151.758007	144.048272	326.715539
1610678765658	147.476601	172.529819	361.991221
1610678765752	162.012083	175.918575	330.638365
1610678765846	172.126961	163.23116	332.427538
1610678765940	138.230663	171.35646	370.618301
1610678766031	156.522534	152.792747	337.418648
1610678766125	184.937036	152.208478	345.231377
1610678766219	167.000148	141.406047	330.808428
1610678766313	140.251543	147.650255	377.87213
1610678766407	150.321913	145.796684	333.438063
1610678766501	165.378451	175.077092	392.900951
1610678766595	176.636216	166.648622	396.568298
1610678766689	161.822343	153.221029	361.375073
1610678766783	169.335628	157.02387	419.552606
1610678766877	164.736446	169.762278	356.272594
1610678766971	132.024373	145.322672	358.263095
1610678767065	145.561424	154.724062	383.0732
1610678767159	126.383559	192.769516	350.182283
1610678767248	190.666618	164.327222	326.516821
1610678767342	200.069918	169.176402	330.300238
1610678767436	154.157698	104.789803	388.349978
1610678767530	167.974716	191.337202	373.723712
1610678767624	160.668336	158.753995	365.577187
1610678767718	169.540237	151.835535	354.825964
1610678767812	189.937434	151.21648	385.663815
1610678767906	173.136618	158.294488	327.784623
1610678768000	190.619937	171.518286	346.147388
1610678768094	165.269381	114.238323	320.585721
1610678768188	120.720403	179.070918	368.76614
1610678768282	148.912638	147.652149	372.59727
1610678768376	158.036243	144.056353	336.592705
1610678768467	113.486589	151.444209	385.915894
1610678768561	166.268113	203.172518	363.12647
1610678768655	179.17058	148.117315	382.275112
1610678768749	107.579588	154.750958	341.036517
1610678768843	133.024429	131.896629	416.078357
1610678768937	133.094194	121.350387	346.489644
1610678769031	160.038334	170.333585	349.720003
1610678769125	184.198325	125.620018	384.692354
1610678769219	157.865174	149.101538	350.33043
1610678769313	174.367266	154.775681	402.296458
1610678769407	167.249354	175.522734	373.667226
1610678769501	169.283516	145.237667	366.012435
1610678769595	167.517097	159.822507	365.540026
1610678769687	157.274521	149.978625	326.400798
1610678769781	167.997421	156.804601	366.167937
1610678769875	202.322356	162.292012	346.579562
1610678769969	231.164049	145.454838	376.055021
1610678770063	225.829159	148.895028	317.370753
1610678770157	274.03347	101.002479	414.52641
1610678770251	481.983267	198.3942	350.610834
1610678770345	177.22875	418.400184	324.923922
1610678770439	150.167344	75.988912	420.112455
1610678770533	58.809579	273.055979	312.069031
1610678770627	100.07583	202.305108	329.913324
1610678770721	200.566871	170.237285	340.637427
1610678770815	210.01845	314.16719	307.010822
1610678770904	213.410589	465.295798	273.335663
1610678770998	85.557656	417.544502	315.555008
1610678771092	32.95921	234.515252	389.336834
1610678771186	109.208789	117.24954	398.631845
1610678771280	120.772665	121.599553	393.229615
1610678771374	146.122273	59.08658	332.902557
1610678771468	128.770637	115.429095	351.906494
1610678771562	158.267706	151.859148	156.597598
1610678771656	183.712976	135.822619	7.491902
1610678771750	174.285282	135.769472	43.383532
1610678771844	128.197184	143.620916	336.824649
1610678771938	165.540035	148.812897	293.306763
1610678772032	221.860122	173.93338	522.750278
1610678772125	130.605952	173.837384	535.98523
1610678772219	164.882516	131.425962	415.632495
1610678772313	185.829077	99.892149	384.707574
1610678772407	181.984041	143.879304	304.559574
1610678772501	133.664383	149.344104	259.924493
1610678772595	165.931853	148.346024	335.341655
1610678772689	178.197269	131.325377	278.132147
1610678772783	136.969651	139.22148	284.485274
1610678772877	169.971618	152.815037	308.516056
1610678772971	164.450528	204.533188	361.953445
1610678773065	179.10843	115.008148	372.271917
1610678773159	143.098473	205.115772	419.943989
1610678773253	206.51435	130.356797	382.204419
1610678773346	141.004177	208.397505	377.5222
1610678773440	204.212243	151.854722	385.268347
1610678773534	191.875896	187.491207	305.664476
1610678773628	203.601032	129.966163	338.030124
1610678773722	143.19913	143.055987	365.571938
1610678773816	181.527642	121.297426	337.461869
1610678773910	147.284421	153.368798	409.751784
1610678774004	178.318362	149.066982	337.145308
1610678774098	151.654016	106.077983	398.924825
1610678774192	129.093365	158.144435	383.333429
1610678774286	210.551636	155.673251	379.895586
1610678774380	154.056606	149.113177	361.557231
1610678774474	145.764729	168.290604	353.085135
1610678774562	151.870765	193.778342	382.097853
1610678774657	147.146752	169.106548	326.061097
1610678774752	169.708787	131.538	392.682485
1610678774847	183.02132	187.356864	394.246259
1610678774942	145.814325	149.908107	365.051987
1610678775037	144.84009	105.345618	415.212284
1610678775132	139.43209	179.982052	368.352957
1610678775227	168.993861	131.560169	336.876196
1610678775322	188.883558	121.157002	339.409732
1610678775417	192.2106	176.246351	345.379592
1610678775512	146.29331	198.269566	346.15995
1610678775607	174.352717	131.029907	415.269789
1610678775702	161.839296	132.328277	337.189904
1610678775796	135.786551	160.427865	366.178112
1610678775890	129.067654	154.16362	349.366028
1610678775984	155.951022	145.078615	360.231954
1610678776078	148.032094	154.947019	360.785581
1610678776172	171.738103	151.426958	351.608944
1610678776266	153.850001	143.762255	353.277978
1610678776360	160.689578	161.328554	400.961928
1610678776454	148.122385	136.918694	351.243182
1610678776548	143.86225	145.512599	350.264666
1610678776642	144.842181	151.889726	374.247701
1610678776736	149.733731	161.170886	386.64649
1610678776830	149.936661	164.219574	330.200134
1610678776924	213.653034	166.17693	336.559201
1610678777015	132.616784	169.440786	345.761961
1610678777109	183.484996	158.16246	379.718194
1610678777203	169.963789	123.407826	349.742343
1610678777297	186.464536	162.278574	389.43678
1610678777391	163.424092	120.532241	364.82954
1610678777485	152.491532	137.723241	344.065668
1610678777579	204.995937	148.010807	376.182906
1610678777673	142.777773	185.983371	326.753104
1610678777767	143.46831	122.40548	331.385664
1610678777861	182.672721	166.99786	363.630989
1610678777955	115.568407	181.96713	385.402233
1610678778049	176.776967	183.875921	369.00155
1610678778143	170.5085	131.079057	345.972338
1610678778234	179.449748	183.757302	385.153716
1610678778329	199.76879	175.870166	368.933399
1610678778424	152.224793	142.110225	372.331792
1610678778519	168.848376	149.205312	396.750045
1610678778614	185.738197	140.280389	347.836842
1610678778709	196.94096	199.635896	330.969837
1610678778804	185.95702	157.964043	377.824779
1610678778899	189.568469	150.708489	394.065965
1610678778994	171.335224	140.717747	376.664019
1610678779089	190.169212	168.356433	434.141795
1610678779184	173.014176	202.906122	368.715804
1610678779279	161.559725	153.595876	376.527677
1610678779374	168.049012	150.082448	396.010055
1610678779471	202.563415	140.144198	375.367764
1610678779565	189.610864	130.54766	348.764915
1610678779659	148.98374	129.213054	382.761367
1610678779753	170.007844	108.109194	373.84126
1610678779847	154.320852	122.457941	396.609807
1610678779941	175.868973	158.494857	339.46355
1610678780035	155.566288	130.684563	352.064736
1610678780129	138.166593	114.943836	310.934957
1610678780223	140.974401	185.095995	320.509704
1610678780317	152.947729	126.339726	375.456134
1610678780411	154.589145	173.257311	347.525065
1610678780505	166.579355	147.591178	365.273297
1610678780599	169.711637	164.289423	422.472095
1610678780688	189.15542	123.053033	360.473286
nan	nan	nan	nan
