1610679316738,-4.674940684,129.840040509,535.358309278
1610679316832,110.200913412,155.779749705,521.241315122
1610679316926,380.715021888,321.535022246,222.787512467
1610679317020,50.910150002,155.779749632,484.184575999
1610679317109,38.793132067,114.311676847,576.826372665
1610679317203,365.892331504,324.535021956,258.138520139
1610679317297,-45.437340993,97.488986238,593.354780774
1610679317391,-17.791959201,91.077640782,600.766124054
1610679317485,339.952622292,293.889640283,288.489590064
1610679317579,188.020040519,238.010222310,339.663355025
1610679317673,-41.731667794,85.371967798,613.588772380
1610679317767,287.073204185,259.538585801,343.074682001
1610679317861,262.133495212,277.066949363,282.372566097
1610679317955,-42.731667936,77.254949717,600.766094829
1610679318049,227.782440592,229.187531344,405.365450851
1610679318143,314.012913340,314.123676554,247.021508496
1610679318237,-34.320322279,99.194658640,575.826365643
1610679318328,148.963313669,181.013785843,479.478884689
1610679318422,58.321495699,126.134367715,544.180988383
1610679318516,9.147749969,145.662731527,510.124294519
1610679318610,70.438513440,143.957058844,532.358337045
1610679318704,365.892331247,324.535022105,228.198835176
1610679318798,76.849859193,184.719458596,446.833508040
1610679318892,21.264768313,103.900331491,586.943404763
1610679318986,363.186658676,316.123676576,258.138530178
1610679319080,149.963313668,210.364840333,377.425721323
1610679319174,-25.908977440,86.371968105,613.883149273
1610679319268,329.835603927,281.772622237,303.312299870
1610679319362,208.254076696,258.832913281,324.135005471
1610679319456,-51.848685859,82.666295020,608.177417798
1610679319547,316.012913221,278.066949412,327.546319445
1610679319641,288.073204046,299.595313092,257.138549704
1610679319735,-36.025995320,91.077640662,604.471777356
1610679319829,197.431386129,204.953495002,436.010830092
1610679319923,338.952622340,310.418003861,231.198822072
1610679320017,-15.791958636,114.017349503,547.180980340
1610679320111,135.140622412,169.896767895,498.712955889
1610679320205,375.009349111,332.652040442,228.493190490
1610679320299,24.970441169,150.368404066,497.007246857
1610679320393,54.615822813,129.840040532,559.003694701
1610679320487,376.009349313,314.123676719,237.610189700
1610679320581,100.789568432,193.836476648,436.716471968
1610679320675,369.598004273,329.240694650,217.081788479
1610679320765,356.775313362,299.595312896,265.549863589
1610679320859,166.786004307,228.187531360,354.191707989
1610679320953,-36.025994943,90.077640444,623.000105698
1610679321047,301.895894734,263.244258716,320.135004325
1610679321141,256.722149785,277.066949354,301.606601035
1610679321235,-52.848686282,72.254949823,595.354766515
1610679321329,243.605131710,244.010222092,378.425719852
1610679321423,315.012913106,303.300985805,246.021530342
1610679321517,-36.025995133,100.900331438,577.532050798
1610679321611,176.903022214,197.542149739,456.244895425
1610679321705,337.246949651,323.535022006,227.493146349
1610679321799,199.137058916,249.421567616,326.546314991
1610679321893,108.200913904,148.368403978,516.535596364
1610679321988,377.009349174,323.535022242,223.787511828
1610679322082,49.204477057,152.074077040,481.184596989
1610679322176,39.793131560,121.723022583,579.532092895
1610679322270,377.009349317,316.123676717,223.787498451
1610679322364,119.317931627,202.953495049,409.071128646
1610679322458,-7.380613113,92.783313129,601.766063579
1610679322552,341.952622048,292.889640424,291.489612861
1610679322646,195.431385818,249.421567835,338.663368484
1610679322740,-39.731667997,87.371967915,612.883118649
1610679322834,299.190222727,270.655603745,344.074646593
1610679322928,-0.969267845,128.840040441,527.652625496
1610679323022,-46.437340670,84.371967888,609.177441465
1610679323116,224.782440654,226.187531308,410.776790476
1610679323213,321.424258289,316.123676840,234.904536428
1610679323307,-38.025995485,107.606004363,579.532083786
1610679323401,162.080331831,185.425131286,478.478884818
1610679323495,351.069640713,323.535021902,221.081784228
1610679323589,9.147750224,131.840040495,508.124270684
1610679323683,97.378222595,138.251386061,531.063999710
1610679323777,374.303677040,328.240694623,224.787456924
1610679323871,69.438513808,171.308113121,444.127830060
1610679323965,35.381786690,103.900331367,589.649057483
1610679324059,-38.025995184,96.488986026,616.588782807
1610679324153,136.140622322,216.070513322,379.425764546
1610679324247,-23.203304139,92.077640490,607.177422276
1610679324341,328.835603724,293.889640518,297.489627947
1610679324430,213.959749497,248.421567792,332.252016129
1610679324525,-43.731667941,95.783313326,615.588786208
1610679324620,266.544840395,247.421567745,365.603062926
1610679324715,282.367531196,284.772622282,277.666925408
1610679324810,-56.554358939,88.077640670,588.943415027
1610679324905,211.254077109,218.070513110,426.599475708
1610679325000,337.246949887,325.535021869,223.787451543
1610679325095,-15.791959165,121.428695251,560.298048064
1610679325190,199.137059034,204.953494896,437.010812905
1610679325285,366.892330945,314.123676838,221.081845256
1610679325380,33.381786683,150.368404024,497.301567427
1610679325475,63.027167757,131.840040821,555.886723212
1610679325570,379.009349709,327.240694653,228.081789078
1610679325666,88.966877233,183.425131388,445.188137876
1610679325760,5.442077551,102.900331420,621.354738772
1610679325854,349.363967612,315.123676680,327.549892481
1610679325948,170.491677461,225.481858388,222.603012888
1610679326042,-18.497631724,87.371967947,636.883123713
1610679326136,319.012912992,287.478294987,-41.570677290
1610679326230,243.193786222,263.244258446,-142.393402921
1610679326324,372.892330880,306.006658712,-77.567094173
1610679326418,264.016476928,233.598876780,221.131413589
1610679326512,323.601567661,293.183967644,256.021530669
1610679326606,-2.731668390,112.194659028,624.943446437
1610679326700,272.137058983,245.836476762,470.833508545
1610679326794,523.658295356,448.535021853,238.904467120
1610679326882,157.208041065,339.134367839,546.475335636
1610679326977,130.612258949,93.485422371,515.829960801
1610679327072,487.892331419,50.240694726,217.376128159
1610679327167,199.204477053,100.779749764,474.361906478
1610679327262,-30.912541151,-27.159959260,574.826419176
1610679327357,434.715022491,274.535021897,247.021492345
1610679327452,354.129931135,296.123676767,243.315870190
1610679327547,10.325059129,81.077640686,599.060435688
1610679327642,356.363967464,296.300985882,281.372597156
1610679327737,194.020040709,225.893204037,338.663337275
1610679327832,-34.025995362,84.371967965,612.883126729
1610679327927,298.484549617,266.949931249,339.663337497
1610679328022,265.133495027,278.066949470,290.489601540
1610679328118,-50.848686529,94.783313572,610.177480517
1610679328212,232.782440279,217.776186083,401.659807347
1610679328306,315.012913344,309.418003831,233.904489901
1610679328400,-42.731668084,104.900331571,568.415054190
1610679328494,158.374658947,185.425131380,476.773227336
1610679328588,121.317931674,200.953495021,401.365451452
1610679328682,9.147750282,127.840040461,522.535610651
1610679328776,95.672549663,136.251386183,532.358346749
1610679328870,367.892331589,326.535021907,224.787457763
1610679328964,63.732840620,174.308113391,444.127873676
1610679329058,19.559095371,110.311677061,584.237752743
1610679329152,366.892330968,322.535022267,243.021552143
1610679329246,144.551968149,217.776185820,384.837074020
1610679329335,-18.791959150,86.371968032,610.177464751
1610679329430,336.246949101,276.066949671,290.489634053
1610679329525,213.665422626,265.244258440,328.546305173
1610679329620,-47.437340791,72.254949794,612.883125462
1610679329715,-44.437340596,95.488986008,577.532052757
1610679329810,277.956186182,291.889640197,262.844194424
1610679329905,-45.437341080,95.488986289,589.649116253
1610679330000,201.842731614,213.364840419,424.893807895
1610679330095,335.246949610,314.123676587,241.315841049
1610679330190,-20.497631485,115.017349576,540.475319573
1610679330285,135.140622403,159.485422459,507.712956785
1610679330380,360.186658600,335.652040225,205.964791897
1610679330475,31.381786384,149.368404197,495.007268097
1610679330570,54.321495532,126.134367812,544.181004000
1610679330664,373.303677149,324.535021839,233.904464849
1610679330758,99.083895190,193.836476950,421.893829877
1610679330852,36.087459371,119.723022275,565.709352192
1610679330946,351.069640396,307.006658481,276.666904741
1610679331040,180.608694881,232.598876981,363.603082442
1610679331134,-36.320322213,71.254949555,612.883086709
1610679331228,306.601568262,267.949930970,317.429256108
1610679331322,243.605131526,265.244258526,293.195264543
1610679331416,-49.143013550,88.077640701,608.177456321
1610679331510,249.016476877,233.598876810,384.131418366
1610679331604,309.601567767,302.300985746,243.021520721
1610679331698,-41.731668186,91.077640746,571.826409194
1610679331791,163.786004147,201.247822404,457.244886380
1610679331886,354.775312621,321.829349652,223.493205747
1610679331981,259.427822173,235.304549616,375.720086602
1610679332076,94.378222822,144.368404093,510.829942103
1610679332171,377.009349602,320.535021994,213.376126333
1610679332266,50.910149873,162.191095148,465.656224480
1610679332361,24.970440856,119.723022478,578.532075964
1610679332456,362.186658473,308.712331251,245.021530979
1610679332551,125.023604421,208.659167728,393.248430923
1610679332646,-26.908977327,84.371968040,609.471793256
1610679332741,326.835604448,292.183967377,290.489560177
1610679332836,217.665422800,251.421567455,314.429270751
1610679332931,-56.848686071,84.371967864,625.000128539
1610679333023,276.956185936,255.832913129,353.486035473
1610679333117,373.303676208,325.240695105,237.610225611
1610679333211,-40.731667960,86.077640615,602.766097015
1610679333305,195.431386113,203.953495011,428.599486146
1610679333399,334.246949454,307.006658514,247.021528394
1610679333493,-33.320322441,101.900331455,554.592344470
1610679333587,129.434950395,168.896767488,500.712890058
1610679333681,357.480985578,333.652040400,208.964820071
1610679333775,24.970440541,146.368404429,509.124323810
1610679333869,58.321495194,125.134368008,551.592381128
1610679333963,363.186658740,321.535021981,224.493142376
1610679334057,84.966876944,192.130804277,435.010855808
1610679334151,-3.674941069,101.194658963,591.649108793
1610679334241,282.661858806,298.595312975,273.666894381
1610679334336,174.197349477,221.481858796,357.191733398
1610679334431,-39.025994987,86.371967748,615.588764320
1610679334526,290.484549363,272.949931396,317.134997667
1610679334621,240.899458556,268.949931391,290.489615092
1610679334716,-50.143013782,81.666295393,608.177478049
