1610679524849	141.085902	116.294125	355.35858
1610679524943	149.533041	126.454073	368.523409
1610679525037	188.776559	191.327112	290.58797
1610679525131	178.472234	113.209911	372.911601
1610679525225	163.621922	204.361687	362.868712
1610679525315	142.403977	120.802068	358.650957
1610679525410	162.7495	107.629181	361.590902
1610679525505	180.785423	95.973269	332.327413
1610679525600	142.187373	78.861603	292.634837
1610679525695	151.358909	213.262975	358.415883
1610679525790	186.021305	165.491516	365.212745
1610679525885	162.158461	169.966955	370.515949
1610679525980	161.217071	162.442534	302.215177
1610679526075	160.990607	83.493332	336.080429
1610679526170	164.772537	177.394015	371.208391
1610679526265	163.524223	154.884864	321.184492
1610679526360	125.803966	143.476112	342.721629
1610679526455	168.574421	132.213167	373.862024
1610679526549	175.354887	164.646827	453.991501
1610679526644	180.860974	107.559886	338.912711
1610679526739	151.365809	213.058345	372.16673
1610679526834	140.312718	161.126873	358.178922
1610679526929	172.538332	128.266507	348.182098
1610679527024	142.186241	160.082806	381.123053
1610679527119	149.525341	187.834981	336.853451
1610679527214	160.128328	128.954554	359.697864
1610679527309	132.785716	73.068286	362.754818
1610679527404	160.551112	165.831351	333.108968
1610679527499	162.555645	130.639556	315.79584
1610679527594	155.966314	163.283453	365.112401
1610679527689	172.41015	159.340893	418.189201
1610679527785	182.666339	197.920068	364.122422
1610679527879	174.071188	169.288815	316.644507
1610679527973	182.850418	113.004474	331.924788
1610679528067	174.922599	141.541081	312.681694
1610679528161	154.542339	101.405166	384.573362
1610679528255	169.1415	146.812204	334.520366
1610679528349	174.276383	172.72296	382.798829
1610679528443	168.779951	96.066467	351.968884
1610679528537	163.532606	143.045637	382.083998
1610679528631	159.855534	158.776872	366.582956
1610679528725	163.984565	143.629925	375.454107
1610679528819	178.565138	106.789314	362.790684
1610679528913	162.666963	149.659366	358.600361
1610679529002	176.180357	145.62726	321.979433
1610679529096	149.63969	146.819416	377.162928
1610679529190	138.30576	187.056911	343.586674
1610679529284	151.955997	199.044438	301.331695
1610679529378	141.451743	208.08542	386.614226
1610679529472	165.694799	169.339313	351.029414
1610679529566	156.960083	181.931201	354.505122
1610679529660	158.908923	116.619439	306.111853
1610679529754	151.829999	156.945928	289.445871
1610679529848	159.663793	154.643068	411.921917
1610679529942	139.921879	189.973485	325.775589
1610679530036	202.848958	164.31412	403.249731
1610679530130	160.193231	244.778014	356.472413
1610679530222	169.639401	139.543533	371.492352
1610679530317	140.384526	125.873806	344.773862
1610679530412	184.759216	148.59342	346.110113
1610679530507	147.73674	129.853296	370.716019
1610679530602	157.750091	215.706609	355.919014
1610679530697	186.040875	104.867068	273.699242
1610679530792	140.587737	130.085279	381.729116
1610679530887	177.892415	171.380786	365.559752
1610679530982	179.90448	175.5386	365.610059
1610679531077	145.142293	148.120051	369.658887
1610679531172	173.84498	221.031852	360.294725
1610679531267	165.338607	170.069754	384.492884
1610679531362	179.719534	100.949895	346.667229
1610679531455	206.877561	84.621926	387.428932
1610679531550	191.964952	140.535107	345.747092
1610679531645	160.321034	139.048447	384.226529
1610679531740	171.641266	159.309501	382.306258
1610679531835	176.108953	115.294006	332.522996
1610679531930	138.61677	119.647168	324.927884
1610679532025	135.144425	165.104071	348.848288
1610679532120	163.806067	158.441122	392.059263
1610679532215	129.605326	148.678985	373.103555
1610679532310	132.701462	39.731021	329.28968
1610679532405	183.776367	17.762404	415.957725
1610679532500	222.702952	116.067262	425.033285
1610679532595	204.608142	-16.71114	392.836203
1610679532690	-7.868941	-56.540884	374.813549
1610679532784	109.435654	-451.261436	483.482087
1610679532878	159.691564	-189.751878	415.211177
1610679532972	203.460097	-20.468352	367.654794
1610679533066	12.191042	613.867544	190.198286
1610679533160	26.297537	-123.110928	453.511462
1610679533254	154.191323	237.786804	359.184534
1610679533348	120.287511	312.641146	298.706097
1610679533442	136.319362	182.551086	303.991079
1610679533536	120.601384	216.225633	391.258689
1610679533630	138.641183	153.907728	323.309355
1610679533724	146.144985	170.506347	334.224035
1610679533818	140.085619	216.568411	246.93231
1610679533909	163.347905	165.781598	379.62838
1610679534003	137.782777	167.559604	557.353997
1610679534097	151.075847	126.288699	771.196648
1610679534191	138.690309	165.690964	758.75221
1610679534285	167.303425	154.243378	599.338056
1610679534379	170.292136	178.580397	647.510399
1610679534473	151.991587	203.012705	760.244234
1610679534567	152.935421	161.043839	295.862525
1610679534661	149.265874	157.931709	214.552406
1610679534755	146.605754	114.589179	416.787291
1610679534849	171.610899	169.619809	270.516511
1610679534943	174.973838	160.886866	213.229332
1610679535037	175.618359	148.395574	442.25271
1610679535129	144.387283	138.931979	348.043041
1610679535223	153.047545	200.85348	294.302071
1610679535317	179.697059	104.949754	375.929827
1610679535411	159.317228	148.229941	321.926842
1610679535505	170.198027	129.19209	359.472253
1610679535599	167.474472	182.178748	352.454264
1610679535693	146.125108	158.332481	382.148462
1610679535787	157.677593	177.920233	358.820405
1610679535881	148.85708	182.525493	402.50612
1610679535975	159.526336	221.525964	420.80927
1610679536069	187.836796	158.289698	372.552018
1610679536163	175.670778	141.364903	386.242862
1610679536257	147.813234	107.332605	332.535114
1610679536347	147.875834	167.535343	356.21553
1610679536441	155.758538	166.062361	348.508188
1610679536535	177.857023	141.087824	380.356877
1610679536629	169.674464	203.747754	350.445657
1610679536723	193.683035	115.96535	367.672123
1610679536817	147.468217	165.52803	369.205451
1610679536911	173.199998	103.505327	364.805587
1610679537005	127.793023	160.151078	370.739759
1610679537099	136.882687	147.082377	340.065206
1610679537193	168.75471	139.187757	423.185785
1610679537287	145.538942	175.22923	337.537125
1610679537381	146.417903	158.153218	357.738518
1610679537475	136.407104	159.563588	329.473076
1610679537564	131.538046	171.275741	318.887321
1610679537658	131.415337	163.790438	373.540999
1610679537752	155.164475	140.031429	319.968012
1610679537846	187.894677	141.18294	330.251691
1610679537940	133.510867	198.164867	356.897377
1610679538034	182.166168	123.571491	354.248663
1610679538128	148.961751	184.233592	336.395965
1610679538222	144.772509	166.561253	370.428836
1610679538316	158.648794	142.181882	372.67526
1610679538410	166.385732	135.805834	347.116657
1610679538504	147.380208	169.636672	307.823921
1610679538598	131.735002	127.820039	339.820687
1610679538692	154.645926	130.63445	395.130889
1610679538783	159.775268	148.793632	383.87329
1610679538877	187.55651	191.951162	346.398231
1610679538971	137.983926	197.634024	373.729166
1610679539065	171.771217	115.586004	337.410315
1610679539159	191.260842	143.990372	363.67744
1610679539253	167.945041	146.148207	322.659614
1610679539347	150.095902	158.817368	305.153159
1610679539441	154.66672	140.264881	379.517026
1610679539535	145.680206	135.452585	336.81159
1610679539629	156.478815	187.526061	360.428103
1610679539723	144.916852	181.998908	277.233988
1610679539817	161.357676	190.13785	339.206854
1610679539911	177.875376	135.211077	321.873003
1610679540008	145.764582	167.480266	362.463864
1610679540101	165.805799	137.590247	372.651928
1610679540194	159.661008	154.281774	390.89452
1610679540287	123.137374	191.976818	311.92971
1610679540380	149.268159	152.7953	386.890693
1610679540473	168.332661	148.387882	383.23635
1610679540566	152.84781	146.404182	334.972569
1610679540659	146.264963	164.347405	368.06492
1610679540752	132.896828	158.608521	376.364557
1610679540845	159.493094	160.201348	293.931808
1610679540938	155.073198	150.069067	327.869037
1610679541031	175.330365	112.246321	330.790215
1610679541124	170.421766	132.18454	384.852463
1610679541221	140.203596	148.46918	361.506763
1610679541315	154.906592	110.762995	382.393228
1610679541409	172.084509	153.527453	321.649073
1610679541503	155.276488	155.043316	384.892381
