1610679369641,-51.701784642,54.739865772,662.122666682
1610679369735,443.607734143,369.069214314,187.871356457
1610679369829,388.462245870,311.923700168,250.045957769
1610679369923,-113.361846928,34.681676336,693.209967480
1610679370017,421.549527040,324.952820029,263.075058165
1610679370111,217.511179073,267.807312417,275.104158349
1610679370205,-164.992783488,28.167111651,710.753617716
1610679370299,333.316718500,258.778225291,345.793309991
1610679370393,327.802173936,325.952821130,197.900456757
1610679370487,-157.478242986,29.167121308,684.180867204
1610679370581,227.540274032,213.661816536,443.055212054
1610679370675,405.005877570,367.069220086,144.269505677
1610679370769,-102.332717911,64.768948137,634.549915946
1610679370860,107.220169265,139.972667178,527.773463843
1610679370956,421.549523569,369.069224461,154.784055831
1610679371052,-47.187233066,113.399915608,546.317114189
1610679371148,8.958279762,92.341703437,610.491715512
1610679371244,476.695035773,368.069213389,145.269505623
1610679371340,42.045568263,175.059967470,434.026111832
1610679371436,-82.274533254,54.739863786,716.782717965
1610679371532,429.578632880,336.981914638,208.929556938
1610679371628,176.394771492,235.720018374,339.278759821
1610679371724,-139.934568438,10.623446654,713.268167715
1610679371820,390.976785709,286.350959902,285.133258562
1610679371916,289.200339372,298.894604324,245.531407687
1610679372012,-158.478228202,21.652556342,709.753617674
1610679372111,128.278368753,248.749120412,363.336960308
1610679372343,366.404025046,348.011021318,174.842256282
1610679372575,-141.934577410,50.225306492,663.637216725
1610679372807,177.909312889,177.059975834,488.171613081
1610679373039,430.578641825,380.098306598,140.754955448
1610679373271,-87.789093259,82.312624306,594.948065329
1610679373503,62.103776339,127.429008770,588.433515077
1610679373735,486.724120977,379.098328724,129.725855391
1610679373967,-9.585361440,131.943545071,506.715263193
1610679374199,-31.643566343,75.798048340,665.637216654
1610679374431,465.665927141,378.098322058,160.298605928
1610679374663,107.220167744,201.632720006,392.424261021
1610679374895,-138.420015228,76.798044966,642.579016154
1610679375123,265.064085511,131.981911876,219.473207270
1610679375217,209.511174951,256.263666203,299.162358855
1610679375311,-153.449128261,22.652556638,718.782717912
1610679375405,334.345822759,291.350971842,309.191459131
1610679375499,297.773076777,323.923717803,217.958657204
1610679375593,-220.478240760,90.652568955,699.724517540
1610679375687,99.083918827,219.205472474,412.482461508
1610679375781,439.520422422,546.583775494,158.298605957
1610679375875,-307.934587675,43.739866921,665.637216809
1610679375969,27.851121594,131.030866380,528.773463833
1610679376063,502.636831842,243.098317100,129.725855297
1610679376157,-109.847285782,-100.832884859,711.268167863
1610679376251,9.531019061,64.370815015,615.006265722
1610679376343,463.695036805,366.098312589,133.240405378
1610679376437,21.016461007,137.972673812,485.657062952
1610679376531,-57.701784500,54.739865630,667.637216799
1610679376625,455.151394815,356.040103715,169.327706019
1610679376719,118.763831588,215.661806693,386.395160674
1610679376813,-118.876373372,19.652552321,722.782717877
1610679376907,405.005879799,325.952816902,259.560508021
1610679377001,238.569373725,267.807318263,271.104158396
1610679377095,-149.449128146,24.652556522,722.782717912
1610679377189,333.316730094,264.292763765,344.793309896
1610679377283,200.967527648,185.089061720,473.627962610
1610679377377,-143.934580573,10.623458843,704.239067578
1610679377471,228.540280413,211.147260009,460.598862356
1610679377567,410.520419545,364.554678148,145.269505744
1610679377661,-107.847280205,58.254410248,641.579016282
1610679377755,122.763820232,146.487216681,538.317114192
1610679377849,477.695022317,407.671077731,123.725855379
1610679377943,-30.643593068,116.399926010,545.346214510
1610679378037,24.501922161,91.341711427,617.064466167
1610679378131,463.665920908,381.098328319,69.725855388
1610679378225,47.074673225,174.059962724,594.084312266
1610679378319,-63.730882878,55.739863764,855.209967374
1610679378413,469.180484166,381.098315121,469.784055753
1610679378507,151.336574277,231.205464983,676.822410148
1610679378601,-143.449130884,27.167109391,771.782717934
1610679378695,382.947680156,309.409165715,223.589608251
1610679378788,263.627574130,288.350968685,258.618708515
1610679378882,-153.963670701,29.167099044,694.753617614
1610679378976,326.802174763,269.807319118,338.793309939
1610679379070,344.345813609,336.981932095,187.385906726
1610679379164,-141.934573872,42.710752821,696.724517405
1610679379258,211.996620221,209.147269890,455.084312318
1610679379352,432.578620976,361.554677185,147.269505736
1610679379446,-103.332729513,75.798060025,614.006265686
1610679379540,327.802181829,320.952813202,211.444107046
1610679379634,465.665930656,379.098318528,121.211305190
1610679379728,-27.129043963,129.943577382,536.802564164
1610679379822,2.958254441,78.798078516,631.549916191
1610679379916,466.665921672,399.641977905,158.298605972
1610679380006,73.132867151,191.603619654,446.055212083
1610679380100,-71.245430386,54.739861143,668.151766880
1610679380194,451.122281795,354.525566437,212.444107068
1610679380288,163.365671681,240.234568064,328.249659581
1610679380382,-142.934591056,25.167119726,720.782718018
1610679380476,380.947671910,316.923724116,272.104158436
1610679380570,255.113027336,286.350965346,249.045957897
1610679380664,-8.585390730,136.458124609,501.715263432
1610679380758,311.258533741,244.749109273,367.851510335
1610679380852,355.374938620,353.525557566,190.385906523
1610679380946,-136.420015181,40.710744210,682.180866981
1610679381040,211.996613644,209.147276496,456.084312372
1610679381134,410.520421989,372.583775928,163.813156078
1610679381224,-85.789068549,81.312599487,610.491715481
1610679381318,101.220179246,137.458107035,547.831664234
1610679381412,471.180488925,379.098310342,122.211305124
1610679381506,-30.643574088,131.943557301,526.773463765
1610679381600,-2.070833062,84.827165962,623.035365969
1610679381694,482.209575996,361.554673209,140.754955586
1610679381788,-147.449134338,27.167112860,719.782717962
1610679381882,-81.274530524,37.196210689,705.239067588
1610679381976,448.122291717,363.554656707,201.415006751
1610679382070,161.365678548,228.205460931,340.278759761
1610679382164,-137.420019405,9.623447744,718.782717842
1610679382258,390.462224220,309.409171796,287.647808773
1610679382352,271.656676100,304.894617298,259.075058147
1610679382444,-161.992782280,18.652560318,715.268167824
1610679382538,288.200342189,261.292750667,384.395160617
1610679382632,359.889477576,351.525568776,185.871356496
1610679382726,-151.963689268,39.196217929,702.239067647
1610679382820,177.909315407,199.632723895,481.657062942
1610679382914,75.132875362,120.914459871,587.433515087
1610679383008,-114.361827314,87.827157816,612.006265666
1610679383102,90.676526939,140.458108997,567.375314604
1610679383196,465.665939747,386.612859515,141.754955470
1610679383290,-30.643589887,136.458123287,525.773463894
1610679383384,7.958278219,96.341704987,632.549915997
1610679383478,482.209580582,396.641969312,138.754955548
1610679383572,63.103772949,186.089063474,430.026111797
1610679383665,-85.789080136,48.225310417,701.239067584
1610679383759,449.122272815,351.525575457,194.900456787
nan,nan,nan,nan
nan,nan,nan,nan
nan,nan,nan,nan
nan,nan,nan,nan
nan,nan,nan,nan
nan,nan,nan,nan
nan,nan,nan,nan
nan,nan,nan,nan
nan,nan,nan,nan
nan,nan,nan,nan
nan,nan,nan,nan
nan,nan,nan,nan
nan,nan,nan,nan
nan,nan,nan,nan
nan,nan,nan,nan
nan,nan,nan,nan
nan,nan,nan,nan
nan,nan,nan,nan
nan,nan,nan,nan
