1618477895185,-0.031582
1618477895279,-0.032003
1618477895373,0.074049
1618477895467,-0.020134
1618477895561,-0.065693
1618477895655,-0.015628
1618477895743,-0.039730
1618477895837,-0.033783
1618477895931,0.019923
1618477896025,0.017722
1618477896119,0.056574
1618477896213,-0.003839
1618477896307,-0.041930
1618477896401,-0.019034
1618477896495,0.026865
1618477896589,-0.016388
1618477896683,-0.040830
1618477896777,0.040279
1618477896871,-0.023775
1618477896965,-0.031243
1618477897059,0.041719
1618477897153,0.006169
1618477897247,-0.014527
1618477897341,-0.014187
1618477897435,0.026630
1618477897529,0.007609
1618477897623,0.014656
1618477897717,0.003208
1618477897811,-4.640209
1618477897905,0.037318
1618477897999,-0.006720
1618477898093,-0.022675
1618477898190,0.002868
1618477898285,0.016622
1618477898380,-0.039730
1618477898475,0.064041
1618477898570,0.029170
1618477898665,-0.032683
1618477898760,0.037738
1618477898855,-0.047877
1618477898950,-0.041930
1618477899045,-0.117198
1618477899140,-0.017828
1618477899235,-0.041930
1618477899330,-0.015628
1618477899426,0.010675
1618477899520,-0.019034
1618477899614,0.050392
1618477899708,-0.006720
1618477899802,-0.000013
1618477899896,0.003628
1618477899990,0.002188
1618477900084,-0.025215
1618477900178,-0.027076
1618477900272,0.036298
1618477900366,-0.015967
1618477900460,-0.009260
1618477900554,-0.043371
1618477900643,-0.017068
1618477900737,-0.050757
1618477900831,-0.046251
1618477900925,-0.115572
1618477901019,-0.115912
1618477901113,-0.142554
1618477901207,-0.142554
1618477901301,3.550826
1618477901395,-0.288397
1618477901489,-0.698319
1618477901583,-0.868796
1618477901677,-1.347594
1618477901771,-1.219606
1618477901860,-1.503405
1618477901955,-1.995536
1618477902050,-3.792236
1618477902145,-2.299725
1618477902240,0.035613
1618477902335,1.041710
1618477902430,1.233716
1618477902525,0.400175
1618477902620,0.260020
1618477902715,-0.491466
1618477902810,-2.230708
1618477902905,-4.300704
1618477903000,-7.391805
1618477903101,-5.847796
1618477903196,-4.323864
1618477903291,-2.890820
1618477903386,-1.610214
1618477903481,-1.202331
1618477903576,-0.586648
1618477903671,-0.095925
1618477903766,0.130905
1618477903861,0.248697
1618477903956,0.210897
1618477904051,0.339505
1618477904146,-3.679065
1618477904241,0.222035
1618477904332,0.256672
1618477904426,0.108654
1618477904520,0.134852
1618477904614,0.111956
1618477904708,0.021600
1618477904802,-0.021313
1618477904896,0.005644
1618477904990,-0.045337
1618477905084,0.184654
1618477905178,0.175853
1618477905272,0.180253
1618477905366,0.130083
1618477905460,0.133935
1618477905549,0.116985
1618477905643,0.097495
1618477905737,0.119842
1618477905831,0.090343
1618477905925,0.044469
1618477906019,0.012325
1618477906113,0.043474
1618477906207,0.044154
1618477906301,0.003523
1618477906395,-0.014293
1618477906489,-4.467125
1618477906583,-0.005385
1618477906677,-0.019034
1618477906768,-0.016493
1618477906863,0.005068
1618477906958,0.024324
1618477907053,-0.000539
1618477907148,0.048766
1618477907243,0.023224
1618477907338,-0.011647
1618477907433,0.039179
1618477907528,0.058774
1618477907623,0.006508
1618477907718,-0.018694
1618477907813,0.024664
1618477907908,0.032471
1618477908004,-0.006040
1618477908098,0.016856
1618477908192,0.057674
1618477908286,-0.064592
1618477908380,4.766380
1618477908474,0.019583
1618477908568,0.024664
1618477908662,-0.003839
1618477908756,0.032811
1618477908850,-0.000539
1618477908944,0.069462
1618477909038,0.006508
1618477909132,0.001767
1618477909223,0.020683
1618477909316,0.007269
1618477909409,0.044025
1618477909502,-0.003839
1618477909595,0.068782
1618477909688,0.049866
1618477909781,0.044785
1618477909874,0.014316
1618477909967,-0.033783
1618477910060,-0.012327
1618477910153,0.019923
1618477910246,0.039518
1618477910339,0.003968
1618477910438,0.003968
1618477910532,-0.038290
1618477910626,-0.022335
1618477910720,0.038418
1618477910814,-0.029042
1618477910908,-0.018694
1618477911002,0.001767
1618477911096,0.004308
1618477911190,-0.015288
1618477911284,0.030271
1618477911378,0.007609
1618477911472,-0.024535
1618477911566,0.030271
1618477911659,0.009575
1618477911754,0.016856
1618477911849,0.023564
1618477911944,0.058014
1618477912039,-0.000353
1618477912134,-0.003839
1618477912229,-0.032343
1618477912324,0.022463
1618477912419,-0.011647
1618477912514,-0.066033
1618477912609,-0.051178
1618477912704,-0.011987
1618477912799,0.049866
1618477912894,-0.013087
1618477912988,-0.032683
1618477913082,3.829680
1618477913176,0.007269
1618477913270,-0.031582
1618477913364,-0.021574
