1618478090758,-131.405134720,204.633117457,343.691465505
1618478090852,-13.735922478,266.828943407,100.630610708
1618478090946,-103.237824164,227.939219305,248.467125222
1618478091040,-148.988781999,191.049474445,353.413900624
1618478091134,-24.458350654,266.828955823,118.214263383
1618478091226,-85.792950807,233.800446579,191.132521093
1618478091320,-166.433641442,167.604624496,407.887290795
1618478091414,-20.597127538,257.106533989,149.242784470
1618478091508,-67.209302396,241.661657712,214.438605956
1618478091602,-166.433645254,184.188267962,387.442421518
1618478091696,-60.486871304,228.939217092,198.854953940
1618478091790,-43.903227014,253.245288158,111.353044483
1618478091884,-169.433644479,184.188269558,365.997553278
1618478091978,-84.792962232,228.939205960,258.189557963
1618478092072,-7.874711011,268.828931806,87.046958122
1618478092166,-152.849995685,198.771915689,343.691467190
1618478092260,-90.515399412,213.355548531,304.940511226
1618478092354,-5.013482902,274.551388666,91.046960610
1618478092443,-127.543904113,202.633145249,294.218080416
1618478092537,-133.405124335,189.049487519,353.413902061
1618478092631,-11.874697962,276.551392872,86.046961072
1618478092725,-118.821477970,228.939214169,236.883473346
1618478092819,-154.711217527,185.188254625,392.303637157
1618478092913,-6.874699252,254.106521802,117.214263404
1618478093007,-92.515382931,243.661667972,185.271304460
1618478093101,-173.294868978,185.188254336,393.303637125
1618478093195,-39.042003159,242.522867847,180.410085464
1618478093289,-49.764433324,253.245310374,136.659132443
1618478093383,-180.017301686,199.771908736,386.442420361
1618478093477,-67.209312300,227.939203121,218.299820821
1618478093571,-33.180777276,255.106537228,85.046962475
1618478093662,-169.433643680,180.327054098,350.552685043
1618478093756,-74.070516104,236.661664702,154.242784374
1618478093850,-28.458344803,282.412619176,101.630613394
1618478093944,-152.849996853,190.049479076,336.969032718
1618478094038,-109.099042136,209.494349102,322.246598687
1618478094132,-13.735918498,260.967734496,82.185743192
1618478094226,-147.988780132,208.494346703,274.773210281
1618478094320,-129.405132638,198.771904638,362.275117287
1618478094414,-6.013490630,262.967721448,102.630610175
1618478094508,-105.099035718,233.939230726,214.438606749
1618478094602,-156.711219243,175.465816884,382.719985457
1618478094696,-3.013484814,253.245299210,137.659131216
1618478094790,-74.070522878,240.661650759,183.271302569
1618478094879,-153.850000591,189.049471382,309.662946353
1618478094975,-44.903217388,243.522873763,180.410086113
1618478095071,-62.486870642,252.245303973,134.659131740
1618478095167,-189.739730486,190.049485658,393.303638687
1618478095263,-69.209308366,227.939211218,235.744690126
1618478095359,-23.458347997,259.967744188,118.353046880
1618478095455,-159.572429167,179.327048766,354.413901561
1618478095551,-74.931745249,218.216771503,272.773209248
1618478095647,-14.735910766,261.967750410,92.908179148
1618478095743,-127.543903565,198.771929273,306.801731851
1618478095839,-118.821482041,203.633120271,319.385380295
1618478095935,-16.597141797,272.690155953,88.046958896
1618478096031,-165.433644265,198.910704205,393.303638846
1618478096133,-151.849996980,192.910695918,352.413901104
1618478096225,-21.597127588,275.551402301,118.214264731
1618478096317,-96.376609034,231.800432344,200.716170841
1618478096409,-157.711214705,180.188260432,385.581203587
1618478096501,-22.597132677,233.800437892,132.659131996
1618478096593,-71.209292663,230.800460640,169.687654222
1618478096685,-171.294864555,169.604612130,418.609723645
1618478096777,-48.764428823,246.384102535,185.271304499
1618478096869,-44.903222409,252.245297638,128.797913940
1618478096961,-174.294858690,203.633143926,388.442422347
1618478097053,-70.209309585,232.800425813,223.161038538
1618478097145,-93.515387937,219.216789252,301.940513820
1618478097237,-165.433639621,195.771930868,355.413903065
1618478097333,-98.376598642,216.216802423,282.495646852
1618478097427,-20.597133650,267.828955618,85.046960738
1618478097521,-147.988786422,219.216767964,312.662945690
1618478097615,-126.543903141,202.633147250,345.691468778
1618478097709,-13.874705064,253.245292734,89.046959466
1618478097803,-126.682697120,228.939209957,259.189558403
1618478097897,-155.711206737,193.910711041,381.719988285
1618478097991,-15.735914532,260.967742659,100.630612505
1618478098085,-96.376615183,231.800419689,215.438603658
1618478098179,-154.711211451,179.327050026,394.303638531
1618478098273,-9.874695346,256.106529841,125.075481391
1618478098367,-67.209304540,241.522870403,163.104000225
1618478098461,-163.433655626,185.188246615,412.164853381
1618478098553,-43.903224323,237.661642387,219.854952961
1618478098648,-37.042005872,253.245296470,157.075479604
1618478098743,-154.711217877,179.327036799,445.581202870
1618478098838,-74.070511425,222.078023020,331.189561716
1618478098933,-23.458345875,275.551399866,187.353047360
1618478099028,-156.711216030,178.327040602,355.552683561
1618478099123,-104.099039900,219.078005015,202.218079465
1618478099218,0.986514929,253.106515784,14.046960120
1618478099313,-129.266339933,198.633141931,265.940514259
1618478099408,-24.180786686,258.967734964,103.491828763
1618478099503,13.847735830,255.967740704,61.046960978
1618478099598,-94.821481395,223.939207121,221.467123883
1618478099693,-117.711219925,206.633118104,294.858768199
1618478099785,54.402865797,302.967737375,73.491829028
1618478099879,-19.237814623,314.522890253,185.854956340
1618478099973,-91.711223549,341.327025125,377.581201587
1618478100067,-18.458347355,503.522877093,152.104000960
1618478100161,-115.209306319,521.522866741,152.103999823
1618478100255,-283.433639126,209.604629265,389.303640008
1618478100349,-85.486872990,182.661647830,213.577387767
1618478100443,0.819214160,170.245302498,110.353046058
1618478100537,-16.821482116,302.939205637,226.022255305
1618478100631,-129.209311347,376.355553769,258.189557867
1618478100725,-29.180793840,299.412588654,100.630610042
1618478100819,-168.711209373,205.188271407,339.830250858
1618478100913,-122.376612237,206.771906026,302.801729297
1618478101007,-34.597139126,272.690161451,86.046959500
1618478101101,-154.988782868,216.355558175,303.801729389
1618478101195,-129.682698582,196.910687223,338.830248838
1618478101289,-10.013476097,274.551402671,107.491830564
1618478101383,-121.821476880,219.216782206,239.744690696
1618478101477,-159.711212680,201.633133016,371.858769837
1618478101571,-41.042003282,258.967736010,104.491828878
1618478101665,-170.433640325,187.049495211,373.858771321
1618478101759,-151.849995073,197.771916948,377.719987055
1618478101853,-35.180775145,250.245324510,152.242785307
1618478101947,-73.209308390,264.967730894,154.103999355
1618478102041,-172.294860452,188.049488990,391.442421949
1618478102135,-71.209303856,239.522871811,203.854954314
1618478102227,-34.180784004,251.245306276,91.908178058
1618478102321,-161.572423717,183.188277086,378.719988313
1618478102415,-91.654170294,217.216790362,281.495645527
1618478102509,-20.597136320,271.690167225,87.046960134
1618478102603,-156.711216614,203.633124918,325.246597909
1618478102697,-118.821474094,202.633136628,309.662947884
1618478102791,-152.849996966,180.188261740,354.413901108
1618478102885,-133.405121063,218.216796877,286.356863347
1618478102979,-120.821477336,199.771912851,356.413901086
1618478103073,-9.874700349,275.551387959,101.630611844
1618478103167,-118.821469476,224.078014549,239.744692370
1618478103261,-157.711209535,192.910705282,389.442421860
1618478103355,-26.458355136,256.106512389,132.797913681
1618478103444,-81.792962861,228.939204666,176.548867056
1618478103539,-170.294867416,175.465823344,385.442420375
1618478103634,-35.180781933,248.384093435,163.965217980
1618478103729,-59.486868611,264.828959466,137.659132199
1618478103824,-180.017302406,192.910690149,376.719985990
1618478103919,-55.625648867,230.800445173,171.548869627
1618478104014,-39.180792296,275.690157625,106.491827495
1618478104109,-158.711214707,203.633128844,360.275118067
1618478104204,-93.515386973,222.078008339,285.356862727
1618478104299,-18.597130700,264.828961689,84.046961405
1618478104394,-155.711212337,206.494350826,316.524164669
1618478104489,-119.821473013,213.355573060,340.830250752
1618478104584,-14.735922091,270.690161309,87.046959484
1618478104677,-129.543905926,219.216792828,275.773211590
1618478104771,-156.711211127,180.327050692,359.275118877
1618478104865,-18.597129993,260.967746040,101.630612876
1618478104959,-82.792958661,237.661647516,202.716170628
1618478105053,-8.874699755,258.106520766,84.046960667
1618478105147,-33.180783329,250.245307667,127.936697938
1618478105241,-65.348084629,239.661659076,161.965217963
1618478105335,-187.878517805,180.327042348,379.719986376
1618478105429,-43.903219779,240.522868842,189.132519781
1618478105523,-52.625659735,252.245291219,122.075479027
1618478105617,-166.433644287,186.188269953,358.275119114
1618478105711,-85.792959110,228.939212386,244.605907358
1618478105805,-27.458343351,261.967753750,83.185745307
1618478105895,-168.433637842,197.771934529,341.830252155
1618478105990,-109.099037078,217.216793720,318.385382727
1618478106085,-20.597137041,264.828948639,77.324525763
1618478106180,-58.625652524,245.384088957,133.797914865
1618478106275,-134.405127568,204.633132177,350.552684226
1618478106370,5.708955069,272.690179306,99.630612772
1618478106465,-121.821468919,228.939232798,222.161041185
1618478106560,-155.711214217,180.327044332,373.858769490
1618478106655,-12.874701034,260.967735238,119.214263001
1618478106750,-74.070520381,236.661655899,182.410086030
1618478106845,-160.711215014,202.771911108,394.303637725
1618478106940,-45.903224901,232.800424093,175.548867311
1618478107035,-58.486877059,251.245290766,129.797913185
1618478107133,nan,nan,nan
