1618476609429,-99.981335897,249.440038801,231.607253563
1618476609523,-72.883466958,182.438102481,235.940688419
1618476609617,-87.432068189,221.309633658,237.175571173
1618476609711,-78.730377721,193.243661665,233.702181112
1618476609805,-111.492820782,277.914104144,235.991587065
1618476609899,-96.808171274,239.839827222,234.861815205
1618476609993,-84.537726141,204.952859351,234.465620592
1618476610087,-97.380690337,240.669991996,233.784434518
1618476610181,-97.524764589,238.585224487,232.826553004
1618476610275,-94.075970781,232.620728409,234.947053514
1618476610369,-103.710628529,251.652054975,235.522158344
1618476610463,-106.092968863,266.761753185,236.257303561
1618476610557,-69.173484508,171.966057856,236.172457744
1618476610651,-105.722822136,257.681754787,235.521558320
1618476610742,-89.247118181,214.552091243,233.332296537
1618476610837,-116.034116085,275.361155580,235.063367163
1618476610932,-97.672949784,235.510469950,233.868469199
1618476611027,-107.903949459,261.429986336,235.365021064
1618476611122,-99.047804494,243.730560842,236.702398984
1618476611217,-109.400018887,277.252380403,233.045361779
1618476611312,-71.891495837,173.150596300,237.087917657
1618476611407,-98.564127964,245.988163382,236.676991683
1618476611502,-105.092408259,261.889013049,235.355747363
1618476611597,-85.841327315,205.692336888,235.450680953
1618476611692,-68.555249722,175.331605895,238.104463692
1618476611787,-65.704017757,159.079834272,238.392391745
1618476611882,-105.919171225,258.031374458,236.413480137
1618476611983,-102.012941520,255.388394899,234.507282094
1618476612077,-79.414617984,196.474569671,237.717719051
1618476612171,-94.456738913,227.112473189,235.977524742
1618476612265,-109.770810260,262.412762895,234.223948268
1618476612359,-112.297522423,277.002731063,234.050405436
1618476612453,-92.362659208,225.447637101,236.031362334
1618476612547,-105.831089730,251.074086116,236.614646892
1618476612641,-99.842300420,245.665704511,235.663303343
1618476612735,-90.511673989,229.810590516,234.024029599
1618476612829,-93.798243708,233.379959434,235.911511830
1618476612923,-83.881786294,207.790882312,234.448690043
1618476613017,-81.325910580,205.001255531,236.525251743
1618476613111,-74.235998606,186.732446692,236.874132896
1618476613202,-111.111522510,267.806944068,233.256390571
1618476613297,-102.467906849,251.060860851,235.534102219
1618476613392,-97.018248420,230.044447447,232.999102030
1618476613487,-73.180941448,181.726969990,233.975258370
1618476613582,-89.560739100,213.315973744,235.316863845
1618476613677,-89.041446526,217.922514077,235.244001034
1618476613772,-105.097685408,258.466179194,235.404695792
1618476613867,-98.930231813,244.444190552,235.708184513
1618476613962,-110.915217118,269.328805510,234.266050388
1618476614057,-94.536524653,229.871118964,235.022806745
1618476614152,-107.628004277,258.322182809,234.427807912
1618476614247,-96.072868111,237.484545956,234.848789975
1618476614342,-76.543258612,189.480836001,234.859013213
1618476614439,-95.713440736,236.609093249,236.866476716
1618476614533,-102.008731988,247.071079773,235.655113561
1618476614627,-90.676996007,216.906201242,236.163518739
1618476614721,-103.589096191,250.920352855,232.577346828
1618476614815,-111.769628260,270.281258594,235.125590216
1618476614909,-113.503965228,276.069873850,232.089454884
1618476615003,-100.094980716,237.974092688,233.798493747
1618476615097,-111.336391628,269.790342273,233.196117079
1618476615191,-105.362384500,255.239528741,235.490086666
1618476615285,-95.158742313,224.515271961,234.090604807
1618476615379,-94.760976480,224.982126098,240.060970003
1618476615473,-106.298317232,257.954855588,235.394823080
1618476615567,-102.645755259,248.622669291,234.623766851
1618476615659,-84.579672948,196.747966638,235.611180793
1618476615754,-104.707114421,248.207808366,235.571539375
1618476615849,-110.293439751,262.814350249,232.296646875
1618476615944,-91.364814424,209.403075153,237.375713035
1618476616039,-84.169283058,190.877010498,233.729791518
1618476616134,-103.762162513,239.163451605,233.814871101
1618476616229,-110.536989189,254.793436492,234.579910915
1618476616324,-100.827543466,230.579949804,236.008486260
1618476616419,-100.180966034,225.569401997,237.089511220
1618476616514,-113.498564936,260.442596384,236.384969269
1618476616609,-119.413281708,273.413309807,235.143125356
1618476616704,-126.228374215,271.962932968,235.152224304
1618476616799,-109.608192747,242.788429396,234.822447662
1618476616890,-120.652229360,264.816874877,231.377407733
1618476616984,-106.099263971,213.320589936,237.437988378
1618476617078,-130.863595871,284.074446973,235.170174356
1618476617172,-101.842172630,247.486956554,234.909350171
1618476617266,-126.723089784,191.740411809,234.096204600
1618476617360,-125.507008611,242.878041054,234.467132144
1618476617454,-140.223828657,233.109489287,231.038193923
1618476617548,-180.567373892,327.946258066,235.021288712
1618476617642,-155.126865639,459.458439176,233.960386918
1618476617736,-53.446046491,463.285675318,235.600223877
1618476617830,3.332976243,277.010537279,235.262425670
1618476617924,-35.907242029,211.338383245,236.053772552
1618476618018,-92.702350401,176.889142681,234.719398127
1618476618111,-131.093448721,172.177800485,233.339858320
1618476618206,-140.031332115,184.769253216,233.146082529
1618476618301,-196.330850318,194.112909953,231.836095158
1618476618396,-235.522418021,252.579508981,231.826668474
1618476618491,-209.415928174,314.398946947,231.274781609
1618476618586,-189.150538366,474.852163113,232.598927429
1618476618681,-112.775026865,555.423033225,229.223740777
1618476618776,-61.597056614,477.840119194,232.265868621
1618476618871,-19.133108865,444.531650836,230.534739151
1618476618966,-29.926412262,434.177636680,227.511540035
1618476619061,-21.779570055,359.027414234,227.060055048
1618476619156,2.755433614,298.060377147,220.726086968
1618476619251,-10.493384883,295.201731313,205.975721463
1618476619346,-2.605027029,228.938346573,185.708349382
1618476619440,-24.628547233,231.916820496,160.264319027
1618476619534,-45.984256002,234.525965203,181.049982840
1618476619628,-47.074773816,202.953877555,191.586817816
1618476619722,-69.236621455,236.447710562,214.889940090
1618476619816,-86.085500771,264.307875908,229.306879159
1618476619910,-71.718157321,216.006457335,259.161493268
1618476620004,-69.855196198,207.597491832,275.351582276
1618476620098,-66.826228488,198.784186187,236.549840153
1618476620192,-84.728384571,219.031367717,213.160990005
1618476620286,-84.941176861,228.856725224,205.002894575
1618476620380,-84.254746467,227.620482745,188.987464408
1618476620474,-76.050767243,198.331092390,162.538791026
1618476620564,-76.854198930,199.416626096,163.597671889
1618476620659,-85.609212627,212.434040102,128.314478554
1618476620754,-99.189581630,246.075885618,192.695422400
1618476620849,-68.632275250,182.261965359,258.903840980
1618476620944,-68.675633465,172.624823053,276.098539836
1618476621039,-79.925753842,202.026598831,311.544942699
1618476621134,-108.268030459,272.495210519,307.101064787
1618476621229,-90.844148416,229.620394271,311.007669162
1618476621324,-77.917555767,189.263881523,296.742178542
1618476621419,-80.625238837,203.294638238,283.559730474
1618476621514,-80.718908245,200.958474970,272.505913072
1618476621609,-92.810527047,227.974190467,261.960115498
1618476621704,-119.203331670,291.387435879,253.759791738
1618476621797,-113.030823216,270.917447841,250.112737307
1618476621891,-72.874043883,179.543776137,256.039568327
1618476621985,-106.824539656,261.236568885,244.368928670
1618476622079,-102.707563495,254.080276850,240.473101061
1618476622173,-56.515312436,135.263333708,240.893758655
1618476622267,-109.756851118,268.814450129,239.175427063
1618476622361,-81.497795766,209.291288784,237.418377383
1618476622455,-79.604996188,194.373958793,239.659142792
1618476622549,-94.538149074,233.746450227,236.924310594
1618476622643,-106.522857877,262.937453735,236.334565751
1618476622737,-72.633414103,182.829051908,238.952993047
1618476622831,-90.921219815,228.372428760,237.053084732
1618476622925,-115.589182303,282.020185362,238.888429081
1618476623016,-89.893157884,220.432703991,239.152881822
1618476623110,-86.864223272,217.490853643,236.252721855
1618476623204,-85.706534591,211.235398637,234.358897632
1618476623298,-115.742840458,280.523073904,235.979284070
1618476623392,-92.628328313,229.530411318,236.969081153
1618476623486,-99.203860177,250.982038374,235.596303564
1618476623580,-68.443758564,175.060048292,236.109949961
1618476623674,-69.978196430,173.926084497,240.132859392
1618476623768,-71.106978624,183.982507017,234.929689833
1618476623862,-98.656711781,246.213668613,235.672435809
1618476623956,-88.484251156,209.822611009,237.468251995
1618476624050,-80.506678881,209.312925273,236.417940261
1618476624144,-99.795577094,248.987588438,235.616394402
1618476624240,-121.669002004,297.393037898,232.638460766
1618476624333,-107.387203040,267.478415646,235.242824854
1618476624426,-101.113321440,248.761514319,234.600758804
1618476624519,-92.918967159,230.238316676,235.954779365
1618476624612,-84.743344642,209.889369072,235.406294387
1618476624705,-96.302369351,242.914913902,234.739080437
1618476624798,-96.736826281,239.101740465,232.816117849
1618476624891,-95.228575595,232.992426023,236.939544120
1618476624984,-97.317423430,237.080206250,234.836755870
1618476625077,-86.619558828,212.023552873,235.363177545
1618476625170,-84.510579338,204.451050887,237.516164543
1618476625263,-85.524757928,206.921272840,236.466258734
1618476625356,-79.365005313,202.660790738,235.572536073
1618476625454,-113.766415463,277.837745883,239.174956420
1618476625548,-105.414342021,259.237455698,235.389113719
1618476625642,-100.278188147,249.163078069,232.592646025
1618476625736,-86.566854475,211.330868887,235.316562919
1618476625830,-92.708515937,227.854348618,237.063551487
1618476625924,-109.418807392,271.862455985,233.093645340
1618476626018,-93.508591202,236.238769151,234.974973189
1618476626112,-102.669497218,248.680497279,236.622598554
1618476626206,-91.888994487,233.165312618,238.956254263
1618476626300,-94.614087885,236.367100768,235.871365681
1618476626394,-82.375509832,203.122063802,235.522811058
1618476626488,-82.321673255,203.990934734,233.525460254
1618476626582,-93.434668972,223.751655693,235.126235086
1618476626672,-96.360021832,232.748275299,234.883867791
1618476626766,-112.758340710,275.689452990,234.076937548
1618476626860,-89.597748546,222.713179206,234.167418356
1618476626954,-101.744378939,248.862885740,239.618913766
1618476627048,-90.698624414,225.830255959,235.064038230
1618476627142,-88.965892400,211.431425830,232.395343233
1618476627236,-73.076703668,182.908766690,236.931179606
1618476627330,-103.121461978,256.652716805,235.501942008
1618476627424,-82.900918197,205.837481644,238.447748599
1618476627518,-82.633697494,202.443866202,237.657730455
1618476627612,-108.492597557,264.299436395,233.286846697
1618476627706,-90.928963405,221.519915044,233.151119900
1618476627800,-85.787051989,208.560139164,236.453351739
1618476627891,-89.347394636,217.667708015,239.228945906
1618476627985,-90.222234111,224.234230790,235.136688603
1618476628079,-94.425954633,226.601804966,233.028247686
1618476628173,-110.773736753,267.984203576,236.273012369
1618476628267,-81.919891443,203.012319860,233.545231177
1618476628361,-86.368694739,214.283901067,236.277105877
1618476628455,-90.054741120,224.261957572,239.095722509
1618476628549,-78.916775114,193.261980096,237.742216957
1618476628643,-96.118084132,241.466052728,235.748148764
1618476628737,-87.674980309,219.465604293,237.212826035
1618476628831,-63.581613832,160.781696583,235.398415011
1618476628925,-81.024096963,195.959069905,237.687727744
1618476629019,-99.184247003,235.884455434,234.941725446
1618476629111,-68.446880713,170.196278192,236.208212541
