1618476822712	-104.83657	256.750534	241.898598
1618476822806	-90.173406	222.770066	230.483538
1618476822900	-92.979215	219.712131	232.99708
1618476822994	-95.881741	210.167295	237.358261
1618476823088	-100.837298	202.359863	243.68364
1618476823182	-101.579833	234.105428	237.489987
1618476823274	-98.06534	241.556898	228.086567
1618476823368	-87.618712	262.766351	226.842756
1618476823462	-98.428726	219.172736	224.752055
1618476823556	-94.88129	232.272602	230.109557
1618476823650	-84.00725	235.438318	239.42218
1618476823744	-98.774234	217.928071	245.14995
1618476823838	-83.445173	213.557503	229.206292
1618476823932	-93.56296	214.570685	233.644259
1618476824026	-92.315745	235.469415	225.516234
1618476824120	-94.62422	244.40836	242.825713
1618476824214	-89.593718	223.43026	239.489974
1618476824308	-102.190777	237.311109	234.00153
1618476824402	-84.989662	215.858378	231.281024
1618476824491	-109.725089	232.883647	243.241172
1618476824585	-93.016502	248.815912	240.199588
1618476824679	-79.226076	216.097148	219.832366
1618476824773	-99.255615	229.676917	224.472396
1618476824867	-101.255419	227.663927	235.048601
1618476824961	-80.169886	222.564626	246.20108
1618476825055	-84.597068	227.122233	226.09692
1618476825149	-89.776114	241.677654	229.221306
1618476825243	-90.987245	226.483712	248.910534
1618476825337	-90.123343	220.313407	240.783111
1618476825431	-85.546623	263.995182	232.60907
1618476825525	-84.72421	207.558072	242.334981
1618476825619	-95.786976	231.676054	237.904679
1618476825711	-109.779655	239.241589	240.62703
1618476825805	-96.523585	205.087766	235.900852
1618476825899	-98.194515	235.345208	228.427009
1618476825993	-89.047227	239.251969	224.959285
1618476826087	-81.353134	235.97113	233.899385
1618476826181	-91.636148	250.733373	237.130769
1618476826275	-108.089307	240.078594	232.031898
1618476826369	-96.38193	227.46941	236.618381
1618476826463	-96.409925	245.390949	237.280906
1618476826557	-99.1247	237.305927	240.536003
1618476826651	-86.397717	220.843989	232.425041
1618476826745	-100.022381	228.415895	225.676821
1618476826839	-100.608369	213.47416	228.42266
1618476826930	-89.468843	242.904344	241.835418
1618476827024	-96.523365	233.24894	235.852206
1618476827118	-89.71515	223.520511	238.137035
1618476827212	-93.161573	212.428182	227.528047
1618476827306	-91.386383	245.929909	227.557248
1618476827400	-85.645275	228.412038	240.554583
1618476827494	-95.89049	220.58262	242.860556
1618476827588	-90.921997	255.041096	240.731619
1618476827682	-102.859377	193.566349	238.948885
1618476827776	-88.512945	215.689277	242.308991
1618476827870	-77.561218	219.722731	233.218566
1618476827964	-111.824891	246.706588	243.740851
1618476828058	-98.371992	246.751139	231.7254
1618476828158	-84.222031	231.834099	242.697527
1618476828253	-98.981915	227.531253	239.182656
1618476828348	-96.726597	220.330518	222.098486
1618476828443	-86.161133	226.507415	236.437383
1618476828538	-99.321315	201.509221	241.511194
1618476828633	-85.676345	245.068388	240.245148
1618476828728	-87.933912	242.362237	229.707457
1618476828823	-102.573235	224.334219	235.313099
1618476828918	-109.134921	215.576348	239.768055
1618476829013	-92.42493	231.081509	241.813929
1618476829108	-97.539396	219.234088	236.121275
1618476829203	-89.888425	221.776612	236.573431
1618476829298	-101.854101	238.076761	232.526466
1618476829390	-105.181868	235.217615	232.022363
1618476829484	-94.109479	242.648029	238.307375
1618476829578	-96.148765	216.31766	235.043086
1618476829672	-77.345448	234.012011	231.122212
1618476829766	-83.974615	240.557085	237.851778
1618476829860	-87.247577	229.53252	239.9303
1618476829954	-103.994034	197.48881	227.115041
1618476830048	-89.334945	223.786609	231.856589
1618476830142	-91.841189	228.47424	236.262003
1618476830236	-88.025911	230.550853	224.620446
1618476830330	-107.47112	246.226432	234.904625
1618476830424	-85.348497	232.773067	245.923195
1618476830518	-93.079741	241.948906	243.136836
1618476830610	-100.471525	247.303418	237.534429
1618476830704	-107.065596	222.195535	239.261769
1618476830798	-87.569354	259.612999	237.458711
1618476830892	-97.632394	228.441614	245.564008
1618476830986	-111.708065	234.513446	228.480831
1618476831080	-79.24384	218.374709	238.406909
1618476831174	-93.570033	221.298806	251.020663
1618476831268	-94.903872	217.325029	250.433052
1618476831362	-100.275606	232.25758	260.112577
1618476831456	-85.17726	225.507621	264.254883
1618476831550	-100.152787	221.573476	301.197878
1618476831644	-91.907253	221.544645	306.482417
1618476831738	-99.572926	220.859889	260.895908
1618476831829	-88.898012	222.105346	158.883248
1618476831924	-90.083063	239.815279	166.708267
1618476832019	-85.365118	225.293281	213.844749
1618476832114	-86.969549	237.818732	242.502012
1618476832209	-76.453653	226.993649	245.217617
1618476832304	-76.130091	195.939879	186.185173
1618476832399	-57.421892	233.508178	168.535456
1618476832494	-9.031541	278.640041	221.467818
1618476832589	-3.498072	314.105602	236.570702
1618476832684	-13.186986	378.96628	233.926208
1618476832779	-83.678244	468.872611	233.122043
1618476832874	-220.615474	374.138109	240.05971
1618476832969	-182.377843	143.763067	225.633531
1618476833062	-55.065757	159.917833	235.603204
1618476833156	-11.445545	405.99031	222.833003
1618476833250	-198.940782	292.103344	239.064613
1618476833344	-130.77836	275.851118	234.351259
1618476833438	-109.925101	238.824041	229.697194
1618476833532	-97.295312	228.492479	240.255671
1618476833626	-93.959648	226.926283	237.65527
1618476833720	-101.744422	232.735304	240.405613
1618476833814	-104.853731	225.745967	242.740008
1618476833908	-97.220436	220.08199	229.133187
1618476834002	-91.149813	239.664328	234.310066
1618476834096	-110.823467	218.776596	238.063364
1618476834190	-90.927617	232.089049	243.872829
1618476834283	-92.152827	245.193864	233.218716
1618476834377	-92.505271	244.587566	238.661761
1618476834471	-111.147187	227.687986	232.19265
1618476834565	-95.695039	225.941654	229.434512
1618476834659	-88.717102	197.286759	229.164247
1618476834753	-92.83547	221.115998	235.798336
1618476834847	-94.020177	233.566908	231.127906
1618476834941	-90.027483	244.89274	238.532516
1618476835035	-99.28729	230.328973	241.391005
1618476835129	-84.901998	234.813292	239.799949
1618476835223	-73.927326	234.251658	229.92312
1618476835317	-88.770886	242.850519	230.457618
1618476835411	-84.954992	215.196925	227.549114
1618476835499	-94.964787	221.713874	240.288434
1618476835593	-92.526035	215.295139	223.477697
1618476835687	-108.659168	220.103331	234.166299
1618476835781	-104.324087	226.761626	226.221789
1618476835875	-98.117625	236.758635	220.383329
1618476835969	-89.881966	236.720816	229.138255
1618476836063	-95.253982	224.956658	236.509711
1618476836157	-86.598483	227.076781	224.377927
1618476836251	-89.728045	208.321445	228.349603
1618476836345	-84.227479	219.779956	226.37446
1618476836439	-92.703962	227.266748	239.971282
1618476836533	-88.527244	220.419624	233.120587
1618476836627	-73.950119	226.848827	231.783855
1618476836720	-94.419216	234.384255	230.147184
1618476836814	-90.947512	196.889569	227.516356
1618476836908	-94.890382	232.367398	237.140739
1618476837002	-101.621984	243.472534	233.450821
1618476837096	-96.254784	216.31064	228.100408
1618476837190	-105.666144	234.050303	230.99269
1618476837284	-107.275835	244.853575	238.103376
1618476837378	-75.574287	216.853283	245.803426
1618476837472	-107.907032	241.630877	248.07753
1618476837566	-86.760522	226.824841	225.01804
1618476837660	-94.999174	226.854135	228.170075
1618476837754	-94.464644	207.944388	234.869697
1618476837848	-100.715782	220.502682	234.071273
1618476837938	-87.617535	241.468646	223.022404
1618476838032	-95.236299	227.355041	221.299372
1618476838126	-87.027501	219.501937	244.322946
1618476838220	-88.098489	234.709589	234.419258
1618476838314	-85.746864	215.89122	234.263015
1618476838408	-93.736163	193.056502	224.742343
1618476838502	-82.105309	226.867003	238.891574
1618476838596	-93.656451	204.006231	228.258739
1618476838690	-87.89498	233.854742	245.853728
1618476838784	-87.641574	215.271412	234.70988
1618476838878	-96.561839	245.201285	240.678336
1618476838972	-94.453771	256.995104	231.476674
1618476839066	-107.22765	242.140953	246.108703
1618476839156	-81.67889	225.383931	235.091435
1618476839250	-94.570129	221.155962	233.281012
1618476839344	-87.494937	231.735142	244.553924
1618476839438	-95.686075	253.242081	258.553263
1618476839532	-99.201821	220.311638	238.07011
1618476839626	-93.289102	214.370774	237.148181
1618476839720	-100.370655	245.57706	227.051007
1618476839814	-91.038735	225.717699	232.61723
1618476839908	-78.123624	231.431679	238.721285
1618476840002	-78.488173	238.370857	241.130441
1618476840096	-88.546617	230.313025	235.763813
1618476840190	-88.039739	248.321792	236.268901
1618476840284	-103.514336	246.958757	229.702638
1618476840377	-92.499355	241.44976	245.05539
1618476840471	-92.205999	245.861707	235.36727
1618476840565	-98.055418	247.125361	233.913899
1618476840659	-102.220653	232.675208	238.247449
1618476840753	-104.437228	223.825103	244.785207
1618476840847	-89.17596	224.497589	nan
