1618477880371	-95.32363	212.269982	228.09135
1618477880465	-110.765842	214.370422	233.612887
1618477880559	-92.88361	227.495579	236.754425
1618477880653	-94.102775	245.479447	230.966392
1618477880747	-98.275805	253.595585	237.134543
1618477880841	-107.094091	241.476692	243.721124
1618477880935	-73.80508	226.176031	231.393445
1618477881029	-77.392679	239.818869	225.724941
1618477881120	-100.535098	231.72967	227.654438
1618477881214	-104.329807	220.378916	224.081704
1618477881308	-83.844753	217.644617	230.227343
1618477881402	-83.025525	214.233906	239.072476
1618477881496	-91.718058	224.441889	227.884325
1618477881590	-79.099299	228.401252	229.727778
1618477881684	-93.422115	237.424516	232.838734
1618477881778	-80.734043	261.645434	236.25792
1618477881872	-88.036262	236.712345	239.782801
1618477881966	-106.605031	253.963708	231.81621
1618477882060	-112.18056	232.726422	227.602209
1618477882154	-87.828651	230.391036	230.379179
1618477882248	-85.074085	251.913485	239.220716
1618477882339	-107.453353	260.973537	239.570166
1618477882433	-95.497776	211.624676	236.240083
1618477882527	-84.743995	222.981509	234.035286
1618477882621	-94.827059	253.272192	232.122017
1618477882715	-96.273417	223.142489	228.696886
1618477882809	-79.55122	215.483211	230.718209
1618477882903	-89.976765	242.178175	228.93317
1618477882997	-91.163746	250.052345	233.909455
1618477883091	-92.036401	228.297664	235.565898
1618477883185	-93.186821	210.300481	238.383345
1618477883279	-97.819916	218.44833	243.23944
1618477883373	-107.099722	230.01297	227.856944
1618477883467	-104.67138	221.97434	230.14761
1618477883558	-104.854569	233.572609	236.505756
1618477883652	-81.285332	240.321855	228.484318
1618477883746	-107.661467	240.6386	242.405322
1618477883840	-91.861715	238.298477	226.906707
1618477883934	-96.538765	242.348911	227.645112
1618477884028	-100.597012	216.591023	248.904426
1618477884122	-92.389677	233.086433	234.411205
1618477884216	-100.609348	223.409162	223.243545
1618477884310	-84.16008	224.695143	226.269138
1618477884404	-104.03293	199.332938	226.64967
1618477884498	-90.030966	230.373857	227.752565
1618477884592	-94.510515	265.826981	232.537087
1618477884686	-98.655456	240.700107	230.153671
1618477884776	-101.251586	226.378153	228.467751
1618477884870	-93.625688	208.437264	226.368905
1618477884964	-87.533157	231.125456	228.534006
1618477885058	-78.022685	208.096402	232.430675
1618477885152	-115.410289	231.389896	221.330511
1618477885246	-102.260737	237.769656	237.781603
1618477885340	-96.209531	223.085116	233.450457
1618477885434	-99.151262	240.183985	225.151793
1618477885528	-98.87249	226.408733	229.064924
1618477885622	-102.22354	247.943029	230.050243
1618477885716	-90.409066	220.151668	233.086589
1618477885810	-81.262911	243.175217	236.668643
1618477885904	-91.568658	216.870027	242.687053
1618477885994	-83.359668	226.914434	226.298594
1618477886088	-102.309868	224.889578	227.924657
1618477886182	-103.013185	250.116035	226.862188
1618477886276	-94.597455	210.153538	242.286609
1618477886370	-89.143809	230.537294	232.097281
1618477886464	-90.976456	218.460472	233.21249
1618477886558	-94.75141	239.09284	221.042468
1618477886652	-95.369436	228.037393	237.496805
1618477886746	-85.915782	237.273195	234.424525
1618477886840	-98.693764	247.494663	232.312373
1618477886934	-91.419405	245.421857	233.399007
1618477887028	-87.231273	238.360861	240.96411
1618477887122	-102.512947	241.708984	242.35007
1618477887213	-94.71519	226.181545	221.753366
1618477887307	-91.673832	224.664841	238.62807
1618477887401	-87.457169	226.764873	235.430018
1618477887495	-96.010577	230.29954	229.808798
1618477887589	-92.243543	229.029269	232.619491
1618477887683	-85.030411	232.546328	245.801924
1618477887777	-98.608969	241.364902	227.042355
1618477887871	-95.099561	229.147097	224.040589
1618477887965	-88.158176	248.264335	224.146278
1618477888059	-83.501038	215.392687	225.635542
1618477888153	-102.775433	222.597733	235.388824
1618477888247	-99.743648	234.854204	231.772358
1618477888341	-102.106241	240.91963	234.532788
1618477888433	-84.290455	237.908063	232.060981
1618477888527	-95.560592	223.759066	224.544566
1618477888621	-85.650308	241.890439	214.966738
1618477888715	-90.52355	262.58116	246.949246
1618477888809	-87.859538	244.895502	219.438688
1618477888903	-98.387928	244.214177	229.653937
1618477888997	-97.990342	230.454487	231.589877
1618477889091	-70.554828	224.482319	221.428713
1618477889185	-93.673653	215.820014	239.294038
1618477889279	-88.627706	227.384964	238.600891
1618477889373	-99.667127	239.201667	228.008862
1618477889467	-84.843924	215.383751	235.851487
1618477889561	-85.788708	213.700975	234.164804
1618477889651	-92.198726	241.684959	224.155673
1618477889745	-90.502875	255.534652	237.104293
1618477889839	-100.907425	231.103595	231.160254
1618477889933	-90.376372	223.866969	233.391139
1618477890027	-84.08164	217.850879	239.921689
1618477890121	-100.578027	210.28481	241.823031
1618477890215	-86.594163	229.182234	245.369324
1618477890309	-93.853371	219.047183	233.369441
1618477890403	-82.167541	221.285424	249.308378
1618477890497	-95.030506	224.28358	250.166973
1618477890591	-103.80749	236.452563	261.430825
1618477890685	-87.753308	219.49977	293.74816
1618477890779	-85.878457	221.82947	315.445641
1618477890869	-89.680958	232.716402	286.950723
1618477890963	-78.361863	220.701507	209.747127
1618477891057	-80.445814	212.581985	169.902902
1618477891151	-87.490165	245.026934	217.502113
1618477891245	-88.364829	229.939647	222.756025
1618477891339	-82.192399	242.178998	251.780294
1618477891433	-57.018622	232.684483	201.540641
1618477891527	-46.346844	229.202112	192.816606
1618477891621	-26.560307	261.420311	171.035592
1618477891715	-0.724474	356.41789	214.033558
1618477891809	-23.84617	426.165603	236.693965
1618477891903	-106.702179	472.094762	225.107655
1618477891997	-205.353401	226.085672	224.166292
1618477892087	-132.015714	168.4852	233.153136
1618477892181	-58.555686	144.342987	225.51358
1618477892275	6.677936	352.495916	233.106109
1618477892369	-170.970354	342.072115	229.945413
1618477892463	-90.912198	262.833453	230.585482
1618477892557	-100.467404	259.58886	230.568778
1618477892651	-98.224967	226.283752	228.479384
1618477892745	-103.189156	241.328979	235.730053
1618477892839	-101.786799	241.389929	237.498017
1618477892933	-99.150494	231.853991	228.127168
1618477893027	-100.345445	240.131419	226.879405
1618477893121	-99.614991	212.906423	239.595355
1618477893215	-90.659478	230.652388	234.439426
1618477893308	-89.236149	245.922948	237.175785
1618477893402	-89.599781	230.543636	223.964561
1618477893496	-91.08718	219.585232	237.015288
1618477893590	-89.325405	203.520179	234.266991
1618477893684	-101.37923	211.568619	246.412261
1618477893778	-93.446581	230.057895	225.017984
1618477893872	-102.33169	234.420124	222.281291
1618477893966	-92.143973	245.037871	231.108376
1618477894060	-81.527286	225.892597	231.85642
1618477894154	-100.244439	227.203136	222.323525
1618477894248	-90.488127	217.559569	232.848408
1618477894342	-83.39247	222.015592	227.738944
1618477894436	-92.15579	236.328421	228.34902
1618477894527	-75.30228	236.448286	235.311126
1618477894621	-99.119563	244.477216	230.232625
1618477894715	-117.256937	237.969593	225.434208
1618477894809	-96.944649	241.242961	235.132558
1618477894903	-76.745912	225.050144	236.806284
1618477894997	-102.794955	201.939032	224.502708
1618477895091	-98.518724	218.131467	241.823896
1618477895185	-91.706277	233.238516	233.382062
1618477895279	-99.368957	220.751063	236.762508
1618477895373	-85.77916	241.927762	238.050056
1618477895467	-82.691291	219.480991	238.221111
1618477895561	-97.381034	260.774869	236.096118
1618477895655	-94.611903	215.85652	218.182455
1618477895743	-102.029309	225.795781	227.165813
1618477895837	-96.643052	249.955775	233.777222
1618477895931	-104.02626	234.1099	221.855629
1618477896025	-84.840923	233.185897	228.880961
1618477896119	-99.411137	225.242755	225.182642
1618477896213	-97.416035	240.743752	237.833446
1618477896307	-96.091584	227.348252	231.493937
1618477896401	-94.645209	246.163226	233.74193
1618477896495	-108.95524	222.486396	239.168916
1618477896589	-93.071106	227.743643	229.63803
1618477896683	-102.08338	223.790507	231.563709
1618477896777	-95.185614	225.124032	233.520402
1618477896871	-100.874561	210.801712	242.788756
1618477896965	-97.193976	213.890402	234.461457
1618477897059	-92.302069	223.939082	245.058744
1618477897153	-92.158547	198.851194	231.924199
1618477897247	-88.682426	220.076255	228.736702
1618477897341	-87.373329	247.504254	224.946263
1618477897435	-89.879772	227.055516	228.292767
1618477897529	-91.019481	243.851134	238.288343
1618477897623	-96.192144	243.569929	223.724521
1618477897717	-114.220058	211.461843	236.419944
1618477897811	-98.071069	234.055399	230.505456
1618477897905	-83.682446	236.743717	226.094184
1618477897999	-108.540942	237.25676	246.231867
1618477898093	-104.171072	222.06308	233.785263
1618477898190	-95.857689	217.945452	238.171404
1618477898285	-84.795111	245.883304	223.310348
1618477898380	-90.087029	239.481571	231.671838
1618477898475	-96.179717	249.188322	239.129399
1618477898570	-102.040178	228.767883	238.301503
1618477898665	-94.608528	223.909969	228.268424
1618477898760	-97.469144	238.113555	229.969694
1618477898855	-86.132331	216.239564	230.996144
1618477898950	-101.828136	227.180517	233.724521
1618477899045	-98.171316	236.809536	240.449212
1618477899140	-92.342488	215.217531	229.158278
1618477899235	-91.335761	220.105906	222.008381
1618477899330	-83.412917	216.563314	230.535802
1618477899426	-95.941685	234.150998	232.376122
1618477899520	-95.103503	224.883309	240.144645
1618477899614	-108.348694	231.546809	230.995637
1618477899708	-84.627932	216.480931	237.97296
1618477899802	-104.451893	218.826647	236.340679
nan	nan	nan	nan
