1618477608789,-0.020473
1618477608883,0.012971
1618477608977,0.016731
1618477609071,-0.020742
1618477609165,-0.057758
1618477609259,-0.020951
1618477609353,0.015110
1618477609447,-0.057092
1618477609541,-0.057758
1618477609635,-0.021220
1618477609729,-0.057051
1618477609823,-0.164796
1618477609913,0.015090
1618477610007,-0.019787
1618477610101,-0.093610
1618477610195,0.015588
1618477610289,-0.093859
1618477610383,-0.129690
1618477610477,-0.021011
1618477610571,0.086565
1618477610665,0.088684
1618477610759,-0.057758
1618477610853,-0.055868
1618477610947,0.014404
1618477611041,-0.130168
1618477611134,0.087500
1618477611228,-0.093610
1618477611322,-0.020991
1618477611416,-0.092197
1618477611510,-0.021199
1618477611604,0.016045
1618477611698,-0.021657
1618477611792,0.087749
1618477611886,-0.165791
1618477611980,-0.056634
1618477612074,0.015359
1618477612168,-0.021697
1618477612262,-0.021906
1618477612352,-0.056614
1618477612446,-0.129939
1618477612540,-0.021240
1618477612634,0.014383
1618477612728,-0.021220
1618477612822,-0.130874
1618477612916,-0.058007
1618477613010,-0.055888
1618477613104,-0.094087
1618477613198,-0.166249
1618477613292,0.087022
1618477613386,-0.128964
1618477613480,-0.166020
1618477613573,-0.057529
1618477613667,0.014155
1618477613761,-0.092426
1618477613855,-0.129711
1618477613949,-0.129711
1618477614043,0.014861
1618477614137,-0.056365
1618477614231,-0.021240
1618477614325,-0.057549
1618477614419,0.050942
1618477614513,-0.022383
1618477614607,0.051170
1618477614701,0.014383
1618477614791,-0.022135
1618477614885,-0.057986
1618477614979,-0.165065
1618477615073,-0.022632
1618477615167,-0.057758
1618477615261,0.014652
1618477615355,-0.020991
1618477615449,0.050235
1618477615543,-0.128715
1618477615637,-0.130397
1618477615731,-0.056594
1618477615825,-0.058007
1618477615919,-0.057778
1618477616011,0.015608
1618477616105,-0.092446
1618477616199,-0.020493
1618477616293,0.013469
1618477616387,-0.058464
1618477616481,-0.165563
1618477616575,-0.057778
1618477616669,-0.093152
1618477616763,0.051191
1618477616857,-0.057798
1618477616951,-0.022632
1618477617045,0.014632
1618477617139,-0.057986
1618477617234,-0.058713
1618477617329,-0.056345
1618477617424,-0.020016
1618477617519,-0.022612
1618477617614,-0.129690
1618477617709,-0.020244
1618477617804,-0.020742
1618477617899,0.087978
1618477617994,-0.022155
1618477618089,-0.057778
1618477618184,-0.021220
1618477618279,0.014155
1618477618374,-0.020742
1618477618469,0.016045
1618477618563,-0.057986
1618477618657,-0.018852
1618477618751,0.049946
1618477618845,0.050921
1618477618939,-0.093361
1618477619033,0.013657
1618477619127,0.013697
1618477619221,-0.057072
1618477619315,-0.165314
1618477619409,-0.020534
1618477619503,-0.020991
1618477619597,0.052603
1618477619688,-0.057280
1618477619782,-0.056116
1618477619876,-0.021697
1618477619970,-0.021220
1618477620064,0.014841
1618477620158,-0.019081
1618477620252,-0.054684
1618477620346,0.016025
1618477620440,0.161531
1618477620534,0.052583
1618477620628,-0.058007
1618477620722,-0.091511
1618477620816,0.051150
1618477620908,0.089350
1618477621002,-0.054495
1618477621096,-0.055222
1618477621190,0.052980
1618477621284,0.054123
1618477621378,0.019146
1618477621472,-0.242447
1618477621566,-0.133788
1618477621660,0.020784
1618477621754,-0.035288
1618477621848,0.057510
1618477621942,0.004383
1618477622036,0.050156
1618477622125,0.080292
1618477622221,0.158512
1618477622317,0.192941
1618477622413,0.174425
1618477622509,0.097866
1618477622605,0.318248
1618477622701,0.254016
1618477622797,0.397230
1618477622893,0.598108
1618477622989,1.056131
1618477623085,1.808592
1618477623181,2.054491
1618477623277,0.751099
1618477623377,2.915254
1618477623471,-9.535679
1618477623565,-2.720209
1618477623659,-6.582027
1618477623753,-8.135118
1618477623847,-3.084298
1618477623941,3.301278
1618477624035,2.395480
1618477624129,1.927824
1618477624223,1.351488
1618477624317,0.954204
1618477624411,0.700414
1618477624505,0.483910
1618477624594,0.663378
1618477624688,0.592858
1618477624782,0.377599
1618477624876,0.375190
1618477624970,0.448556
1618477625064,0.230868
1618477625158,0.195971
1618477625252,0.231116
1618477625346,0.124516
1618477625440,0.124287
1618477625534,0.086545
1618477625628,0.158020
1618477625722,0.086336
1618477625813,0.195971
1618477625907,0.123083
1618477626001,0.123332
1618477626095,0.122854
1618477626189,0.087500
1618477626283,0.086773
1618477626377,-0.131123
1618477626471,0.086504
1618477626565,0.086794
1618477626659,0.087480
1618477626753,0.123103
1618477626847,0.085838
1618477626941,0.015567
1618477627031,0.122874
1618477627125,0.014612
1618477627219,0.086316
1618477627313,0.086545
1618477627407,0.049051
1618477627501,0.086296
1618477627595,-0.021657
1618477627689,0.087500
1618477627783,0.123332
1618477627877,-0.094545
1618477627971,0.085859
1618477628065,-0.020971
1618477628159,0.086773
1618477628251,0.086316
1618477628345,0.086773
1618477628439,0.087231
1618477628533,0.087729
1618477628627,0.012722
1618477628721,0.051379
1618477628815,-0.058027
1618477628909,-0.021240
1618477629003,0.086814
1618477629097,0.087708
1618477629191,-0.021469
1618477629285,-0.057072
1618477629379,-0.057986
1618477629477,0.086545
1618477629571,0.087998
1618477629665,0.052146
1618477629759,0.087271
1618477629853,0.087043
1618477629947,0.086773
1618477630041,0.124516
1618477630135,0.050464
1618477630229,0.087460
1618477630323,-0.056096
1618477630417,0.085838
1618477630511,0.051419
1618477630605,0.049260
1618477630703,0.049946
1618477630799,0.015070
1618477630895,0.014383
1618477630991,0.087500
1618477631087,0.051150
1618477631183,0.050403
1618477631279,-0.166726
1618477631375,-0.092426
1618477631471,0.087002
1618477631567,0.015339
1618477631663,-0.056823
1618477631759,0.050982
1618477631855,0.086316
1618477631948,-0.060146
1618477632042,0.087291
1618477632136,0.123560
1618477632230,0.087251
1618477632324,0.014841
1618477632418,0.086773
1618477632512,0.086773
1618477632606,0.086545
1618477632700,0.015298
1618477632794,-0.091262
1618477632888,0.087937
1618477632982,-0.057072
1618477633076,0.016025
1618477633167,0.050693
1618477633261,0.050235
1618477633355,0.087978
1618477633449,0.050693
1618477633543,0.014841
1618477633637,-0.166498
1618477633731,0.124536
1618477633825,0.015567
1618477633919,0.159164
1618477634013,-0.019538
1618477634107,0.016751
1618477634201,0.013926
1618477634295,-0.091262
1618477634386,0.123372
1618477634480,0.015796
1618477634574,-0.023171
1618477634668,0.087022
1618477634762,0.087231
1618477634856,-4.134694
1618477634950,0.087480
1618477635044,-0.020991
1618477635138,0.087022
1618477635232,0.050921
1618477635326,0.049549
1618477635420,0.014155
