1618476596932,-9.218458224,257.982866918,379.969495400
1618476597027,-10.218457232,258.982876077,380.969495539
1618476597122,-8.218460108,258.982849521,381.969495137
1618476597217,-5.218457291,258.982875528,382.969495531
1618476597312,-9.218458224,257.982866918,379.969495400
1618476597410,-7.218458899,259.982860683,379.969495306
1618476597504,-10.218460572,257.982845239,377.969495073
1618476597598,-8.218458033,260.982868678,379.969495427
1618476597692,-7.218459408,260.982855982,380.969495235
1618476597786,-7.218457629,257.982872410,379.969495484
1618476597880,-9.218458607,258.982863380,381.969495347
1618476597974,-8.218459851,257.982851895,378.969495173
1618476598068,-9.218458350,257.982865755,378.969495383
1618476598162,-7.218458007,257.982868921,376.969495431
1618476598256,-9.218458224,257.982866918,379.969495400
1618476598350,-10.218459942,257.982851055,382.969495161
1618476598444,-10.218460194,257.982848729,380.969495125
1618476598538,-8.218460360,258.982847194,379.969495102
1618476598627,-10.218457106,258.982877240,381.969495557
1618476598721,-10.218457867,259.982870213,380.969495450
1618476598815,-8.218457650,259.982872216,377.969495481
1618476598909,-9.218458859,258.982861054,379.969495312
1618476599003,-8.218457272,259.982875705,380.969495533
1618476599097,-9.218459494,259.982855190,379.969495223
1618476599191,-8.218459051,262.982859277,381.969495285
1618476599285,-8.218459599,257.982854221,380.969495208
1618476599379,-10.218457106,258.982877240,381.969495557
1618476599473,-7.218458012,258.982868873,381.969495430
1618476599567,-9.218458224,257.982866918,379.969495400
1618476599661,-5.218458430,259.982865012,378.969495372
1618476599755,-7.218458264,258.982866546,379.969495395
1618476599852,-8.218460234,258.982848358,380.969495120
1618476599946,4.783670575,405.738455285,382.203966239
1618476600040,-9.218460003,260.982850489,380.969495152
1618476600134,-6.218458626,257.982863203,383.969495344
1618476600228,-9.218457846,257.982870407,382.969495453
1618476600322,-9.218460129,260.982849326,379.969495134
1618476600416,-6.218457312,260.982875334,380.969495528
1618476600510,-9.218458859,258.982861054,379.969495312
1618476600604,-8.218458203,255.982867112,381.969495403
1618476600698,-10.218460068,257.982849892,381.969495143
1618476600792,-10.218460320,257.982847566,379.969495108
1618476600886,-7.218457503,257.982873573,380.969495501
1618476600980,-9.218458098,257.982868081,380.969495418
1618476601071,-10.218457358,258.982874913,379.969495521
1618476601165,-8.218460360,258.982847194,379.969495102
1618476601259,-9.218459494,259.982855190,379.969495223
1618476601353,-9.218458859,258.982861054,379.969495312
1618476601447,-7.218457333,262.982875139,378.969495525
1618476601541,-13.218459797,258.982852395,381.969495181
1618476601635,6.301429678,401.285686005,384.136628122
1618476601729,-7.218458647,259.982863009,381.969495341
1618476601823,-8.218457272,259.982875705,380.969495533
1618476601917,-5.218460631,257.982844691,379.969495064
1618476602011,-8.218460360,258.982847194,379.969495102
1618476602105,-6.218459130,257.982858551,379.969495274
1618476602199,-8.218458668,261.982862814,379.969495338
1618476602289,-7.218460043,261.982850118,380.969495146
1618476602383,-5.218459487,255.982855256,378.969495224
1618476602477,-8.218457398,259.982874542,379.969495516
1618476602571,-9.218460003,260.982850489,380.969495152
1618476602665,-7.218457629,257.982872410,379.969495484
1618476602759,-10.218457993,259.982869050,379.969495433
1618476602853,-6.218457438,260.982874171,379.969495510
1618476602947,-8.218460360,258.982847194,379.969495102
1618476603041,-5.218458304,259.982866175,379.969495389
1618476603135,-8.218459725,257.982853058,379.969495191
1618476603229,-5.218457543,258.982873202,380.969495496
1618476603323,-10.218457484,258.982873750,378.969495504
1618476603417,-5.218458052,259.982868501,381.969495424
1618476603515,-7.218457755,257.982871247,378.969495466
1618476603611,-6.218458495,256.982864415,379.969495363
1618476603707,-8.218457398,259.982874542,379.969495516
1618476603803,-6.218460400,259.982846823,379.969495097
1618476603899,-5.218460631,257.982844691,379.969495064
1618476603995,-5.218457795,258.982870876,378.969495460
1618476604091,-5.218458052,259.982868501,381.969495424
1618476604187,-5.218460505,257.982845854,380.969495082
1618476604283,-4.218460227,254.982848423,379.969495121
1618476604379,-3.218458766,255.982861911,379.969495325
1618476604475,-3.218460036,257.982850184,379.969495147
1618476604571,0.781541154,257.982861169,379.969495314
1618476604667,-0.218459125,260.982858600,380.969495275
1618476604769,12.781541000,257.982859749,378.969495292
1618476604861,14.781541721,257.982866405,379.969495393
1618476604953,22.781541560,261.982864919,379.969495370
1618476605045,41.781539992,275.982850447,378.969495151
1618476605137,65.781540008,304.982850592,382.969495154
1618476605229,69.781540803,355.982857935,379.969495265
1618476605321,67.781539841,446.982849052,378.969495130
1618476605413,19.781542345,494.982872169,382.969495480
1618476605505,-28.218460227,549.982848423,381.969495121
1618476605597,-133.218460603,339.982844949,381.969495068
1618476605689,-81.218459020,214.982859563,383.969495289
1618476605781,-49.218458224,217.982866918,386.969495400
1618476605873,77.781540829,297.982858171,382.969495268
1618476605970,-79.218458530,396.982864092,386.969495358
1618476606064,-13.218460244,274.982848260,401.969495118
1618476606158,-20.218457774,264.982871069,401.969495463
1618476606252,-37.218458140,265.982867694,429.969495412
1618476606346,-28.218460074,257.982849834,452.969495142
1618476606440,-20.218457710,260.982871660,467.969495472
1618476606534,-17.218458976,259.982859973,402.969495295
1618476606628,-16.218458751,258.982862047,325.969495327
1618476606722,-13.218459863,260.982851779,362.969495172
1618476606816,-10.218458551,256.982863898,388.969495355
1618476606910,-14.218457226,257.982876129,413.969495540
1618476607004,-11.218460407,261.982846754,358.969495096
1618476607098,-10.218460432,257.982846524,321.969495092
1618476607190,-9.218459687,261.982853410,359.969495196
1618476607285,-11.218459577,260.982854424,331.969495212
1618476607380,-10.218458432,260.982864991,352.969495371
1618476607475,-14.218459895,264.982851488,370.969495167
1618476607570,-9.218457666,260.982872069,370.969495478
1618476607665,-9.218458728,257.982862265,375.969495330
1618476607760,-11.218459323,257.982856772,375.969495247
1618476607855,-10.218458749,259.982862070,373.969495327
1618476607950,-9.218459111,258.982858728,377.969495277
1618476608045,-9.218458602,257.982863428,376.969495348
1618476608140,-10.218457101,257.982877288,376.969495557
1618476608235,-8.218458794,261.982861651,378.969495321
1618476608330,-10.218457358,258.982874913,379.969495521
1618476608424,-8.218457776,259.982871053,376.969495463
1618476608517,-8.218458033,260.982868678,379.969495427
1618476608610,-11.218459328,258.982856725,380.969495246
1618476608703,-9.218459494,259.982855190,379.969495223
1618476608796,-9.218458098,257.982868081,380.969495418
1618476608889,-8.218459473,257.982855385,381.969495226
1618476608982,-11.218457127,260.982877045,379.969495554
1618476609075,5.043895661,379.440755238,381.821395443
1618476609168,-9.218458733,258.982862217,380.969495329
1618476609261,-10.218457232,258.982876077,380.969495539
1618476609354,-10.218458885,261.982860811,382.969495308
1618476609447,-10.218457232,258.982876077,380.969495539
1618476609540,-8.218458668,261.982862814,379.969495338
1618476609639,-10.218458628,260.982863186,379.969495344
1618476609734,-7.218457629,257.982872410,379.969495484
1618476609829,-8.218457267,258.982875753,375.969495534
1618476609924,-10.218460068,257.982849892,381.969495143
1618476610019,-10.218458754,260.982862023,378.969495326
1618476610114,-9.218460255,260.982848163,378.969495117
1618476610209,-8.218458920,261.982860488,377.969495303
1618476610304,-10.218457106,258.982877240,381.969495557
1618476610399,-12.218457827,258.982870584,380.969495456
1618476610494,-12.218457531,263.982873313,379.969495497
1618476610589,-8.218457398,259.982874542,379.969495516
1618476610684,-11.218457937,257.982869568,386.969495441
1618476610779,-10.218459389,261.982856159,378.969495238
1618476610878,-7.218459786,260.982852492,377.969495182
1618476610972,-10.218457993,259.982869050,379.969495433
1618476611066,-10.218457358,258.982874913,379.969495521
1618476611160,-11.218460089,259.982849698,379.969495140
1618476611254,-10.218457993,259.982869050,379.969495433
1618476611348,-10.218460194,257.982848729,380.969495125
1618476611442,-10.218457445,264.982874105,380.969495509
1618476611536,-8.218459851,257.982851895,378.969495173
1618476611630,-10.218457062,263.982877642,378.969495563
1618476611724,-8.218460360,258.982847194,379.969495102
1618476611818,-10.218459011,261.982859648,381.969495291
1618476611912,-10.218459520,262.982854948,382.969495219
1618476612006,-9.218458733,258.982862217,380.969495329
1618476612096,-8.218457398,259.982874542,379.969495516
1618476612191,-10.218457358,258.982874913,379.969495521
1618476612286,-7.218458899,259.982860683,379.969495306
1618476612381,-6.218460017,258.982850361,377.969495150
1618476612476,-8.218457776,259.982871053,376.969495463
1618476612571,-8.218460612,258.982844868,377.969495067
1618476612666,-8.218458159,260.982867515,378.969495410
1618476612761,-12.218458588,259.982863557,379.969495350
1618476612856,-8.218458411,260.982865189,376.969495374
1618476612951,-8.218460360,258.982847194,379.969495102
1618476613046,-7.218459282,260.982857145,381.969495253
1618476613141,-9.218457419,261.982874347,377.969495513
1618476613236,-5.218458178,259.982867338,380.969495407
1618476613330,-8.218459725,257.982853058,379.969495191
1618476613424,-11.218459328,258.982856725,380.969495246
1618476613518,-10.218460024,262.982850295,378.969495149
1618476613612,-7.218459025,259.982859519,378.969495289
1618476613706,-10.218460320,257.982847566,379.969495108
1618476613800,-10.218458754,260.982862023,378.969495326
1618476613894,-10.218460320,257.982847566,379.969495108
1618476613988,-9.218459494,259.982855190,379.969495223
1618476614082,-10.218458376,260.982865512,381.969495379
1618476614176,-9.218457589,256.982872782,379.969495489
1618476614270,-9.218457167,261.982876674,379.969495548
1618476614364,-9.218459494,259.982855190,379.969495223
1618476614458,-12.218458845,260.982861183,382.969495314
1618476614549,-8.218460360,258.982847194,379.969495102
1618476614643,-12.218457318,257.982875285,379.969495527
1618476614737,-5.218457374,263.982874768,378.969495519
1618476614831,-7.218458899,259.982860683,379.969495306
1618476614925,-10.218458754,260.982862023,378.969495326
1618476615019,-6.218457947,261.982869470,380.969495439
1618476615113,-10.218459263,261.982857322,379.969495255
1618476615207,-9.218457167,261.982876674,379.969495548
1618476615301,-10.218460320,257.982847566,379.969495108
1618476615395,-7.218459025,259.982859519,378.969495289
1618476615489,-8.218459303,262.982856950,379.969495250
1618476615583,-10.218460572,257.982845239,377.969495073
1618476615677,-9.218460129,260.982849326,379.969495134
1618476615767,-8.218460486,258.982846031,378.969495085
1618476615861,-10.218460276,262.982847968,376.969495114
1618476615955,-10.218458497,259.982864397,375.969495362
1618476616049,-7.218458894,258.982860730,374.969495307
1618476616143,-9.218458728,257.982862265,375.969495330
