1610678976482,-1213.291701163,-655.397227299,2312.552241982
1610678976576,-958.747241185,-451.761683742,1849.372234731
1610678976670,1583.697255218,1128.413883607,-1659.341155767
1610678976764,1537.788342519,1229.231694002,-1609.432266516
1610678976858,-605.385003113,-347.943917811,1649.736676054
1610678976952,-602.385055201,-502.670516804,2158.825572194
1610678977046,-400.749490991,-42.490516499,782.285549851
1610678977140,-95.296153145,363.780601907,119.469983476
1610678977234,1485.879446409,869.869474566,-1149.252259163
1610678977328,1384.061680055,820.960567217,-845.798920573
1610678977422,-1114.473917687,-808.123901896,2615.005580387
1610678977516,-1422.927272888,-653.397209997,2511.187800601
1610678977606,873.972787902,922.778339853,-947.616699910
1610678977700,1075.608337344,970.687242289,-1405.796707587
1610678977794,416.792773489,262.962782822,377.014432679
1610678977888,265.066101627,109.236117298,936.012219549
1610678977982,-1110.473908148,-552.579466144,1901.281124496
1610678978076,-957.747274342,-301.034969915,1704.645564892
1610678978170,1489.879413880,1178.322856710,-1509.614487871
1610678978264,1745.423891342,1226.231707551,-1559.523377001
1610678978358,-546.476133993,-453.761669501,2054.007793396
1610678978452,-903.838398003,-505.670510770,2363.461130984
1610678978546,-239.022791569,155.145001620,377.014432706
1610678978640,-27.387221714,356.780545719,17.652204887
1610678978734,1503.879493174,862.869411569,-895.707809605
1610678978826,1167.517221328,541.416132254,-437.527803016
1610678978920,-1199.200638294,-868.123832593,2667.914469056
1610678979014,-1088.382833064,-777.306087893,2563.096690142
1610678979108,1179.790582892,740.778318906,-1301.978927635
1610678979202,1423.243921553,801.504987611,-1353.887817349
1610678979296,180.974981135,-398.763868944,834.194439899
1610678979390,-146.478336126,-286.399456198,1394.192227254
1610678979484,-1112.473891081,-424.943930254,1655.736676243
1610678979578,-1233.838337974,-124.035032754,1350.283337802
1610678979672,1446.606127565,1473.413907010,-1655.341156122
1610678979766,1696.697240449,1388.413903502,-1500.614486907
1610678979860,-825.838332906,-538.488377904,2320.552242594
1610678979954,-917.747214799,-485.670609007,2479.278911915
1610678980045,135.339413192,374.780591865,134.469983628
1610678980139,326.974944546,518.507298109,-288.801134698
1610678980233,1342.152763274,925.778383110,-653.981141685
1610678980327,626.428335314,364.780558298,176.196653299
1610678980421,-1463.836174888,-757.214972897,2357.914469512
1610678980515,-1312.109515852,-653.397179815,2443.552241262
1610678980609,1181.426082121,822.960619824,-1248.161149414
1610678980703,1485.879450173,1128.413918098,-1396.523376849
1610678980797,110.339442654,-42.490565587,1223.647778639
1610678980891,-144.205020960,-44.490545365,1383.283337214
1610678980985,-958.747243096,-296.035012006,1617.827786089
1610678981079,-754.111683958,-43.490563749,1152.647778611
1610678981173,1586.697250765,1076.504999885,-1753.158935299
1610678981266,1537.788360278,1123.413890638,-1451.705596992
1610678981360,-859.929491764,-551.579422743,2312.552241601
1610678981454,-1318.109475850,-706.306123423,2463.278911240
1610678981548,108.339435858,361.780561331,-79.165574790
1610678981642,465.701654921,718.142801471,-538.345582458
1610678981736,1075.608353501,669.233882202,-489.436692289
1610678981830,925.881674975,463.598335936,20.652204724
1610678981924,-1315.109458268,-707.306147109,2513.187801320
1610678982018,-1262.200604633,-706.306098498,2206.734462260
1610678982112,1280.243911567,921.778331903,-1557.523376435
1610678982206,1383.061691317,1128.413890368,-1661.341155869
1610678982300,7.521647846,-247.126103768,1137.647778325
1610678982394,-299.931698636,-247.126092776,1700.645565083
1610678982485,-705.202823926,-246.126082637,1345.283336886
1610678982580,-400.749457477,-46.490561645,1036.829999138
1610678982675,1634.606156960,1022.596087972,-1559.523376080
1610678982770,1585.697234745,1074.505021465,-1403.796707583
1610678982865,-1063.565047153,-705.306096609,2362.461131393
1610678982960,-1318.109483456,-756.215002897,2614.005580246
1610678983055,160.248290182,312.871719293,-388.618913836
1610678983150,970.790579018,770.051654964,-1201.161148274
1610678983245,1125.517203225,619.325046361,-389.618913666
1610678983340,822.063912484,364.780533661,17.652205070
1610678983435,-1318.109440765,-706.306170686,2464.278911957
1610678983530,-1262.200594357,-605.488332899,2257.643352191
1610678983625,1381.061684002,1076.505010502,-1507.614486858
1610678983719,1484.879487329,1126.413868045,-1661.341155531
1610678983813,-146.205002263,-246.126129433,1189.556668434
1610678983907,-299.931683941,-246.126112572,1497.010006501
1610678984001,-809.020592184,-144.308318261,1189.556667953
1610678984095,-553.476132540,5.418336025,734.376660695
1610678984189,1534.788376859,1024.596088861,-1352.887817212
1610678984283,1483.879429300,974.687277055,-1407.796708115
1610678984377,-1118.473925948,-703.306111326,2565.096690498
1610678984471,-1267.200609538,-705.306091890,2464.278910762
1610678984565,nan,nan,nan
