1618477973787,-95.512659153,231.627373582,239.855012375
1618477973882,-99.103921063,227.263474589,233.798340216
1618477973977,-82.132561626,220.460088172,232.849939543
1618477974071,-92.041008738,228.044118687,230.996069333
1618477974165,-98.656682764,230.933991947,230.649508782
1618477974259,-106.673596464,245.786387294,230.593543101
1618477974353,-96.157723162,231.245520569,232.889032813
1618477974447,-99.540629324,231.960809987,234.468933444
1618477974541,-96.299348289,230.322049747,230.971307616
1618477974635,-98.858650343,239.454621076,231.246752286
1618477974729,-97.745418979,234.181130127,233.449304458
1618477974823,-97.712957713,237.842862038,234.835813858
1618477974917,-105.311381276,240.017521705,233.107508751
1618477975011,-92.928570450,226.923153499,233.006846487
1618477975105,-88.233070874,223.795728477,233.552757279
1618477975195,-91.564518418,228.455656848,232.137590193
1618477975290,-97.510451753,232.700835051,236.759374452
1618477975385,-95.745827694,234.105733566,233.545114784
1618477975480,-79.206349087,214.160290046,234.322114557
1618477975575,-97.390706874,228.496172896,230.866701440
1618477975670,-98.259811993,231.582860247,234.591699146
1618477975765,-78.383142866,219.502163747,233.113469960
1618477975860,-84.459227527,221.963199738,232.626929778
1618477975955,-88.126827360,220.605591581,234.658790168
1618477976050,-91.657752063,229.707633526,230.936954793
1618477976145,-82.105458122,218.279256698,231.044236403
1618477976240,-88.220535119,218.554733247,232.841507328
1618477976335,-86.548344513,226.059075023,234.618387959
1618477976433,-106.518122367,238.391613809,232.895993719
1618477976527,-91.813336983,226.723344886,234.113741058
1618477976621,-90.666364757,227.489390564,235.223677774
1618477976715,-90.896213604,226.660834020,235.297496377
1618477976809,-93.352242557,228.378955319,229.966237727
1618477976903,-108.841642668,248.118850035,231.385736954
1618477976997,-98.719200020,238.380431630,232.164269029
1618477977091,-98.712994201,237.222082645,232.356562856
1618477977185,-94.051726832,230.055649602,234.995042009
1618477977279,-88.160464228,221.793451885,235.463867089
1618477977373,-95.033872105,233.263949651,237.709204873
1618477977467,-98.585096921,235.008649842,233.464671247
1618477977561,-93.371242925,226.323560333,232.060266052
1618477977651,-85.172120335,226.957664488,237.271050855
1618477977746,-85.881904904,220.342095119,235.682265863
1618477977841,-102.922180952,239.598805880,233.144813408
1618477977936,-85.957331774,220.423242082,232.675036235
1618477978031,-96.034022945,233.491620741,233.421641912
1618477978126,-94.958792896,231.107340443,234.812250678
1618477978221,-87.414523916,222.066778511,231.439515595
1618477978316,-83.679684086,222.200374899,231.605799127
1618477978411,-99.202057656,235.672398577,231.405535868
1618477978506,-93.988614272,224.836078280,232.192790318
1618477978601,-94.473097815,229.433139518,235.050503312
1618477978696,-91.842354963,224.451218399,234.494357703
1618477978791,-92.847936071,228.760567840,232.110424753
1618477978884,-93.089841310,229.020818269,233.087238256
1618477978978,-96.537928562,230.578723058,234.948439816
1618477979072,-87.504377963,222.011774213,233.622602131
1618477979166,-101.588998729,233.012847548,233.464297261
1618477979260,-90.941374424,223.633583397,239.389017236
1618477979354,-93.431120999,224.312143067,235.150376269
1618477979448,-92.457613604,229.492317313,233.956137964
1618477979542,-82.716842094,220.088678291,232.793936552
1618477979636,-98.130691096,232.368111033,231.699924821
1618477979730,-98.327796800,234.656000769,231.585182836
1618477979824,-83.674627004,221.967425496,233.893832348
1618477979918,-85.006323292,213.324276393,230.862039425
1618477980012,-95.036316775,225.887398363,231.188218057
1618477980106,-112.174995074,243.325810104,231.545484294
1618477980201,-91.518117803,226.405737384,235.142037669
1618477980296,-90.270069815,221.138878361,233.165812945
1618477980391,-91.998807367,224.847044381,233.191813315
1618477980486,-93.462612156,226.194349855,235.339056860
1618477980581,-98.900114357,236.271720754,231.530326484
1618477980676,-93.976014948,226.746687200,234.289847458
1618477980771,-86.732812740,221.105860091,231.792405774
1618477980866,-102.000316101,239.682866506,233.137324193
1618477980961,-94.196783964,228.211707326,233.981138355
1618477981056,-92.355154974,225.002907250,233.445206078
1618477981151,-95.055178828,222.907690844,234.186410139
1618477981246,-91.975324288,221.594271622,231.481612660
1618477981337,-104.258976215,230.506124816,235.687628756
1618477981431,-97.415426954,225.295258843,235.151880536
1618477981525,-89.381621139,220.803871699,235.730217812
1618477981619,-95.240038876,225.803224907,234.552089400
1618477981713,-111.704459913,242.440409959,229.069832360
1618477981807,-110.642655694,233.918901117,234.650853269
1618477981901,-110.119148355,231.204020392,229.892730189
1618477981995,-102.333644362,222.828092814,234.638966861
1618477982089,-121.070175852,238.606351620,230.322327173
1618477982183,-123.488835360,242.829251893,231.569747371
1618477982277,-104.355210756,262.533821155,239.774254224
1618477982371,-124.089531221,274.627174828,233.320471970
1618477982465,-105.413453725,246.217299702,233.247919170
1618477982556,-134.828070128,261.042540419,229.728930889
1618477982650,-187.895613511,372.266878581,235.530757888
1618477982744,-52.680218199,425.731803410,230.934801425
1618477982838,-2.803728502,310.016352815,235.731264022
1618477982932,-11.275369126,196.841234472,230.548703013
1618477983026,-58.813095362,135.343903589,234.593011722
1618477983120,-118.410095660,164.137850703,233.344090540
1618477983214,-134.889653619,175.639648065,231.052081636
1618477983308,-170.211519855,184.606742084,234.500478422
1618477983402,-199.164627076,264.101275510,231.080070078
1618477983496,-223.782746912,385.538762437,230.308372103
1618477983590,-106.602090562,493.571914595,229.038139421
1618477983684,-141.173782678,480.703687117,228.066352997
1618477983774,-62.941238642,481.164291211,232.718083744
1618477983868,-37.907341862,399.672806203,223.296429739
1618477983962,-23.279150555,362.148647751,223.164942561
1618477984056,-13.006962009,317.159162522,211.807633693
1618477984150,-11.632033906,271.224947378,195.514516871
1618477984244,-28.102993879,246.731623198,153.469375593
1618477984338,-39.675106161,233.271286072,161.510388417
1618477984432,-61.964990401,242.569025567,206.236559645
1618477984526,-73.576818267,233.999743365,223.465464752
1618477984620,-71.968845149,226.890646211,285.098835678
1618477984714,-77.455225555,221.262239352,270.243915361
1618477984808,-71.114188475,215.516157940,217.755851100
1618477984902,-89.914873833,234.439272075,189.337212794
1618477984992,-87.270558604,230.366913030,185.878217592
1618477985087,-89.149066598,229.463716334,152.602314037
1618477985182,-80.110733969,217.664113998,142.564483210
1618477985277,-86.106334763,227.266071336,151.798108864
1618477985372,-90.561400852,229.679811669,235.850340508
1618477985467,-91.158930865,230.398492400,295.697218053
1618477985562,-95.595907841,232.096116891,309.367785525
1618477985657,-99.546375295,237.270336793,324.084984692
1618477985752,-90.585217986,226.553762465,308.039756649
1618477985847,-92.242159443,231.488032723,301.689240635
1618477985942,-98.845695351,231.289011085,287.439693018
1618477986037,-86.587926186,223.329167234,274.327045572
1618477986132,-86.913500308,226.755267953,260.199989954
1618477986227,-88.530444312,223.191489878,253.428404682
1618477986321,-85.194634349,222.906049611,247.364742399
1618477986415,-85.529482278,221.114618617,246.524346394
1618477986509,-87.427348563,223.156412003,243.342436857
1618477986603,-104.692634746,237.351851745,240.166815297
1618477986697,-95.372170071,229.552066602,241.772628682
1618477986791,-94.785498606,228.996740431,236.733011349
1618477986885,-87.890334502,223.502836527,237.489758888
1618477986979,-97.489466615,231.754094748,236.665536366
1618477987073,-94.998948153,233.226377196,235.712552316
1618477987167,-85.456918757,224.112388419,237.435452070
1618477987261,-89.044006839,225.743999072,236.379179970
1618477987355,-102.596622311,241.551903166,233.792620037
1618477987445,-92.493280219,229.606525022,236.856869836
1618477987539,-85.511986454,218.868287164,235.813571863
1618477987633,-92.353706358,228.228857588,233.157796424
1618477987727,-87.262854233,221.903606766,236.454053058
1618477987821,-100.572960038,240.919756272,232.561684062
1618477987915,-87.410015760,224.986092204,233.535797200
1618477988009,-86.702474024,226.452401952,232.316066219
1618477988103,-97.486685973,232.826939504,232.569953388
1618477988197,-93.852029026,233.144152541,234.630784940
1618477988291,-94.050926621,230.206461247,233.803419707
1618477988385,-94.018401813,232.323142419,230.614838191
1618477988479,-96.236198457,232.557455948,234.593962492
1618477988573,-91.158684403,226.019045896,232.176489181
1618477988667,-94.523455455,228.638988635,231.853977555
1618477988761,-90.396496807,226.350729376,235.057845480
1618477988855,-86.854761570,221.388729607,233.589018037
1618477988949,-98.312167863,238.790859132,232.394981860
1618477989043,-90.792289883,226.549029112,232.307457414
1618477989137,-93.976047932,230.201740308,235.714747291
1618477989231,-90.998836715,233.302093577,232.616713496
1618477989325,-95.123562944,235.057097227,233.084006054
1618477989419,-90.021760602,225.871738304,236.189613259
1618477989513,-92.923739276,229.993792218,236.911460051
1618477989607,-90.058060527,224.759118539,233.377832931
1618477989701,-77.131568000,208.004001571,233.425131788
1618477989795,-89.390410805,223.040836752,233.441826824
1618477989887,-85.970512951,225.740767952,233.290374822
1618477989981,-95.672593527,231.951109323,233.647983743
1618477990075,-99.424074853,234.835416460,232.480105132
1618477990169,-81.006621751,216.248761216,234.957860318
1618477990263,-95.763620942,231.897367377,233.830957813
1618477990357,-102.926237378,237.527333659,232.240274103
1618477990451,-98.323574361,236.803130656,232.393888553
1618477990545,-72.458607639,207.900825053,234.968882208
1618477990639,-95.594802558,231.867418977,231.655439969
1618477990733,-84.613017511,217.901143769,232.899737587
1618477990827,-95.134246992,235.144427783,232.987132493
1618477990921,-93.753209522,229.962002664,231.736106241
1618477991015,-87.471731304,223.052488024,233.529881796
1618477991106,-96.571714202,231.766743416,232.753502477
1618477991200,-86.909581051,223.751051475,234.200365613
1618477991294,-100.420973972,237.983752961,231.288703348
1618477991388,-86.539198124,224.200907546,233.427565634
1618477991482,-89.842599856,226.603154405,231.302635228
1618477991576,-98.131607249,234.596605474,231.412288505
1618477991670,-90.955698200,225.648993435,233.387644309
1618477991764,-91.910812537,224.904048892,232.008548574
1618477991858,-91.917158192,225.759203237,234.199639348
1618477991952,-95.674161010,232.952795678,231.647833501
1618477992046,-92.771091245,229.753731659,235.021940790
1618477992140,-93.761029191,227.742906536,231.022905233
1618477992234,-97.358738565,233.689289041,233.582217084
1618477992323,-86.463077128,223.815668737,233.818259797
1618477992417,-100.738674075,238.477218795,230.066552950
1618477992511,-87.124304179,225.830385863,231.371483510
1618477992605,-92.270050654,227.214694018,232.069965281
1618477992699,-98.263769610,230.359609183,230.878868314
1618477992793,-92.030128005,226.804903989,232.284660749
1618477992887,-90.880576469,227.871519834,235.011446686
1618477992981,-84.526096582,218.807631081,231.908068915
1618477993075,-94.056620826,232.212587279,231.802873920
1618477993169,-99.709483520,235.218305727,231.356899353
1618477993263,-97.689281777,233.120735688,231.454685181
1618477993357,-92.699801457,227.677035519,230.028773881
1618477993451,-92.301271914,226.399955523,231.875273736
1618477993539,-88.903819829,221.669017072,233.296767324
1618477993633,-89.634500568,227.379273643,236.322581441
1618477993727,-92.720476337,226.699278305,234.026792204
1618477993821,-97.810670366,238.099657395,234.634749147
1618477993915,-85.162160975,218.567768495,235.751252959
1618477994009,-91.014533625,226.636454448,231.477854464
