1618476181428	-65.419618	180.902222	229.139985
1618476181522	-60.294756	119.353331	220.175514
1618476181616	-100.696523	135.236243	234.116509
1618476181710	-62.447011	177.163817	270.759689
1618476181804	-85.348258	142.448311	242.591197
1618476181896	-136.694312	186.876809	268.464299
1618476181990	-108.615737	167.50576	238.78906
1618476182084	-101.28236	167.513148	237.865488
1618476182178	-89.896926	239.58673	268.312498
1618476182272	-94.439266	191.808151	241.751235
1618476182366	-109.088963	210.265431	214.653269
1618476182460	-98.240622	182.653781	211.485705
1618476182554	-93.635474	151.5966	257.013375
1618476182648	-93.668687	133.824623	266.476755
1618476182742	-119.843457	165.362997	215.172922
1618476182836	-84.619599	184.762436	252.506512
1618476182930	-130.630057	170.425839	208.407753
1618476183024	-87.370439	143.149496	252.430659
1618476183112	-107.578486	141.708727	274.288068
1618476183206	-100.024256	171.168263	242.088687
1618476183300	-63.677757	147.137196	209.765824
1618476183394	-53.701703	116.917564	240.921379
1618476183488	-84.297011	167.49797	232.050669
1618476183582	-95.964565	158.672749	243.863771
1618476183676	-100.66128	185.455515	249.249
1618476183770	-107.996581	186.668806	285.497202
1618476183864	-70.543637	102.51226	265.530712
1618476183958	-107.07305	174.459472	221.215346
1618476184052	-60.159149	92.147158	224.843717
1618476184146	-78.946926	175.273367	257.074783
1618476184240	-84.650164	196.82064	253.838841
1618476184331	-117.215648	134.941251	243.706883
1618476184425	-65.515444	129.101452	195.353044
1618476184519	-117.786014	181.010469	227.742744
1618476184613	-81.029798	159.251361	256.308188
1618476184707	-138.55887	110.232904	239.91712
1618476184801	-159.040706	169.351211	257.955471
1618476184895	-136.357304	177.296409	185.418449
1618476184989	-68.828305	204.685132	253.823439
1618476185083	-130.437144	172.696478	205.225128
1618476185177	-47.76981	96.55404	230.152622
1618476185271	-84.855693	130.434434	242.530991
1618476185365	-100.93154	201.737162	217.481384
1618476185459	-49.047394	178.108743	274.34443
1618476185549	-63.207692	137.707977	230.817134
1618476185643	-72.072189	165.92777	186.045361
1618476185737	-115.743608	168.142022	270.96108
1618476185831	-68.801699	161.33896	236.63308
1618476185925	-82.077061	132.47848	253.915466
1618476186019	-78.192382	224.960007	250.187631
1618476186113	-67.566421	165.138242	240.011699
1618476186207	-74.502177	199.601841	282.395789
1618476186301	-126.094429	154.156666	223.445059
1618476186395	-101.286884	193.553296	193.88787
1618476186489	-65.850256	133.913025	241.568228
1618476186583	-61.986514	158.985546	239.948208
1618476186677	-112.046801	161.293499	250.501779
1618476186770	-72.868725	151.269653	193.761644
1618476186864	-37.659744	187.495318	235.871564
1618476186958	-91.728646	119.599714	243.694226
1618476187052	-115.17516	206.74256	227.668768
1618476187146	-108.250559	182.833924	235.559228
1618476187240	-123.809254	208.974044	220.869846
1618476187334	-114.526857	89.652627	243.486874
1618476187428	-84.911657	145.188046	254.990787
1618476187522	-83.449902	123.630649	220.692251
1618476187616	-87.119287	160.409244	201.593585
1618476187710	-68.374117	196.039118	206.827942
1618476187804	-59.935547	167.398962	225.384977
1618476187898	-99.250744	190.595395	240.822837
1618476187989	-111.691082	154.863537	240.30065
1618476188083	-45.726594	187.931081	228.859079
1618476188177	-84.505102	116.64281	228.427747
1618476188271	-88.352231	159.560888	238.358975
1618476188365	-81.725412	127.244249	244.912273
1618476188459	-68.304917	148.472645	252.955438
1618476188553	-66.81942	187.299389	209.725345
1618476188647	-68.322512	156.678073	267.986131
1618476188741	-86.725183	153.845067	200.339911
1618476188835	-91.421371	216.03108	229.431033
1618476188929	-84.811731	134.059523	252.164376
1618476189023	-138.983823	155.069769	252.312942
1618476189117	-96.096282	188.280724	224.447173
1618476189205	-76.81888	191.02812	199.575203
1618476189299	-100.753199	185.655967	266.555593
1618476189393	-98.720911	220.150096	203.899917
1618476189487	-61.637003	159.985531	275.230059
1618476189581	-101.035542	161.060431	241.098831
1618476189675	-111.454087	132.863314	256.537183
1618476189769	-94.094344	124.552084	214.091932
1618476189863	-76.980392	229.752165	261.94656
1618476189957	-83.749617	176.200439	245.414762
1618476190051	-102.131572	166.153098	212.143559
1618476190145	-137.694416	122.965913	220.128007
1618476190239	-105.396877	229.089734	189.522336
1618476190333	-125.827219	185.270435	219.596003
1618476190423	-96.607925	153.752752	214.303947
1618476190517	-80.68097	144.106416	226.782272
1618476190611	-105.483191	113.422408	216.707958
1618476190705	-58.855808	152.530316	265.555854
1618476190799	-73.77019	221.342257	271.611718
1618476190893	-99.792756	180.825179	198.377437
1618476190987	-129.786596	172.300484	243.737779
1618476191081	-148.200279	200.474529	221.515746
1618476191175	-151.764876	218.804641	206.275677
1618476191269	-135.504542	201.784629	230.945644
1618476191363	-171.468915	360.348207	216.461569
1618476191457	-133.205534	353.246945	179.325842
1618476191551	-122.48459	419.577789	165.803883
1618476191643	-106.243766	522.866857	182.913933
1618476191737	-126.644219	566.322249	153.049956
1618476191831	-67.409013	571.87525	126.274394
1618476191925	-83.138707	608.517381	142.17939
1618476192019	-73.786143	588.459155	98.985722
1618476192113	-27.604324	661.317583	103.037045
1618476192207	60.917982	525.88819	132.975078
1618476192301	93.205836	273.343321	172.691411
1618476192395	47.752688	248.682939	257.009701
1618476192489	103.27248	148.536077	243.221109
1618476192583	8.140481	111.636978	285.414243
1618476192677	-22.605773	173.672034	273.756705
1618476192771	2.008871	154.192384	178.261419
1618476192871	-81.179896	129.202785	266.611779
1618476192965	-117.303773	149.095843	250.331901
1618476193059	-97.29169	285.941008	129.802682
1618476193153	-160.848098	414.654328	185.511225
1618476193247	-123.740632	513.356276	129.592197
1618476193341	-34.62274	551.821495	122.341218
1618476193435	43.094291	352.876399	107.567122
1618476193529	-36.321539	230.299817	134.978694
1618476193623	-3.14668	316.005667	148.670232
1618476193717	14.691118	270.247134	97.813546
1618476193811	-72.319786	291.931855	114.876245
1618476193905	-42.342581	180.564314	77.121859
1618476193999	-42.245068	235.568711	48.096152
1618476194097	-18.697437	219.546774	1.432052
1618476194192	-16.841707	149.273463	-17.238693
1618476194287	-72.990819	152.002783	53.401749
1618476194382	-1.497026	121.988596	31.995699
1618476194477	-19.539378	146.705729	60.303324
1618476194572	-61.561366	187.512955	240.758402
1618476194667	-92.121617	137.74197	248.417058
1618476194762	-71.918299	231.569215	147.795227
1618476194857	-77.272689	162.578556	88.918678
1618476194952	-91.692623	123.09979	74.106404
1618476195047	-55.780996	133.160509	120.919166
1618476195142	-82.914907	172.434506	146.265206
1618476195237	-50.996942	111.734928	0.888445
1618476195334	-135.448819	129.22219	1.427653
1618476195428	-135.290234	193.870708	27.319511
1618476195522	-90.117451	186.735868	103.582845
1618476195616	-99.004007	174.525689	204.770856
1618476195710	-134.989795	133.676828	216.723496
1618476195804	-58.416603	204.880056	195.104232
1618476195898	-45.110539	133.550428	209.582546
1618476195992	-117.43871	187.031187	188.271073
1618476196086	-111.248453	171.250296	186.560398
1618476196180	-76.288926	145.764921	186.250734
1618476196274	-106.444688	133.309381	209.359311
1618476196368	-52.384281	205.294979	203.228446
1618476196462	-99.176128	96.14823	217.970159
1618476196550	-105.78546	164.200696	194.939571
1618476196644	-91.281279	145.335054	236.483336
1618476196738	-103.319354	124.867599	236.992496
1618476196832	-116.869991	155.610573	212.636546
1618476196926	-119.734287	216.215385	248.353385
1618476197020	-115.76502	188.320279	274.888888
1618476197114	-90.933537	169.444676	282.131519
1618476197208	-62.69518	167.164345	245.2741
1618476197302	-131.072825	145.946192	207.173165
1618476197396	-102.931659	158.699851	229.556541
1618476197490	-80.090664	170.841818	237.489255
1618476197584	-141.513999	89.494573	199.406456
1618476197678	-88.872755	149.14932	214.278356
1618476197769	-91.597383	162.014961	233.502346
1618476197863	-113.410264	121.185259	210.708951
1618476197957	-90.242832	146.890485	247.313012
1618476198051	-107.4878	126.534244	248.638806
1618476198145	-106.388267	102.68392	240.581344
1618476198239	-86.301226	86.361559	262.855458
1618476198333	-90.654542	172.744438	223.264562
1618476198427	-74.223377	170.986517	208.285593
1618476198521	-96.752139	163.976575	194.827621
1618476198615	-75.002425	151.348733	268.898505
1618476198709	-93.160861	170.829088	241.28904
1618476198803	-114.681715	126.046336	253.154449
1618476198897	-68.903378	97.688361	228.779334
1618476198988	-105.165657	199.676527	254.054003
1618476199082	-81.007748	231.889767	237.118108
1618476199176	-73.26445	104.851618	217.349339
1618476199270	-91.995308	142.45303	225.349293
1618476199364	-66.1765	152.075817	221.026328
1618476199458	-130.394598	175.551348	197.58296
1618476199552	-105.065751	207.419832	246.85906
1618476199646	-82.169728	140.941671	212.758255
1618476199740	-119.379965	239.437894	286.379304
1618476199834	-113.717869	104.834374	249.879473
1618476199928	-76.323196	102.801739	266.114075
1618476200022	-115.969626	152.815486	245.012781
1618476200116	-107.938809	134.008274	228.819107
1618476200206	-133.873658	158.163692	277.378227
1618476200300	-104.481539	97.063209	231.828374
1618476200394	-118.189411	99.627562	290.741779
1618476200488	-92.112618	87.434867	243.326394
1618476200582	-33.753276	70.381193	251.15073
1618476200676	-142.187022	179.122395	252.73204
1618476200770	-97.684871	176.759083	224.132708
1618476200864	-122.474332	190.148445	245.957029
1618476200958	-74.581862	191.126385	242.4049
1618476201052	-88.000937	120.764629	271.05996
1618476201146	-114.751679	161.188983	231.046757
1618476201240	-58.884834	144.869112	212.396471
1618476201334	-116.002237	172.195881	175.403114
1618476201426	-101.270337	181.895109	254.20743
1618476201520	-81.796305	69.122533	271.169801
1618476201614	-104.12231	162.267195	211.608965
1618476201708	-74.998589	182.235328	230.229799
1618476201802	-84.834816	126.138844	223.641454
1618476201896	-98.588355	196.303433	229.715049
1618476201990	-91.112896	195.977612	201.841338
1618476202084	-92.705091	176.686347	262.550595
1618476202178	-80.195028	162.658512	234.000271
1618476202272	-93.766438	222.962822	267.604317
1618476202366	-62.942535	137.079167	200.046361
1618476202460	-89.211468	158.615983	217.596347
1618476202554	-94.572575	140.167208	236.92763
1618476202643	-131.883904	160.889016	256.341845
1618476202738	-87.237102	195.126592	262.846959
1618476202833	-115.389289	168.672843	214.566461
1618476202928	-93.621679	130.697321	220.166111
1618476203023	-92.688806	97.22659	226.095752
1618476203118	-97.642218	105.735418	255.97967
1618476203213	-64.878849	120.635066	215.841521
1618476203308	-116.066399	158.926743	230.620902
1618476203403	-100.947823	141.5977	228.531404
1618476203498	-76.102994	153.795962	261.671816
1618476203593	-75.996891	130.445136	269.16151
1618476203688	-112.988273	152.777384	254.538121
1618476203783	-114.026025	182.816665	197.52296
1618476203872	-135.69977	104.535789	257.429154
1618476203966	-107.657491	171.685866	262.980076
1618476204060	-137.160536	127.630853	242.851107
