1610679794940,342.330929914,352.164716771,127.411175747
1610679795034,-55.958210310,132.352326109,475.297538674
1610679795128,257.659720146,318.929810127,174.813923641
1610679795222,370.599456200,371.332550476,114.310488400
1610679795316,-10.588982641,164.620858320,436.961914688
1610679795410,75.115829423,168.654422743,468.230413511
1610679795504,390.733661884,376.366077880,119.344051201
1610679795594,78.149395835,212.990049545,344.223542785
1610679795688,-6.555399045,132.352376443,509.599599238
1610679795782,379.666614297,361.265452440,156.646111621
1610679795876,146.719970030,253.359246761,260.518733162
1610679795970,-60.991699615,119.251697414,530.733848561
1610679796064,319.163134774,308.829106507,220.183109769
1610679796158,221.324055796,303.761965753,195.981735837
1610679796252,36.780201627,191.855793495,398.659853499
1610679796346,264.693283158,277.560624734,286.720107250
1610679796440,307.062437052,335.064034487,148.578987467
1610679796534,-61.025293794,132.352359053,509.599599460
1610679796628,177.988426149,224.124276124,371.424917213
1610679796722,356.465153554,370.332507948,116.310488941
1610679796812,-23.689686758,161.587282342,447.062601930
1610679796906,101.350772148,190.822239502,434.961914598
1610679797000,396.800782858,371.332512537,115.276926526
1610679797094,37.813742967,187.822214346,392.626291357
1610679797188,26.713124369,142.419520785,493.465349564
1610679797282,379.666559257,367.332533172,148.578987469
1610679797376,-68.058858322,124.285232605,516.633161838
1610679797470,-33.790326685,114.218134093,523.700286217
1610679797564,353.431641328,339.064049156,185.881048486
1610679797658,185.055550031,286.594148447,238.317359468
1610679797752,-60.025270558,112.184565840,538.834535716
1610679797846,294.961754058,298.761976537,244.384483973
1610679797940,265.726804055,322.929777522,174.780361700
1610679798030,-61.025310084,102.083847187,525.700286694
1610679798124,233.424754432,265.459913791,312.921481691
1610679798218,327.196690420,362.265411774,135.478300358
1610679798312,-56.958190496,126.318779585,494.465350253
1610679798406,146.719945179,210.023603343,394.592728811
1610679798500,43.880878949,155.553724502,464.196851297
1610679798594,-8.555428720,174.721538649,421.861227705
1610679798688,58.981565247,173.687973311,448.062601880
1610679798782,381.666581843,370.332551219,118.344050746
1610679798876,63.048691379,216.057160363,358.324230030
1610679798970,3.545300037,131.352386043,507.566036760
1610679799064,375.633003391,362.265413645,150.578987403
1610679799158,144.719954314,252.325671847,280.686545103
1610679799252,-49.891002349,110.184580850,532.800973169
1610679799346,344.330913712,326.963329688,201.015298323
1610679799440,214.256968246,298.728433092,216.149547239
1610679799534,-73.126005964,108.150964859,531.767411496
1610679799628,327.196726294,322.929816879,226.216671829
1610679799722,297.961774688,339.097616583,148.578987216
1610679799816,-55.991741496,118.218101592,530.733848987
1610679799910,196.122685620,241.258533577,343.189980617
1610679800004,355.431668348,357.231882528,123.344050512
1610679800098,-30.790328244,141.453069340,464.196850890
1610679800192,132.585694546,201.922915309,415.794102961
1610679800286,396.767223382,382.433201907,116.310488853
1610679800380,16.578864829,182.755136263,411.760540188
1610679800476,47.847304747,162.587277393,478.331100842
1610679800570,399.767214276,364.265382849,130.411176014
1610679800664,100.283632704,235.157851293,349.223542913
1610679800758,391.700142829,376.366112481,109.243363692
1610679800852,376.565901198,342.097619859,158.646111886
1610679800946,171.854213212,266.459928842,255.485170869
1610679801040,-41.991725713,122.218114203,545.901660607
1610679801134,330.096012291,310.795545932,218.149547390
1610679801228,287.659734969,333.929821971,195.981735271
1610679801322,-40.126001489,117.083843722,515.633162026
1610679801416,301.559045914,315.594196823,283.686544770
1610679801510,396.196649243,419.131129447,137.478300777
1610679801604,-45.991682609,456.352398070,500.498911895
1610679801696,138.954873969,586.191408968,364.391354753
1610679801791,138.398105761,656.332569412,117.310488159
1610679801886,-46.843743028,472.661289039,233.216672198
1610679801981,-282.649237621,-17.244893016,433.928352341
1610679802076,263.767263088,302.332546566,113.276926093
1610679802171,-204.219810890,201.788658781,397.626291270
1610679802266,-217.286898747,-146.513372974,504.498912155
1610679802361,168.767300915,-346.734547920,118.276925709
1610679802456,575.451452176,-234.741455494,324.955043985
1610679802551,137.276735424,-3.748353575,531.700286854
1610679802646,589.431624355,303.064035594,199.881048658
1610679802741,273.122710781,242.661301955,258.317359102
1610679802836,-7.025266691,69.184568929,566.800973321
1610679802930,349.062445593,289.862667174,290.384483928
1610679803024,10.343908942,147.587308985,531.029039234
1610679803118,-47.058838902,103.184561055,640.767411065
1610679803212,247.424791475,260.459943392,487.988606026
1610679803306,340.263801884,356.265401189,276.377613425
1610679803400,-49.991759751,134.385898785,519.498912679
1610679803494,162.820632735,220.090728444,353.592728807
1610679803588,368.532321831,370.332542760,356.243363786
1610679803682,0.444560337,162.587280480,925.861227816
1610679803776,92.216471943,167.654387145,410.096164539
1610679803870,392.733668065,373.366082819,-95.723073574
1610679803964,63.981600595,210.990062762,294.290667329
1610679804058,21.645932494,131.352342405,350.599599672
1610679804149,-57.991770403,123.285203205,438.834536349
1610679804244,132.585714891,253.359242195,196.686545001
1610679804339,-41.857476478,117.218114051,516.767411184
1610679804434,344.330944675,339.064041498,184.881048583
1610679804529,212.290490151,288.661276057,232.250234719
1610679804624,-65.025327761,120.251644843,539.834536298
1610679804719,275.793949261,289.661295049,267.552295683
1610679804814,290.928198772,324.963356324,167.746799134
1610679804909,-79.159522227,114.218126402,509.566036890
1610679805004,212.256939846,253.359224481,332.122855856
1610679805099,349.398076118,369.332545725,110.276926104
1610679805194,-37.790367103,156.520163001,470.297538354
1610679805289,195.156259689,242.258542936,341.189980498
1610679805389,382.666541480,364.265394254,102.243364088
1610679805481,17.645994212,178.755139996,400.726977784
1610679805573,49.914436703,159.587283180,465.230413700
1610679805665,392.767235842,375.366087150,104.243364014
1610679805757,79.149399312,223.090739392,324.055730969
1610679805849,-9.589002849,131.352343324,513.633162016
1610679805941,359.498770088,363.265426528,153.646111951
1610679806033,166.887727444,263.426328031,264.552296071
1610679806125,-39.823961452,110.184513876,533.800974022
1610679806217,323.196707776,328.996926794,210.115984949
1610679806309,240.491886463,304.795543201,191.981735644
1610679806401,379.666596360,351.164751038,142.545424736
1610679806493,254.626137586,275.527045709,282.720107462
1610679806589,317.129551104,335.030463612,134.478300507
1610679806683,-64.025310873,128.318783050,505.566037277
1610679806777,197.156256987,231.157853708,361.324229950
1610679806871,354.465200382,370.332545367,120.377613177
1610679806965,-36.790380318,154.553714798,457.163289064
1610679807059,108.417920101,196.855820430,422.894789649
1610679807153,381.666596000,372.366124888,101.209801178
1610679807247,34.780219963,190.822245791,373.492041532
1610679807341,19.679553858,162.587326049,490.465349647
1610679807435,395.800803575,369.332529091,131.478300453
1610679807529,334.297388612,364.265420663,125.444737889
1610679807623,-22.689665788,113.218113180,516.666724127
1610679807717,360.498737209,345.131150831,171.780361710
1610679807808,187.055544811,268.493457207,232.317359521
1610679807903,-59.991734531,115.184544801,532.800973628
1610679807998,303.028876430,311.829099379,234.317359285
1610679808093,270.726814821,319.929786125,179.881048659
1610679808188,-74.125984000,121.251669478,529.767411272
1610679808283,228.424730561,256.392770005,303.887919578
1610679808378,321.196686535,358.231846314,124.377613330
1610679808473,-65.025329118,134.352330827,480.398225682
1610679808568,153.787110238,228.090760294,384.559166045
1610679808663,112.451453289,243.258545396,305.921481618
1610679808758,-8.555434943,159.587284251,428.928352481
1610679808853,84.182932545,167.654405490,442.062601949
1610679808948,376.666559548,370.332533404,109.276926261
1610679809041,52.948023134,206.990050692,348.290667483
1610679809135,1.511696739,141.419478040,500.532474820
1610679809229,379.666540557,373.332518229,132.478300591
1610679809323,137.652778839,258.392755997,285.753670331
1610679809417,-37.790341577,114.184559837,525.767411081
1610679809511,345.398090493,323.929808938,178.881048368
1610679809605,218.324042354,305.795517369,222.216672466
1610679809699,-65.058850145,96.083865003,531.800973536
1610679809793,-65.058873835,121.285220209,496.498912571
1610679809887,284.861089129,340.064055433,149.612549556
1610679809981,-65.058842517,126.285245234,506.599599321
1610679810075,204.189854919,247.325693916,327.089293095
1610679810169,349.398072902,365.265418443,131.444737917
1610679810259,-41.823969688,145.453006143,455.163289339
1610679810354,128.585733651,194.855821843,412.794102563
1610679810449,376.633002683,383.433224861,93.142676780
1610679810544,16.645914254,182.755076103,406.760540954
1610679810639,45.880899639,157.553741034,458.196851086
1610679810734,386.733660933,371.332514764,121.377613567
1610679810829,90.250110888,231.157883687,325.089293076
1610679810924,21.679518894,149.486611042,477.364662934
1610679811019,362.532316342,348.164726592,166.746799184
1610679811114,176.988477307,274.527065277,257.552295433
1610679811209,-54.958142318,102.083881590,532.800973324
1610679811304,314.129603011,311.829130953,211.115984746
1610679811399,243.559018321,304.795548911,183.914610859
1610679811493,-71.092433157,116.218097922,525.767411389
1610679811587,253.626123084,272.527034121,280.720107610
1610679811681,317.129586826,346.131179225,134.478300144
1610679811775,-62.025327309,115.218082848,490.465350376
1610679811869,159.854185107,238.224969890,362.391354771
1610679811963,368.565913438,365.299003777,113.310488200
1610679812057,259.693301993,279.560639784,275.652982346
1610679812151,86.216512509,180.755106629,424.894789990
1610679812245,395.767243372,372.332530812,98.209801582
1610679812339,39.813745186,196.889340832,371.458479554
1610679812433,8.578816195,150.486598552,502.498912518
1610679812527,375.632982427,356.198272182,132.478300548
1610679812621,117.485017795,244.292109470,293.820794528
1610679812712,-43.891030141,112.184558642,525.733848740
1610679812807,339.330925951,336.030464180,180.881048774
1610679812902,222.324105478,290.661318385,208.115984756
1610679812997,-75.125931446,114.184586760,542.901660162
1610679813092,283.861070774,299.728417205,249.451608647
1610679813187,385.733711408,376.366117453,126.411175409
1610679813282,-63.025308805,119.218097634,521.700286681
