1618478013217,0.078614
1618478013311,-0.218650
1618478013405,-0.170140
1618478013499,-0.083971
1618478013593,-0.002706
1618478013687,4.903955
1618478013781,-0.096072
1618478013875,0.078614
1618478013969,-3.294026
1618478014063,-0.065794
1618478014157,-0.054839
1618478014251,0.079840
1618478014345,-0.014832
1618478014436,-0.093700
1618478014530,0.019124
1618478014624,-0.090021
1618478014718,-0.166461
1618478014812,-0.058517
1618478014906,-0.026933
1618478015000,0.015526
1618478015094,-0.062116
1618478015188,-0.054839
1618478015282,-0.016058
1618478015376,0.047030
1618478015470,-0.217423
1618478015564,-0.013606
1618478015654,-0.060889
1618478015748,0.013074
1618478015842,-0.155562
1618478015936,-0.121605
1618478016030,0.083438
1618478016124,0.043432
1618478016218,-0.033064
1618478016312,-0.026933
1618478016406,-0.145832
1618478016500,-0.054839
1618478016594,-0.000254
1618478016688,-0.147059
1618478016782,-0.017284
1618478016873,-0.057291
1618478016967,-0.119153
1618478017061,-0.111876
1618478017155,-0.110674
1618478017249,0.005797
1618478017343,-0.026958
1618478017437,0.020431
1618478017531,-0.014832
1618478017625,-0.231977
1618478017719,0.074935
1618478017813,-0.148285
1618478017907,-0.058517
1618478018001,0.013074
1618478018091,-0.227177
1618478018185,0.043432
1618478018279,-0.065794
1618478018373,-0.145832
1618478018467,-0.083971
1618478018561,-0.054839
1618478018655,-0.012379
1618478018749,-0.035436
1618478018843,-0.034234
1618478018937,0.042205
1618478019031,-0.111796
1618478019125,-0.088795
1618478019219,-0.208920
1618478019311,-0.034234
1618478019405,0.076162
1618478019499,-0.077920
1618478019593,-0.054839
1618478019687,-0.149511
1618478019781,-0.097298
1618478019875,-0.174964
1618478019969,0.043432
1618478020063,0.007023
1618478020157,0.040979
1618478020251,-0.120379
1618478020345,-0.083971
1618478020439,-0.150737
1618478020531,-0.094846
1618478020625,-0.005159
1618478020719,-0.099751
1618478020813,-0.167687
1618478020907,-0.098524
1618478021001,-0.167663
1618478021095,-0.063342
1618478021189,-0.170115
1618478021283,-0.142210
1618478021377,-0.335072
1618478021471,-0.360581
1618478021565,-0.534041
1618478021659,-0.897991
1618478021748,-2.585619
1618478021842,-3.002871
1618478021936,-5.669670
1618478022030,-6.953392
1618478022124,-6.004864
1618478022218,-1.446789
1618478022312,2.992917
1618478022406,2.067259
1618478022500,-1.432993
1618478022594,-1.842073
1618478022688,-1.070072
1618478022782,-0.077446
1618478022876,0.763915
1618478022968,0.287393
1618478023062,0.143993
1618478023156,0.077318
1618478023250,0.092653
1618478023344,0.111481
1618478023438,0.047489
1618478023532,0.057390
1618478023626,-0.078814
1618478023720,-0.115933
1618478023814,-0.102284
1618478023908,0.008169
1618478024002,-0.127737
1618478024096,-0.018511
1618478024186,-0.143460
1618478024280,-0.051241
1618478024374,-0.064568
1618478024468,-0.130052
1618478024562,-0.047562
1618478024656,-0.057291
1618478024750,-0.024481
1618478024844,-0.043964
1618478024938,-0.074241
1618478025032,-0.056065
1618478025126,-0.022109
1618478025220,-0.030612
1618478025314,5.167841
1618478025407,-0.056065
1618478025501,0.015526
1618478025595,-0.046416
1618478025689,-0.050014
1618478025783,0.020350
1618478025877,0.009475
1618478025971,0.021577
1618478026065,-0.059744
1618478026159,-0.026958
1618478026253,0.040979
1618478026347,-0.086423
1618478026441,-0.068191
1618478026535,3.905097
1618478026624,-0.051241
1618478026718,-3.837316
1618478026812,-0.110650
1618478026906,0.014300
1618478027000,0.005797
1618478027094,-0.042737
1618478027188,-0.117927
1618478027282,-0.155562
1618478027376,-0.107052
1618478027470,-0.047562
1618478027564,0.104067
1618478027658,-0.105825
1618478027752,-0.065794
1618478027841,-0.060970
1618478027935,0.043432
1618478028029,-0.014832
1618478028123,-0.142154
1618478028217,-0.117927
1618478028311,-0.056065
1618478028405,0.021657
1618478028499,-0.000254
1618478028593,-0.153109
1618478028687,-0.083971
1618478028781,-0.051241
1618478028875,-0.083971
1618478028969,-0.028159
1618478029062,-0.022109
1618478029156,-0.103373
1618478029250,-0.001480
1618478029344,-0.090021
1618478029438,-0.110650
1618478029532,-0.145832
1618478029626,0.078614
1618478029720,0.015526
1618478029814,0.003344
1618478029908,0.011928
1618478030002,-0.216197
1618478030096,0.077388
1618478030190,0.004571
1618478030281,0.125922
1618478030375,0.071337
1618478030469,0.073709
1618478030563,-0.029386
1618478030657,0.068885
