1616035140689,181.992589162,211.997223299,-469.959339848
1616035140783,182.992585871,207.997222066,-470.959321791
1616035140877,173.992588614,214.997223094,-470.959336845
1616035140971,176.992588937,208.997223215,-466.959338617
1616035141065,180.992582328,208.997220738,-466.959302352
1616035141156,240.756742420,232.265678897,-783.400368947
1616035141250,182.992591298,209.997224100,-471.959351571
1616035141344,177.992587732,211.997222763,-467.959332001
1616035141438,180.992591530,207.997224186,-472.959352842
1616035141532,179.992582516,208.997220809,-472.959303384
1616035141626,183.992587061,207.997222512,-470.959328321
1616035141720,180.992581094,210.997220276,-471.959295584
1616035141814,179.992591490,211.997224171,-473.959352624
1616035141908,180.992588702,208.997223127,-469.959337326
1616035142002,184.992585855,210.997222060,-471.959321705
1616035142096,181.992583950,210.997221346,-470.959311251
1616035142190,182.992589621,214.997223471,-469.959342369
1616035142284,181.992583950,210.997221346,-470.959311251
1616035142375,176.992586026,215.997222124,-469.959322646
1616035142469,180.992590583,209.997223832,-470.959347648
1616035142563,181.992583950,210.997221346,-470.959311251
1616035142657,178.992586538,209.997222316,-471.959325450
1616035142751,180.992588702,208.997223127,-469.959337326
1616035142845,180.992585144,212.997221793,-466.959317802
1616035142939,180.992585144,212.997221793,-466.959317802
1616035143033,181.992581852,208.997220560,-467.959299745
1616035143127,181.992582799,206.997220915,-469.959304939
1616035143221,183.992590823,209.997223921,-472.959348964
1616035143315,179.992582300,207.997220728,-470.959302200
1616035143409,180.992588702,208.997223127,-469.959337326
1616035143503,182.992586589,209.997222335,-467.959325734
1616035143593,183.992584449,209.997221533,-469.959313990
1616035143688,182.992583259,209.997221087,-469.959307460
1616035143783,178.992590587,211.997223833,-466.959347669
1616035143878,176.992590304,213.997223727,-469.959346114
1616035143973,181.992590528,216.997223811,-472.959347345
1616035144068,178.992589868,209.997223564,-469.959343725
1616035144163,176.992590304,213.997223727,-469.959346114
1616035144258,176.992590520,214.997223808,-471.959347299
1616035144353,179.992581628,214.997220476,-458.959298516
1616035144448,178.992584860,214.997221687,-469.959316248
1616035144543,227.695020305,232.619785060,-742.655670461
1616035144638,177.992581274,217.997220344,-470.959296571
1616035144733,172.992590240,218.997223703,-470.959345765
1616035144829,174.992581250,218.997220335,-470.959296439
1616035144924,174.992590739,217.997223890,-469.959348504
1616035145019,171.992590499,217.997223800,-467.959347187
1616035145114,172.992587628,220.997222724,-469.959331434
1616035145209,172.992587844,221.997222805,-471.959332619
1616035145304,172.992584800,221.997221665,-466.959315919
1616035145399,168.992590475,218.997223791,-467.959347056
1616035145494,168.992584018,224.997221372,-470.959311626
1616035145589,168.992586414,221.997222269,-469.959324772
1616035145684,168.992588499,228.997223051,-469.959336213
1616035145779,166.992583303,224.997221104,-469.959307702
1616035145874,169.992582596,226.997220839,-469.959303825
1616035145969,167.992581665,225.997220490,-466.959298717
1616035146061,164.992580922,224.997220212,-469.959294642
1616035146155,164.992584469,225.997221541,-469.959314101
1616035146249,161.992585596,230.997221963,-470.959320282
1616035146343,164.992590628,224.997223848,-470.959347891
1616035146437,164.992587285,229.997222596,-469.959329551
1616035146531,162.992589182,227.997223306,-469.959339958
1616035146625,166.992582572,227.997220830,-469.959303693
1616035146719,164.992580922,224.997220212,-469.959294642
1616035146813,164.992582073,228.997220643,-470.959300955
1616035146907,164.992590628,224.997223848,-470.959347891
1616035147001,161.992591538,228.997224189,-469.959352887
1616035147095,164.992586350,226.997222246,-470.959324423
1616035147189,163.992586095,229.997222150,-469.959323021
1616035147282,162.992591063,228.997224011,-470.959350280
1616035147376,161.992586326,227.997222237,-470.959324291
1616035147470,162.992585851,227.997222058,-471.959321684
1616035147564,160.992589413,225.997223393,-470.959341229
1616035147658,161.992587992,227.997222861,-469.959333428
1616035147752,160.992586083,225.997222145,-472.959322954
1616035147846,162.992582089,225.997220649,-469.959301040
1616035147940,162.992591782,230.997224281,-467.959354224
1616035148034,161.992586542,228.997222317,-472.959325475
1616035148128,161.992583498,228.997221177,-467.959308776
1616035148222,159.992589374,229.997223378,-471.959341011
1616035148316,160.992581589,226.997220462,-470.959298302
1616035148410,158.992586302,228.997222228,-470.959324159
1616035148499,161.992587776,226.997222780,-467.959332244
1616035148593,160.992585136,227.997221791,-470.959317761
1616035148687,160.992590564,229.997223824,-471.959347541
1616035148781,160.992590564,229.997223824,-471.959347541
1616035148875,156.992589134,229.997223288,-469.959339695
1616035148969,162.992581358,228.997220375,-469.959297031
1616035149063,158.992591514,229.997224180,-469.959352755
1616035149157,161.992586326,227.997222237,-470.959324291
1616035149251,161.992587992,227.997222861,-469.959333428
1616035149345,162.992581358,228.997220375,-469.959297031
1616035149439,160.992580859,229.997220188,-470.959294292
1616035149533,160.992581589,226.997220462,-470.959298302
1616035149627,158.992584637,228.997221604,-471.959315022
1616035149719,161.992583714,229.997221258,-469.959309960
1616035149813,163.992582548,228.997220821,-469.959303562
1616035149907,160.992590348,228.997223743,-469.959346357
1616035150001,159.992581334,229.997220366,-469.959296899
1616035150095,161.992583714,229.997221258,-469.959309960
1616035150189,156.992588918,228.997223208,-467.959338510
1616035150283,160.992583471,227.997221167,-471.959308623
1616035150377,156.992582040,227.997220631,-469.959300777
1616035150471,158.992587968,228.997222852,-469.959333296
1616035150565,161.992587992,227.997222861,-469.959333428
1616035150659,161.992580898,225.997220203,-469.959294510
1616035150753,158.992580874,226.997220194,-469.959294378
1616035150847,161.992590592,230.997223835,-467.959347694
1616035150937,158.992583690,230.997221249,-469.959309828
1616035151031,158.992582756,227.997220899,-470.959304700
1616035151125,159.992588942,227.997223217,-467.959338642
1616035151219,162.992582807,227.997220918,-466.959304984
1616035151313,158.992588698,225.997223125,-469.959337305
1616035151407,161.992587776,226.997222780,-467.959332244
1616035151501,159.992585611,227.997221969,-469.959320368
1616035151595,159.992586330,229.997222238,-466.959324311
1616035151689,159.992585611,227.997221969,-469.959320368
1616035151783,159.992586558,225.997222323,-471.959325561
1616035151877,160.992590564,229.997223824,-471.959347541
1616035151971,160.992583471,227.997221167,-471.959308623
1616035152065,158.992591514,229.997224180,-469.959352755
1616035152155,108.885351373,207.848307033,-190.555426151
1616035152249,159.992584665,229.997221614,-467.959315174
1616035152343,159.992582065,226.997220640,-469.959300909
1616035152437,159.992584880,230.997221695,-469.959316358
1616035152531,161.992583714,229.997221258,-469.959309960
1616035152625,164.992585620,229.997221972,-470.959320414
1616035152719,160.992585136,227.997221791,-470.959317761
1616035152813,162.992585635,226.997221978,-469.959320499
1616035152907,161.992589441,226.997223404,-466.959341381
1616035153001,156.992589134,229.997223288,-469.959339695
1616035153095,161.992586326,227.997222237,-470.959324291
1616035153189,160.992591079,225.997224017,-469.959350366
1616035153283,161.992583930,230.997221339,-471.959311144
1616035153374,158.992587752,227.997222771,-467.959332112
1616035153468,158.992581090,227.997220275,-471.959295563
1616035153562,158.992591514,229.997224180,-469.959352755
1616035153656,160.992582524,229.997220812,-469.959303430
1616035153750,161.992587776,226.997222780,-467.959332244
1616035153844,164.992591562,227.997224198,-469.959353019
1616035153938,160.992585352,228.997221871,-472.959318945
1616035154032,160.992580859,229.997220188,-470.959294292
1616035154126,160.992588899,229.997223200,-472.959338404
1616035154220,163.992586825,226.997222424,-469.959327030
1616035154314,162.992584904,229.997221704,-469.959316490
1616035154408,163.992591523,231.997224184,-470.959352801
1616035154502,159.992590607,227.997223841,-466.959347779
1616035154594,162.992585635,226.997221978,-469.959320499
1616035154688,160.992588970,228.997223227,-463.959338794
1616035154782,162.992587445,228.997222656,-479.959330431
1616035154876,160.992586801,227.997222415,-469.959326898
1616035154970,160.992583255,226.997221086,-469.959307439
1616035155064,158.992587968,228.997222852,-469.959333296
1616035155158,159.992591770,226.997224276,-470.959354157
1616035155252,161.992584229,225.997221451,-467.959312785
1616035155346,160.992590132,227.997223663,-467.959345172
1616035155440,162.992583239,229.997221080,-470.959307353
1616035155534,163.992590588,228.997223833,-471.959347673
1616035155628,163.992586095,229.997222150,-469.959323021
1616035155722,163.992589653,225.997223483,-472.959342545
1616035155812,163.992590085,227.997223645,-476.959344914
1616035155906,166.992586119,228.997222159,-469.959323152
1616035156000,166.992590396,226.997223761,-469.959346620
1616035156094,156.992585874,228.997222067,-462.959321811
1616035156188,164.992586566,227.997222326,-472.959325607
1616035156282,164.992583522,227.997221186,-467.959308907
1616035156376,162.992581873,224.997220568,-467.959299856
1616035156470,161.992584445,226.997221532,-469.959313969
1616035156564,161.992591538,228.997224189,-469.959352887
1616035156658,164.992585200,222.997221814,-469.959318110
1616035156752,164.992587800,225.997222789,-467.959332375
1616035156846,162.992585419,225.997221897,-467.959319315
1616035156940,164.992583738,228.997221267,-469.959310092
1616035157033,164.992582804,225.997220917,-470.959304964
1616035157127,166.992586849,225.997222433,-469.959327161
1616035157221,166.992580703,221.997220129,-471.959293437
1616035157315,164.992584253,224.997221460,-467.959312916
1616035157409,167.992580946,223.997220221,-469.959294774
1616035157503,164.992580706,223.997220131,-467.959293457
1616035157597,109.021428797,201.025887154,-160.869129157
1616035157691,168.992584737,226.997221641,-467.959315569
1616035157785,168.992586414,221.997222269,-469.959324772
1616035157879,168.992581418,221.997220397,-472.959297360
1616035157973,168.992587145,218.997222543,-469.959328781
1616035158067,168.992589026,219.997223248,-470.959339103
1616035158161,172.992586909,218.997222455,-472.959327490
1616035158249,170.992586709,214.997222380,-469.959326392
1616035158343,171.992581957,216.997220599,-470.959300317
1616035158437,174.992583646,215.997221232,-469.959309586
1616035158531,174.992588654,210.997223109,-469.959337063
1616035158625,178.992583926,211.997221337,-470.959311120
1616035158719,178.992588203,209.997222940,-470.959334588
1616035158813,176.992584456,204.997221536,-467.959314030
1616035158907,180.992590894,199.997223948,-469.959349354
1616035159001,227.087793168,211.518863007,-708.891174036
1616035159095,182.992587643,191.997222730,-469.959331514
1616035159189,181.992585098,181.997221776,-469.959317552
1616035159283,181.992583013,174.997220995,-469.959306111
1616035159377,177.992584721,163.997221635,-469.959315485
1616035159470,174.992589070,151.997223264,-466.959339343
1616035159564,169.992584592,140.997221587,-469.959314775
1616035159658,140.992582736,108.997220891,-470.959304590
1616035159752,134.992583418,107.997221147,-470.959308336
1616035159846,152.665547593,118.234061088,-739.007386774
1616035159940,76.992589906,115.997223578,-469.959343934
1616035160034,71.992585718,137.997222009,-467.959320953
1616035160128,84.992588669,133.997223115,-466.959337147
1616035160222,89.992583369,112.997221128,-469.959308064
1616035160316,87.992589135,96.997223289,-471.959339701
1616035160410,87.992587339,122.997222616,-466.959329847
1616035160504,104.992591929,190.997224336,-470.959355032
1616035160598,180.992585445,240.997221906,-464.959319454
1616035160688,248.992588676,203.997223117,-466.959337185
1616035160782,269.890159492,125.726065233,-173.122068331
1616035160876,377.992581831,53.997220552,-475.959299630
1616035160970,351.992580702,-38.002779871,-466.959293432
1616035161064,326.992585813,-51.002777956,-472.959321473
1616035161158,277.992582129,-32.002779336,-466.959301263
1616035161252,266.992585024,11.997221748,-475.959317144
1616035161346,243.992585374,16.997221880,-469.959319066
1616035161440,181.992591692,45.997224247,-469.959353728
1616035161534,151.992587067,73.997222514,-469.959328356
1616035161628,86.549997191,85.596061677,-212.148375408
1616035161722,131.992589230,122.997223325,-469.959340223
1616035161816,105.992586432,167.997222276,-466.959324870
1616035161906,68.992585453,317.997221909,-466.959319500
1616035162000,73.992587520,473.997222684,-466.959330839
1616035162094,163.992584776,606.997221656,-467.959315784
1616035162188,311.992581188,564.997220311,-465.959296102
1616035162282,328.992591637,433.997224226,-465.959353429
1616035162376,321.992590416,326.997223769,-465.959346730
1616035162470,377.992584818,111.997221671,-467.959316015
1616035162564,231.992583378,-74.002778868,-459.959308116
1616035162658,95.992582056,1.997220636,-463.959300860
1616035162752,57.992587388,165.997222634,-461.959330116
1616035162846,103.992587246,297.997222581,-461.959329338
1616035162940,164.992586081,349.997222145,-459.959322947
1616035163034,182.992586441,344.997222280,-461.959324923
1616035163124,190.992589601,339.997223463,-461.959342256
1616035163218,194.992590706,321.997223877,-459.959348320
1616035163312,196.992585884,302.997222071,-457.959321864
1616035163406,203.992581993,293.997220613,-452.959300517
1616035163500,196.992582012,283.997220620,-453.959300622
1616035163594,204.992589029,269.997223249,-452.959339120
1616035163688,198.992584068,265.997221390,-449.959311900
1616035163782,197.992588616,257.997223095,-449.959336856
1616035163876,198.992586775,252.997222405,-447.959326752
1616035163970,194.992580647,247.997220109,-444.959293134
1616035164064,195.992590608,244.997223841,-446.959347785
1616035164158,190.992588719,241.997223133,-444.959337417
1616035164252,189.992583754,244.997221273,-439.959310178
1616035164351,186.992586857,239.997222435,-438.959327202
1616035164445,187.992591162,238.997224048,-434.959350822
1616035164539,184.992584991,235.997221736,-436.959316966
1616035164633,131.394676705,215.289779403,-143.376721350
1616035164727,184.992583613,235.997221220,-430.959309403
1616035164821,178.992591688,231.997224245,-426.959353707
1616035164915,176.992583376,228.997221131,-430.959308106
1616035165009,177.992591947,230.997224343,-423.959355129
1616035165103,174.992591923,231.997224334,-423.959354998
1616035165197,171.992583643,231.997221231,-419.959309570
1616035165291,174.992585117,229.997221783,-416.959317654
1616035165385,171.992581833,229.997220553,-409.959299639
1616035165479,170.992584189,230.997221436,-409.959312567
1616035165571,170.992587017,229.997222495,-412.959328083
1616035165665,166.992589793,228.997223536,-419.959343314
1616035165759,167.992586274,228.997222217,-415.959324007
1616035165853,170.992584920,227.997221710,-409.959316576
1616035165947,164.992582860,225.997220938,-429.959305275
1616035166041,166.992584812,227.997221669,-454.959315980
1616035166135,166.992589981,227.997223606,-526.959344343
1616035166229,167.992587425,228.997222648,-585.959330322
1616035166323,163.992589772,229.997223528,-617.959343197
1616035166417,167.992586636,227.997222352,-597.959325988
1616035166511,166.992585073,229.997221767,-581.959317414
1616035166605,166.992588634,229.997223101,-613.959336951
1616035166699,115.792288219,210.562800236,-402.017986407
1616035166792,164.992589399,230.997223388,-702.959341151
1616035166886,162.992590881,229.997223943,-759.959349281
1616035166980,166.992589526,227.997223436,-854.959341848
1616035167074,163.992586200,226.997222189,-920.959323599
1616035167168,164.992587751,229.997222770,-933.959332108
1616035167262,164.992589559,227.997223448,-914.959342026
1616035167356,163.992587393,231.997222636,-848.959330145
1616035167450,163.992590062,229.997223636,-808.959344788
1616035167544,162.992590248,225.997223706,-785.959345807
1616035167638,159.992586879,227.997222444,-755.959327322
1616035167732,164.992589860,230.997223560,-770.959343677
1616035167826,162.992590824,229.997223922,-800.959348970
1616035167920,162.992589230,228.997223325,-792.959340223
1616035168010,163.992590921,225.997223958,-758.959349499
1616035168105,163.992588496,230.997223050,-695.959336196
1616035168200,158.992584194,227.997221437,-633.959312590
1616035168295,161.992589671,226.997223490,-500.959342644
1616035168390,160.992589859,230.997223560,-337.959343674
1616035168485,159.992588249,223.997222957,-336.959334840
1616035168580,156.992581583,231.997220459,-430.959298264
1616035168675,164.992585648,227.997221982,-534.959320571
1616035168770,159.992587910,227.997222830,-611.959332982
1616035168865,161.992582683,229.997220871,-613.959304300
1616035168960,163.992584529,226.997221563,-525.959314431
1616035169055,159.992590377,227.997223754,-432.959346516
1616035169150,162.992587343,227.997222618,-395.959329870
1616035169242,163.992589983,226.997223607,-392.959344353
1616035169336,160.992587347,229.997222619,-391.959329890
1616035169430,159.992585367,228.997221877,-403.959319026
1616035169524,160.992585551,226.997221946,-413.959320038
1616035169618,159.992582624,227.997220849,-423.959303980
1616035169712,160.992584690,226.997221623,-434.959315313
1616035169806,162.992581631,229.997220477,-430.959298528
1616035169900,161.992587187,227.997222559,-449.959329015
1616035169994,160.992584835,228.997221678,-445.959316107
1616035170088,164.992582863,229.997220939,-458.959305289
1616035170182,159.992586401,228.997222265,-457.959324702
1616035170276,161.992588279,227.997222968,-462.959335003
1616035170370,161.992581460,230.997220413,-452.959297595
1616035170461,160.992585710,227.997222006,-456.959320910
1616035170556,160.992587520,229.997222684,-466.959330842
1616035170651,159.992589229,227.997223324,-460.959340217
1616035170746,159.992585611,227.997221969,-469.959320368
1616035170841,162.992584245,231.997221457,-460.959312872
1616035170936,161.992583714,229.997221258,-469.959309960
1616035171031,159.992582783,228.997220909,-466.959304852
1616035171126,158.992589849,229.997223556,-470.959343618
1616035171221,211.136505143,248.410519983,-734.591332727
1616035171316,158.992587968,228.997222852,-469.959333296
1616035171411,160.992586298,226.997222226,-474.959324139
1616035171506,157.992586478,233.997222294,-473.959325126
1616035171601,160.992587245,224.997222581,-476.959329332
1616035171698,159.992587492,228.997222673,-470.959330689
1616035171791,158.992584924,228.997221711,-464.959316597
1616035171884,164.992590832,230.997223925,-469.959349010
1616035171977,158.992587968,228.997222852,-469.959333296
1616035172070,159.992582712,229.997220882,-475.959304462
1616035172163,161.992591035,227.997224001,-474.959350128
1616035172256,159.992584378,229.997221506,-474.959313599
1616035172349,158.992589562,229.997223449,-477.959342043
1616035172442,159.992580831,228.997220178,-474.959294140
1616035172535,159.992581047,229.997220258,-476.959295325
1616035172628,159.992580831,228.997220178,-474.959294140
1616035172721,160.992590348,228.997223743,-469.959346357
1616035172814,160.992586514,227.997222307,-476.959325323
1616035172913,158.992584134,227.997221415,-476.959312262
1616035173008,160.992583902,229.997221328,-475.959310992
1616035173103,160.992582811,229.997220919,-462.959305005
1616035173198,160.992590348,228.997223743,-469.959346357
1616035173293,163.992582764,229.997220902,-471.959304746
1616035173388,161.992585823,226.997222048,-475.959321531
1616035173483,161.992588710,229.997223130,-466.959337372
1616035173578,157.992588156,228.997222922,-475.959334328
1616035173673,157.992589821,228.997223546,-474.959343466
1616035173768,160.992591726,228.997224260,-475.959353919
1616035173863,161.992584445,226.997221532,-469.959313969
1616035173958,158.992583690,230.997221249,-469.959309828
1616035174053,159.992588942,227.997223217,-467.959338642
1616035174150,159.992581047,229.997220258,-476.959295325
1616035174244,162.992590776,228.997223904,-477.959348705
1616035174338,157.992581278,227.997220345,-477.959296595
1616035174432,160.992590061,228.997223636,-476.959344782
1616035174526,160.992589114,230.997223281,-474.959339588
1616035174620,160.992586071,230.997222141,-469.959322889
1616035174714,159.992584378,229.997221506,-474.959313599
1616035174808,160.992585136,227.997221791,-470.959317761
1616035174902,159.992583946,227.997221345,-470.959311230
1616035174996,159.992585611,227.997221969,-469.959320368
1616035175090,159.992587061,226.997222512,-466.959328320
1616035175184,161.992586758,229.997222398,-474.959326660
1616035175278,159.992588655,227.997223109,-474.959337067
1616035175367,159.992583659,227.997221237,-477.959309655
1616035175461,159.992585108,226.997221780,-474.959317608
1616035175555,158.992582253,226.997220710,-475.959301941
1616035175649,158.992587752,227.997222771,-467.959332112
1616035175743,161.992587992,227.997222861,-469.959333428
1616035175837,159.992582280,227.997220721,-471.959302093
1616035175931,161.992586758,229.997222398,-474.959326660
1616035176025,159.992591770,226.997224276,-470.959354157
1616035176119,161.992585093,229.997221774,-475.959317522
1616035176213,156.992590512,229.997223805,-475.959347257
1616035176307,156.992583922,228.997221336,-470.959311098
1616035176401,159.992585324,227.997221861,-476.959318793
1616035176495,158.992586518,229.997222308,-472.959325343
1616035176588,158.992591011,228.997223992,-474.959349996
1616035176683,157.992589821,228.997223546,-474.959343466
1616035176778,160.992590061,228.997223636,-476.959344782
1616035176873,158.992585571,231.997221954,-470.959320150
1616035176968,160.992590061,228.997223636,-476.959344782
1616035177063,158.992586746,225.997222394,-477.959326593
1616035177158,159.992583659,227.997221237,-477.959309655
1616035177253,161.992587045,229.997222506,-467.959328235
1616035177348,160.992586298,226.997222226,-474.959324139
1616035177443,161.992583427,229.997221150,-476.959308385
1616035177538,158.992583918,226.997221334,-474.959311078
1616035177633,158.992591958,226.997224347,-476.959355189
1616035177728,159.992582783,228.997220909,-466.959304852
1616035177820,162.992588679,226.997223118,-474.959337199
1616035177915,162.992589111,228.997223280,-478.959339568
1616035178010,158.992589346,228.997223368,-475.959340859
1616035178105,157.992584825,228.997221674,-477.959316054
1616035178200,159.992588211,230.997222943,-467.959334633
1616035178295,162.992580855,227.997220187,-474.959294272
1616035178390,163.992584142,229.997221418,-477.959312308
1616035178485,156.992589853,231.997223558,-466.959343639
1616035178580,156.992580807,229.997220169,-474.959294008
1616035178675,157.992589389,226.997223384,-470.959341097
1616035178770,162.992590560,227.997223823,-475.959347521
1616035178865,157.992581278,227.997220345,-477.959296595
1616035178960,206.562169574,243.696602882,-721.493877813
1616035179056,161.992583942,225.997221343,-474.959311210
1616035179150,197.390699011,243.009588376,-680.147035766
1616035179244,157.992581278,227.997220345,-477.959296595
1616035179338,160.992589845,227.997223555,-474.959343598
1616035179432,159.992582065,226.997220640,-469.959300909
1616035179526,158.992590508,227.997223804,-479.959347237
1616035179620,159.992581047,229.997220258,-476.959295325
1616035179714,159.992590536,228.997223814,-475.959347389
1616035179808,158.992589346,228.997223368,-475.959340859
1616035179902,158.992586015,228.997222120,-477.959322584
1616035179996,159.992584378,229.997221506,-474.959313599
1616035180090,159.992582712,229.997220882,-475.959304462
1616035180184,160.992588180,227.997222931,-475.959334460
1616035180273,158.992591011,228.997223992,-474.959349996
1616035180367,162.992582736,228.997220891,-475.959304594
1616035180461,161.992589586,228.997223458,-477.959342175
1616035180555,158.992591011,228.997223992,-474.959349996
1616035180649,160.992583686,228.997221247,-473.959309808
1616035180743,159.992590752,229.997223895,-477.959348573
1616035180837,157.992586274,227.997222217,-474.959324007
1616035180931,162.992585851,227.997222058,-471.959321684
1616035181025,157.992581062,226.997220264,-475.959295410
1616035181119,158.992587465,227.997222663,-474.959330537
1616035181213,160.992585568,229.997221952,-474.959320129
1616035181307,157.992585544,230.997221943,-474.959319998
1616035181401,162.992590560,227.997223823,-475.959347521
1616035181500,161.992589370,227.997223377,-475.959340990
1616035181593,157.992590768,226.997223901,-476.959348659
1616035181686,158.992580803,227.997220167,-478.959293988
1616035181779,160.992590792,225.997223910,-476.959348791
1616035181872,156.992588847,229.997223181,-476.959338120
1616035181965,161.992585093,229.997221774,-475.959317522
1616035182058,160.992582237,229.997220704,-476.959301855
1616035182151,160.992585796,225.997222038,-479.959321379
1616035182244,159.992581334,229.997220366,-469.959296899
1616035182337,158.992587681,228.997222744,-476.959331721
1616035182430,158.992587249,226.997222582,-472.959329353
1616035182523,160.992589845,227.997223555,-474.959343598
1616035182616,162.992581586,224.997220460,-474.959298281
1616035182710,161.992586758,229.997222398,-474.959326660
1616035182804,156.992588631,228.997223100,-474.959336935
1616035182898,164.992590329,229.997223736,-474.959346251
1616035182992,159.992581047,229.997220258,-476.959295325
1616035183086,160.992587461,225.997222662,-478.959330516
1616035183180,199.642866764,242.478751972,-688.017153460
1616035183274,160.992588180,227.997222931,-475.959334460
1616035183368,158.992583607,236.997221218,-475.959309373
1616035183462,161.992583211,228.997221069,-474.959307201
1616035183556,160.992591726,228.997224260,-475.959353919
1616035183650,160.992583184,227.997221059,-478.959307048
1616035183744,160.992591942,229.997224341,-477.959355104
1616035183838,159.992582712,229.997220882,-475.959304462
1616035183929,158.992588183,229.997222932,-471.959334481
1616035184023,159.992581777,226.997220532,-476.959299334
1616035184117,157.992586490,228.997222298,-476.959325191
1616035184211,158.992586231,229.997222201,-479.959323769
1616035184305,160.992582237,229.997220704,-476.959301855
1616035184399,158.992587465,227.997222663,-474.959330537
1616035184493,161.992585093,229.997221774,-475.959317522
1616035184587,162.992587445,228.997222656,-479.959330431
1616035184681,157.992581997,229.997220614,-474.959300539
1616035184775,160.992586298,226.997222226,-474.959324139
1616035184869,160.992591726,228.997224260,-475.959353919
1616035184963,159.992587205,228.997222566,-477.959329114
1616035185057,158.992581522,229.997220436,-475.959297932
1616035185148,160.992590061,228.997223636,-476.959344782
1616035185242,158.992585799,227.997222039,-475.959321400
1616035185336,159.992587421,229.997222647,-479.959330299
1616035185430,160.992590564,229.997223824,-471.959347541
1616035185524,162.992582221,232.997220699,-477.959301769
1616035185618,160.992584633,226.997221602,-475.959315001
1616035185712,158.992586231,229.997222201,-479.959323769
1616035185806,161.992583211,228.997221069,-474.959307201
1616035185900,157.992590037,229.997223627,-476.959344650
1616035185994,159.992588655,227.997223109,-474.959337067
1616035186088,160.992581302,226.997220354,-477.959296727
1616035186182,160.992586718,233.997222383,-475.959326442
1616035186276,162.992584402,228.997221515,-474.959313731
1616035186369,154.992590013,230.997223618,-476.959344518
1616035186463,161.992586255,228.997222210,-479.959323900
1616035186557,159.992586043,229.997222130,-473.959322736
1616035186651,159.992591267,225.997224088,-475.959351398
1616035186745,158.992587681,228.997222744,-476.959331721
1616035186839,160.992585568,229.997221952,-474.959320129
1616035186933,159.992589158,228.997223297,-469.959339827
1616035187027,159.992588871,228.997223190,-476.959338252
1616035187121,161.992588639,230.997223103,-475.959336981
1616035187215,159.992590752,229.997223895,-477.959348573
1616035187309,161.992585392,224.997221886,-471.959319163
1616035187403,161.992581762,229.997220526,-477.959299248
1616035187497,158.992586015,228.997222120,-477.959322584
1616035187586,159.992586055,224.997222135,-476.959322802
1616035187680,105.133472370,208.067867764,-168.483865108
nan,nan,nan,nan
nan,nan,nan,nan
