1618477608789,-89.999065930,226.001950653,233.147360802
1618477608883,-90.999065976,232.001950558,232.147353592
1618477608977,-96.999065929,227.001950656,232.147360983
1618477609071,-92.999065950,228.001950613,233.147357768
1618477609165,-90.999065899,229.001950720,234.147365813
1618477609259,-89.999065862,227.001950796,233.147371622
1618477609353,-91.999065951,228.001950610,232.147357507
1618477609447,-95.999065915,230.001950685,234.147363218
1618477609541,-90.999065899,229.001950720,234.147365813
1618477609635,-92.999065881,229.001950756,233.147368588
1618477609729,-91.999066019,228.001950467,234.147346768
1618477609823,-89.999065891,226.001950736,237.147367033
1618477609913,-93.999065987,229.001950535,232.147351878
1618477610007,-92.999065911,226.001950693,233.147363837
1618477610101,-91.999065897,229.001950723,235.147366073
1618477610195,-91.999066020,227.001950466,232.147346687
1618477610289,-92.999065880,230.001950757,235.147368668
1618477610383,-91.999066019,229.001950469,236.147346849
1618477610477,-95.999065969,230.001950573,233.147354733
1618477610571,-90.999065938,229.001950637,230.147359582
1618477610665,-93.999065949,226.001950614,230.147357867
1618477610759,-90.999065899,229.001950720,234.147365813
1618477610853,-92.999065857,226.001950806,234.147372323
1618477610947,-90.999066006,229.001950495,232.147348842
1618477611041,-91.999065950,230.001950612,236.147357668
1618477611134,-92.999065935,228.001950643,230.147360022
1618477611228,-91.999065897,229.001950723,235.147366073
1618477611322,-93.999065933,229.001950647,233.147360363
1618477611416,-93.999065963,227.001950586,235.147355693
1618477611510,-90.999066021,228.001950464,233.147346508
1618477611604,-93.999065948,227.001950615,232.147357947
1618477611698,-88.999065917,228.001950682,233.147362957
1618477611792,-91.999065952,227.001950609,230.147357427
1618477611886,-93.999066001,230.001950506,237.147349704
1618477611980,-97.999066019,230.001950467,234.147346769
1618477612074,-90.999065968,227.001950575,232.147354912
1618477612168,-92.999065988,230.001950533,233.147351698
1618477612262,-89.999065900,229.001950716,233.147365552
1618477612352,-95.999065984,229.001950542,234.147352398
1618477612446,-92.999066002,230.001950503,236.147349444
1618477612540,-94.999065917,230.001950682,233.147362958
1618477612634,-92.999065866,230.001950787,232.147370922
1618477612728,-92.999065881,229.001950756,233.147368588
1618477612822,-90.999066005,231.001950497,236.147349004
1618477612916,-91.999065882,230.001950754,234.147368408
1618477613010,-94.999065893,227.001950731,234.147366693
1618477613104,-91.999066004,230.001950499,235.147349183
1618477613198,-91.999065896,230.001950724,237.147366154
1618477613292,-92.999065867,229.001950786,230.147370842
1618477613386,-90.999065928,227.001950658,236.147361143
1618477613480,-92.999065948,230.001950615,237.147357929
1618477613573,-91.999065951,229.001950611,234.147357588
1618477613667,-91.999065990,230.001950529,232.147351437
1618477613761,-92.999065911,227.001950694,235.147363918
1618477613855,-93.999065879,230.001950761,236.147368929
1618477613949,-93.999065879,230.001950761,236.147368929
1618477614043,-92.999065935,229.001950644,232.147360102
1618477614137,-94.999066000,228.001950508,234.147349803
1618477614231,-94.999065917,230.001950682,233.147362958
1618477614325,-93.999065986,230.001950536,234.147351958
1618477614419,-92.999065988,229.001950532,231.147351617
1618477614513,-89.999066007,230.001950493,233.147348663
1618477614607,-93.999065865,229.001950790,231.147371102
1618477614701,-92.999065866,230.001950787,232.147370922
1618477614791,-88.999065848,229.001950825,233.147373777
1618477614885,-89.999066022,229.001950462,234.147346328
1618477614979,-92.999065910,228.001950696,237.147363999
1618477615073,-90.999065991,231.001950527,233.147351258
1618477615167,-90.999065899,229.001950720,234.147365813
1618477615261,-89.999065847,228.001950827,232.147373957
1618477615355,-93.999065933,229.001950647,233.147360363
1618477615449,-91.999065868,230.001950784,231.147370662
1618477615543,-89.999065945,226.001950623,236.147358548
1618477615637,-90.999065898,230.001950721,236.147365893
1618477615731,-93.999065948,228.001950617,234.147358028
1618477615825,-91.999065882,230.001950754,234.147368408
1618477615919,-92.999065934,230.001950645,234.147360183
1618477616011,-89.999065984,226.001950541,232.147352317
1618477616105,-94.999065946,228.001950620,235.147358288
1618477616199,-91.999065966,227.001950579,233.147355172
1618477616293,-88.999066009,230.001950489,232.147348402
1618477616387,-89.999065953,230.001950605,234.147357148
1618477616481,-94.999065877,230.001950764,237.147369189
1618477616575,-92.999065934,230.001950645,234.147360183
1618477616669,-93.999066001,229.001950505,235.147349623
1618477616763,-91.999066005,228.001950497,231.147349022
1618477616857,-94.999065970,231.001950571,234.147354553
1618477616951,-90.999065991,231.001950527,233.147351258
1618477617045,-91.999065883,229.001950753,232.147368327
1618477617139,-89.999066022,229.001950462,234.147346328
1618477617234,-91.785947802,229.358675397,110.007224837
1618477617329,-93.818612188,225.290461121,104.854022783
1618477617424,-91.999065859,226.001950802,233.147372062
1618477617519,-88.999065955,230.001950601,233.147356887
1618477617614,-91.999066019,229.001950469,236.147346849
1618477617709,-90.999065982,226.001950544,233.147352577
1618477617804,-92.999065950,228.001950613,233.147357768
1618477617899,-92.999066004,227.001950500,230.147349202
1618477617994,-90.999065884,230.001950750,233.147368147
1618477618089,-92.999065934,230.001950645,234.147360183
1618477618184,-92.999065881,229.001950756,233.147368588
1618477618279,-91.999065990,230.001950529,232.147351437
1618477618374,-92.999065950,228.001950613,233.147357768
1618477618469,-93.999065948,227.001950615,232.147357947
1618477618563,-89.999066022,229.001950462,234.147346328
1618477618657,-94.999065908,225.001950699,233.147364278
1618477618751,-96.999065923,233.001950669,231.147361998
1618477618845,-94.999065849,230.001950824,231.147373697
1618477618939,-90.999065913,228.001950689,235.147363478
1618477619033,-93.999065957,232.001950598,232.147356628
1618477619127,-89.999065885,230.001950747,232.147367887
1618477619221,-93.999065879,229.001950760,234.147368848
1618477619315,-93.999065894,229.001950730,237.147366594
1618477619409,-95.999065862,229.001950796,233.147371623
1618477619503,-93.999065933,229.001950647,233.147360363
1618477619597,-93.999065895,226.001950727,231.147366352
1618477619688,-90.999065967,228.001950576,234.147354993
1618477619782,-93.999066016,227.001950473,234.147347208
1618477619876,-92.999065988,230.001950533,233.147351698
1618477619970,-92.999065881,229.001950756,233.147368588
1618477620064,-94.999065970,230.001950569,232.147354473
1618477620158,-93.999065856,225.001950808,233.147372502
1618477620252,-93.999065871,224.001950777,234.147370168
1618477620346,-95.999065984,228.001950541,232.147352318
1618477620440,-96.999065862,226.001950797,228.147371641
1618477620534,-95.999065931,227.001950652,231.147360722
1618477620628,-91.999065882,230.001950754,234.147368408
1618477620722,-96.999065943,227.001950626,235.147358729
1618477620816,-95.999065901,230.001950715,231.147365472
1618477620908,-98.999065965,227.001950580,230.147355272
1618477621002,-98.999065994,226.001950519,234.147350684
1618477621096,-99.999065909,228.001950697,234.147364099
1618477621190,-103.999065966,230.001950578,231.147355094
1618477621284,-108.999065876,230.001950767,231.147369389
1618477621378,-117.999065978,232.001950553,232.147353201
1618477621472,-136.999065902,260.001950713,239.147365317
1618477621566,-142.999065887,262.001950743,236.147367572
1618477621660,-146.999065861,318.001950797,231.147371680
1618477621754,-92.999065935,334.001950644,232.147360100
1618477621848,-7.999065853,99.001950816,232.147373068
1618477621942,-233.999065887,394.001950743,231.147367601
1618477622036,42.000934094,166.001950704,231.147364662
1618477622125,23.000934142,112.001950805,231.147372275
1618477622221,-34.999065914,-23.998049312,231.147363402
1618477622317,-146.999065851,-117.998049181,232.147373314
1618477622413,-279.999065900,60.001950717,231.147365592
1618477622509,-106.999065937,213.001950638,230.147359672
1618477622605,-49.999065930,102.001950655,225.147360916
1618477622701,0.000934038,137.001950586,226.147355758
1618477622797,-83.999065916,104.001950683,223.147363040
1618477622893,-115.999066020,152.001950465,217.147346616
1618477622989,-119.999065916,177.001950683,204.147363069
1618477623085,-117.999065904,187.001950708,183.147364949
1618477623181,-115.999065987,200.001950534,176.147351823
1618477623277,-110.999065945,207.001950623,212.147358507
1618477623377,-107.999065854,207.001950813,152.147372845
1618477623471,-106.999065980,213.001950550,497.147353021
1618477623565,-102.999065865,219.001950791,308.147371174
1618477623659,-101.999065892,221.001950733,415.147366823
1618477623753,-96.999065885,222.001950748,458.147367985
1618477623847,-96.999065969,223.001950572,318.147354686
1618477623941,-95.999065884,224.001950751,141.147368177
1618477624035,-91.999065851,230.001950819,166.147373319
1618477624129,-95.999065956,229.001950600,179.147356778
1618477624223,-95.999065935,227.001950643,195.147360062
1618477624317,-87.313930694,225.432744551,314.235733905
1618477624411,-90.999065867,228.001950785,213.147370772
1618477624505,-92.999065931,229.001950651,219.147360634
1618477624594,-90.999065852,230.001950817,214.147373187
1618477624688,-93.999065862,228.001950796,216.147371553
1618477624782,-90.999066009,224.001950490,222.147348439
1618477624876,-92.999065877,230.001950764,222.147369200
1618477624970,-91.999065963,227.001950586,220.147355704
1618477625064,-92.999066013,230.001950480,226.147347721
1618477625158,-93.999065973,228.001950564,227.147354051
1618477625252,-91.999065854,229.001950813,226.147372835
1618477625346,-94.999065986,227.001950536,229.147351977
1618477625440,-93.999065934,227.001950645,229.147360202
1618477625534,-92.999065974,230.001950563,230.147353952
1618477625628,-89.999065925,230.001950665,228.147361656
1618477625722,-89.999065886,229.001950746,230.147367806
1618477625813,-93.999065973,228.001950564,227.147354051
1618477625907,-94.999065956,230.001950599,229.147356727
1618477626001,-93.999065973,229.001950565,229.147354132
1618477626095,-93.999065904,230.001950708,229.147364952
1618477626189,-92.999065935,228.001950643,230.147360022
1618477626283,-93.999065850,230.001950821,230.147373437
1618477626377,-91.999065989,232.001950531,236.147351599
1618477626471,-96.999065869,232.001950780,230.147370402
1618477626565,-91.999065990,229.001950528,230.147351357
1618477626659,-94.999065971,229.001950568,230.147354392
1618477626753,-92.999065920,229.001950674,229.147362357
1618477626847,-91.999065853,231.001950815,230.147372997
1618477626941,-93.999065880,228.001950759,232.147368767
1618477627031,-91.999065868,229.001950783,229.147370581
1618477627125,-93.999065918,230.001950678,232.147362698
1618477627219,-91.999065922,230.001950671,230.147362177
1618477627313,-92.999065974,230.001950563,230.147353952
1618477627407,-90.999065854,232.001950812,231.147372817
1618477627501,-93.999065957,231.001950597,230.147356547
1618477627595,-88.999065917,228.001950682,233.147362957
1618477627689,-92.999065935,228.001950643,230.147360022
1618477627783,-93.999065973,229.001950565,229.147354132
1618477627877,-89.999065900,230.001950717,235.147365633
1618477627971,-89.999065993,230.001950522,230.147350917
1618477628065,-91.999065897,228.001950722,233.147365992
1618477628159,-93.999065850,230.001950821,230.147373437
1618477628251,-91.999065922,230.001950671,230.147362177
1618477628345,-93.999065850,230.001950821,230.147373437
1618477628439,-95.999065954,230.001950603,230.147356987
1618477628533,-93.999065987,228.001950534,230.147351797
1618477628627,-91.999065960,233.001950592,232.147356188
1618477628721,-96.999065953,230.001950606,231.147357248
1618477628815,-93.999065918,231.001950679,234.147362778
1618477628909,-94.999065917,230.001950682,233.147362958
1618477629003,-89.999065954,228.001950603,230.147356986
1618477629097,-95.999065847,229.001950826,230.147373877
1618477629191,-93.999065864,230.001950791,233.147371183
1618477629285,-93.999065879,229.001950760,234.147368848
1618477629379,-89.999066022,229.001950462,234.147346328
1618477629477,-92.999065974,230.001950563,230.147353952
1618477629571,-90.999065968,226.001950574,230.147354831
1618477629665,-91.999065966,226.001950578,231.147355092
1618477629759,-91.999065883,228.001950752,230.147368247
1618477629853,-90.999066007,228.001950494,230.147348762
1618477629947,-93.999065850,230.001950821,230.147373437
1618477630041,-94.999065986,227.001950536,229.147351977
1618477630135,-92.999065920,230.001950675,231.147362437
1618477630229,-96.999066007,230.001950494,230.147348763
1618477630323,-91.999065981,226.001950548,234.147352838
1618477630417,-91.999065853,231.001950815,230.147372997
1618477630511,-92.999065881,228.001950755,231.147368507
1618477630605,-93.999065942,233.001950629,231.147358963
1618477630703,-96.999065923,233.001950669,231.147361998
1618477630799,-95.999066023,230.001950461,232.147346248
1618477630895,-92.999065866,230.001950787,232.147370922
1618477630991,-92.999065935,228.001950643,230.147360022
1618477631087,-95.999065901,230.001950715,231.147365472
1618477631183,-98.999065851,233.001950818,231.147373258
1618477631279,-91.999066003,231.001950501,237.147349264
1618477631375,-92.999065911,227.001950694,235.147363918
1618477631471,-94.999065902,230.001950712,230.147365212
1618477631567,-92.999066003,228.001950501,232.147349282
1618477631663,-92.999065896,228.001950725,234.147366253
1618477631759,-88.999065917,227.001950681,231.147362876
1618477631855,-91.999065922,230.001950671,230.147362177
1618477631948,-90.999065907,234.001950702,234.147364493
1618477632042,-89.999065847,227.001950826,230.147373876
1618477632136,-94.999065849,229.001950823,229.147373617
1618477632230,-93.999065919,229.001950677,230.147362617
1618477632324,-94.999065970,230.001950569,232.147354473
1618477632418,-93.999065850,230.001950821,230.147373437
1618477632512,-93.999065850,230.001950821,230.147373437
1618477632606,-92.999065974,230.001950563,230.147353952
1618477632700,-96.999065899,230.001950719,232.147365733
1618477632794,-95.999065960,226.001950591,235.147356133
1618477632888,-96.343046266,230.371941397,333.642400091
1618477632982,-93.999065879,229.001950760,234.147368848
1618477633076,-95.999065984,228.001950541,232.147352318
1618477633167,-93.999065972,230.001950566,231.147354212
1618477633261,-91.999065868,230.001950784,231.147370662
1618477633355,-92.999066004,227.001950500,230.147349202
1618477633449,-93.999065972,230.001950566,231.147354212
1618477633543,-94.999065970,230.001950569,232.147354473
1618477633637,-92.999065880,231.001950758,237.147368749
1618477633731,-92.999065951,226.001950611,229.147357606
1618477633825,-93.999065880,228.001950759,232.147368767
1618477633919,-94.999066010,230.001950487,228.147348242
1618477634013,-91.999065927,225.001950659,233.147361242
1618477634107,-94.999065893,226.001950730,232.147366612
1618477634201,-90.999065937,230.001950638,232.147359662
1618477634295,-95.999065960,226.001950591,235.147356133
1618477634386,-89.999065901,227.001950714,229.147365391
1618477634480,-94.999065932,228.001950650,232.147360543
1618477634574,-96.999065854,235.001950813,233.147372898
1618477634668,-92.999065867,229.001950786,230.147370842
1618477634762,-95.999065954,230.001950603,230.147356987
1618477634856,-93.999065889,232.001950740,230.147367367
1618477634950,-94.999065971,229.001950568,230.147354392
1618477635044,-93.999065933,229.001950647,233.147360363
1618477635138,-92.999065867,229.001950786,230.147370842
1618477635232,-94.999065849,230.001950824,231.147373697
1618477635326,-88.999065887,230.001950744,231.147367627
1618477635420,-91.999065990,230.001950529,232.147351437
