1616035461097,183.670903594,239.004711384,-407.217885585
1616035461191,118.945901456,193.006099253,-239.223499769
1616035461285,223.851459619,251.276933895,-418.672092176
1616035461377,206.761181099,267.549156416,-436.762403060
1616035461471,110.309790704,206.278321888,-245.859556191
1616035461565,210.579237265,240.822767001,-403.217903580
1616035461659,221.851459667,271.367212106,-460.670699277
1616035461753,129.400068611,217.914433130,-261.131809547
1616035461847,180.034791435,231.186655624,-319.402696574
1616035461941,236.305626671,266.549156476,-473.942913386
1616035462035,129.400068712,221.732488784,-295.494299893
1616035462129,159.944513310,228.550544353,-277.404076304
1616035462223,241.123681939,271.367212067,-473.942951973
1616035462317,153.308402108,229.368600005,-326.856847062
1616035462411,127.400068700,197.824154938,-259.131800293
1616035462505,237.305626372,263.731100795,-464.488777403
1616035462595,182.670902901,246.640822572,-379.309623401
1616035462689,241.941737608,259.913045148,-473.942949003
1616035462783,223.851459640,256.094989539,-443.398479472
1616035462877,201.943125428,244.640822567,-417.672127963
1616035462971,105.491734560,198.824154898,-245.859608290
1616035463065,217.215348470,248.458878273,-395.763744625
1616035463159,205.579236874,255.094989512,-449.216556031
1616035463253,120.763957317,201.642210565,-259.131810818
1616035463347,188.670902752,236.004711270,-353.765193733
1616035463441,233.487570743,263.731100797,-479.760998735
1616035463535,121.763957001,214.096377444,-276.404066097
1616035463629,168.580625446,229.368600110,-285.676210559
1616035463723,234.305626993,268.549156520,-482.578991384
1616035463815,208.579236693,252.276933846,-440.580463465
1616035463909,148.490346577,217.914433097,-266.767945495
1616035464003,255.395904656,274.367212088,-464.488769119
1616035464097,159.944513733,237.004711333,-369.037368010
1616035464191,127.400068448,197.824154903,-247.677659417
1616035464285,243.941737850,263.731100822,-452.034590158
1616035464379,194.307014735,243.640822647,-401.399844446
1616035464473,129.400068878,216.096377525,-234.405392462
1616035464567,218.215348247,237.822766961,-407.217934622
1616035464661,204.761181747,256.094989581,-439.580391676
1616035464755,128.582013172,202.642210594,-247.859566103
1616035464849,201.943126255,238.004711397,-376.673430336
1616035464943,141.672290962,223.550544383,-317.402666150
1616035465034,122.763957106,204.460266177,-264.767943921
1616035465128,175.034792093,230.368600073,-334.674851122
1616035465222,241.123682387,259.913045205,-480.579016933
1616035465316,129.400068623,217.914433131,-293.676253462
1616035465410,152.308402201,214.096377454,-284.040169801
1616035465504,244.941737937,279.003323397,-473.942915032
1616035465598,153.308402188,228.368600016,-336.492950113
1616035465692,149.490346588,203.460266176,-259.131832981
1616035465786,236.305626251,266.549156420,-454.852678592
1616035465880,170.398680274,238.004711282,-388.127685613
1616035465974,129.400068343,201.642210530,-239.041559041
1616035466068,122.763957351,195.006099288,-240.041529087
1616035466162,196.125069964,253.276933873,-421.490165260
1616035466253,123.763957566,190.006099317,-235.405395550
1616035466347,214.397292609,248.458878243,-390.945711733
1616035466441,212.397292553,254.094989517,-458.670719012
1616035466535,112.127845647,202.642210512,-246.859628444
1616035466629,182.852847579,237.004711333,-340.310978393
1616035466723,222.033404443,267.549156522,-472.942878735
1616035466817,122.763957075,219.914433095,-276.404058413
1616035466911,167.580624605,232.186655637,-308.766575757
1616035467005,237.305626662,275.185267757,-473.942914307
1616035467099,149.490347223,225.550544467,-301.130379373
1616035467193,162.944514045,217.914433171,-297.312334194
1616035467287,244.941737925,257.094989550,-471.942916231
1616035467381,169.580624994,234.004711331,-365.219314428
1616035467469,130.400068581,206.460266203,-252.495701366
1616035467563,237.305627076,256.094989609,-450.034537602
1616035467657,188.488958505,252.276933849,-399.399905419
1616035467751,124.582012794,202.642210542,-232.405438282
1616035467845,225.851459653,251.276933900,-415.672088634
1616035467939,199.125070186,257.094989543,-429.762364912
1616035468033,106.491734926,206.460266229,-248.495681721
1616035468127,200.943126006,233.186655723,-361.219289205
1616035468221,238.305626675,276.185267759,-457.488746062
1616035468315,214.397292765,252.276933905,-408.854029469
1616035468409,176.216736251,221.732488764,-297.130426767
1616035468503,235.305626878,267.549156504,-467.942891947
1616035468597,130.218124216,225.550544407,-292.130425240
1616035468690,148.490346775,218.914433124,-262.404036250
1616035468784,240.123682220,262.731100823,-462.942922899
1616035468878,160.944513833,225.550544424,-335.583190689
1616035468972,135.218124671,200.642210623,-230.677599289
1616035469066,237.305627068,254.094989608,-425.034538465
1616035469160,183.852847710,241.822766992,-370.399855046
1616035469254,119.945902017,190.188043688,-208.859553023
1616035469348,228.851459949,248.276933940,-355.581779784
1616035469442,244.941737658,283.821379000,-416.124888266
1616035469536,126.763957606,191.188043681,-174.405391416
1616035469630,204.943125533,235.004711300,-293.219338074
1616035469724,225.851459536,273.185267729,-393.670712829
1616035469818,131.400068654,211.096377495,-198.131805096
1616035469907,171.580624897,234.004711317,-399.220712449
1616035470001,243.123682130,273.185267733,-587.942932224
1616035470095,131.400068302,214.096377447,-458.584620416
1616035470189,157.308402311,211.278321828,-491.404047089
1616035470283,249.759793524,279.821379030,-772.942920558
1616035470377,159.126457517,227.368599974,-725.947149266
1616035470471,137.218124693,202.642210626,-645.495652613
1616035470565,227.851459698,258.094989547,-775.852640398
1616035470659,187.670903115,244.458878242,-655.581823825
1616035470753,111.491734510,195.824154891,-458.223502154
1616035470847,227.851459606,254.094989535,-703.672093543
1616035470941,208.761181556,254.094989555,-724.762355746
1616035471035,135.400068570,198.824154920,-400.859591212
1616035471128,214.579237224,243.458878277,-322.855407065
1616035471222,233.851459672,254.913045184,-343.942921292
1616035471316,133.582013217,203.278321881,-265.949839649
1616035471410,185.034792013,224.368600062,-448.856803725
1616035471504,247.305626474,260.549156450,-512.760989438
1616035471598,151.036179931,212.732488776,-244.130417660
1616035471692,173.944513911,224.004711357,-266.947071381
1616035471786,254.305626979,251.731100877,-396.760937154
1616035471880,186.580625224,199.732488798,-275.947068158
1616035471974,157.218123777,174.642210502,-209.949914312
1616035472068,252.851459965,233.367212147,-420.670668385
1616035472162,210.852847026,184.004711259,-362.763814547
1616035472256,153.582013031,123.188043652,-220.859580689
1616035472345,246.033404293,149.094989579,-393.854003898
1616035472439,223.761181541,140.913045194,-426.580412932
1616035472533,107.127845586,43.460266145,-218.223523464
1616035472627,140.943126099,81.458878299,-360.855390878
1616035472721,145.851459476,87.549156440,-467.942941528
1616035472815,19.763957448,-12.175845058,-242.677630349
1616035472909,91.398680240,131.914433073,-314.220743214
1616035473003,224.305626564,215.367212103,-468.942924439
1616035473097,166.854235428,170.732488756,-286.676265609
1616035473191,253.308402513,174.914433137,-271.404026213
1616035473285,411.941738309,235.549156525,-478.578987838
1616035473379,400.126457971,257.004711317,-348.765157959
1616035473473,331.218124187,248.278321839,-249.495704921
1616035473565,407.487570705,262.913045151,-456.670724403
1616035473659,322.488958569,201.276933857,-403.399898794
1616035473753,214.582012790,116.188043619,-242.041549942
1616035473847,244.851459214,281.094989481,-412.672134072
1616035473941,118.400068597,345.642210564,-243.859588418
1616035474035,60.127845745,474.642210525,-247.495729501
1616035474129,359.125069896,569.640822582,-368.037393353
1616035474223,410.851460030,260.549156515,-461.488717296
1616035474317,241.945901735,213.278321854,-270.585971643
1616035474411,190.580625071,255.550544418,-308.766527544
1616035474505,234.941738295,454.367212164,-481.578989239
1616035474599,213.036179776,371.732488755,-308.766544965
1616035474693,195.672290991,282.096377464,-276.404051061
1616035474783,280.759792936,319.003323310,-471.124925770
1616035474877,181.126458217,262.004711350,-360.401243722
1616035474971,149.582013138,223.460266230,-240.041513915
1616035475065,193.398680389,239.368600016,-319.402672153
1616035475159,216.125070323,263.094989562,-399.399849953
1616035475253,143.582012922,206.642210560,-235.223480657
1616035475347,224.579237175,253.458878271,-407.217912933
1616035475441,234.033404410,258.094989595,-452.034548297
1616035475535,122.309790261,195.006099265,-243.041546371
1616035475629,205.307014625,239.004711350,-365.219299431
1616035475723,245.487571270,275.185267791,-487.397055484
1616035475817,134.582012298,208.278321757,-282.040212889
1616035475911,179.398680841,213.914433154,-299.312347287
1616035476009,253.759793761,279.003323422,-482.397062948
1616035476103,142.036179493,234.186655639,-329.856852380
1616035476197,223.215348743,261.094989591,-408.217883260
1616035476291,240.305626866,253.094989580,-474.942893223
1616035476385,180.216736545,237.004711367,-384.309564764
1616035476479,134.400068394,197.824154896,-246.859609359
1616035476573,243.123682045,264.731100799,-426.126273285
1616035476667,199.125069550,256.094989457,-427.308263710
1616035476761,120.945901960,200.642210603,-243.041503230
1616035476855,207.761181896,249.458878320,-387.127597253
1616035476949,225.851459285,261.731100773,-449.216571834
1616035477043,124.763957269,198.824154917,-265.949871432
1616035477137,182.034791859,237.004711323,-340.310986529
1616035477228,240.123682340,279.821379044,-482.579021697
1616035477322,237.305626462,270.367212089,-470.124879398
1616035477416,161.944513689,217.914433123,-290.676259707
1616035477510,249.759793050,267.549156403,-475.942969640
1616035477604,161.944513612,223.550544394,-341.310990944
1616035477698,133.218123796,208.460266145,-263.949912277
1616035477792,247.941737858,259.913045182,-464.488756211
1616035477886,184.852847330,243.640822581,-392.945727495
1616035477980,118.945901924,198.824154957,-250.677618267
1616035478074,214.397292574,257.094989520,-413.854049153
1616035478168,205.761181680,260.731100854,-440.580398591
1616035478262,130.400068900,202.642210605,-237.223445813
1616035478356,202.943125646,235.004711315,-369.037382096
1616035478449,218.215348656,256.094989580,-449.852615553
1616035478543,121.763957290,216.096377484,-265.949869248
1616035478637,180.034791344,225.550544330,-322.220761639
1616035478731,236.305626487,265.549156452,-470.124876755
1616035478825,150.490347077,224.550544447,-306.948450158
1616035478919,148.490346325,217.914433063,-285.858249729
1616035479013,242.941737507,254.094989494,-471.124903798
1616035479107,170.580624978,237.004711328,-371.855427372
1616035479201,133.218124047,199.642210539,-239.223496853
1616035479295,236.305626206,252.276933850,-436.762405042
1616035479389,199.125070673,236.822767046,-422.490091947
1616035479483,120.945901035,195.006099196,-223.951320665
1616035479577,166.580625257,235.004711366,-382.309565448
1616035479667,222.033403958,257.913045174,-461.488761959
1616035479761,117.127845725,210.278321804,-250.677675984
1616035479855,176.034792335,236.186655746,-342.310937355
1616035479949,237.305626248,279.003323342,-483.397124095
1616035480043,140.854235634,209.278321862,-306.130411184
1616035480137,148.490346677,237.004711315,-285.040157648
1616035480231,236.305626483,264.549156451,-475.942932847
1616035480325,166.580625010,229.368600051,-348.947090291
1616035480419,126.582013232,210.278321883,-250.677615548
1616035480513,237.305626730,252.276933921,-451.034573447
1616035480607,190.488958716,237.822766955,-392.763772280
1616035480701,146.672291111,221.732488762,-303.130428090
1616035480795,217.215348397,252.276933904,-406.217919096
1616035480889,223.033403999,252.276933898,-449.216535094
1616035480983,118.945901610,202.642210556,-251.677650668
1616035481077,196.307014836,237.004711379,-337.310943801
1616035481171,223.851459374,260.731100785,-473.942952120
1616035481265,123.763956908,201.642210509,-277.404075661
1616035481359,168.398680450,228.550544383,-299.312387684
1616035481453,244.941737171,275.185267652,-486.397161193
1616035481547,158.126458306,217.914433158,-331.674845066
1616035481641,134.218123907,214.096377442,-252.495733865
1616035481735,237.305626372,263.731100795,-464.488777403
1616035481829,127.582013144,200.824154949,-244.859568987
1616035481923,129.400068538,199.824154916,-241.041538913
1616035482017,237.305626855,249.276933938,-425.308170963
1616035482108,218.215348355,253.276933898,-436.762368571
1616035482203,111.309790503,202.642210579,-241.041521375
1616035482298,206.761181408,235.004711331,-355.401258264
1616035482393,234.487570552,257.913045130,-487.397129723
1616035482488,129.400067974,209.278321762,-268.767986677
1616035482583,183.852847767,230.368600077,-323.220680775
1616035482678,233.487571045,259.913045197,-476.760967528
1616035482773,153.308402507,224.550544418,-321.220694560
