1618476652269,-0.035682
1618476652363,-0.073440
1618476652457,-0.041331
1618476652551,-0.180105
1618476652645,-0.069576
1618476652739,-0.045435
1618476652833,0.008497
1618476652927,-0.119405
1618476653021,-0.038080
1618476653115,-0.061290
1618476653209,-0.068724
1618476653303,-0.033364
1618476653397,-0.021293
1618476653486,-0.081993
1618476653580,-0.068724
1618476653674,-0.055454
1618476653768,-0.055454
1618476653862,0.001729
1618476653956,-0.050151
1618476654050,-0.150048
1618476654144,-0.048952
1618476654238,-0.066672
1618476654332,-0.055454
1618476654426,-0.062222
1618476654520,-0.042184
1618476654614,-0.165903
1618476654707,-0.087296
1618476654801,-0.047753
1618476654895,-0.053402
1618476654989,-0.152446
1618476655083,-0.050151
1618476655177,-0.050151
1618476655271,-0.038933
1618476655365,-0.047833
1618476655459,-0.063421
1618476655553,-0.010342
1618476655647,-0.011541
1618476655741,-0.095263
1618476655835,-0.010342
1618476655924,-0.129424
1618476656018,-0.024544
1618476656112,-0.157083
1618476656206,0.000530
1618476656300,-0.005704
1618476656394,-0.105015
1618476656488,-0.058705
1618476656582,-0.038933
1618476656676,-0.013592
1618476656770,-0.064274
1618476656864,0.027337
1618476656958,-4.004950
1618476657052,-0.050151
1618476657144,-0.009143
1618476657239,-0.058705
1618476657334,-0.014791
1618476657429,-0.025930
1618476657524,-0.089961
1618476657619,-0.103737
1618476657714,-0.005039
1618476657809,-0.034830
1618476657904,-0.027794
1618476657999,-0.088495
1618476658094,-0.161187
1618476658189,-0.053402
1618476658284,-0.081993
1618476658384,-0.090814
1618476658479,-0.078743
1618476658574,0.040340
1618476658669,-0.088762
1618476658764,-0.018042
1618476658859,-0.065473
1618476658954,-0.078743
1618476659049,0.016198
1618476659144,4.741879
1618476659239,-0.035682
1618476659334,-0.038933
1618476659429,-0.052470
1618476659524,-0.137045
1618476659620,-0.048952
1618476659714,-0.063421
1618476659808,-0.051350
1618476659902,-0.024810
1618476659996,0.038288
1618476660090,-0.085511
1618476660184,0.009350
1618476660278,-0.040399
1618476660372,-0.072241
1618476660466,-0.004772
1618476660560,0.027070
1618476660654,-0.089028
1618476660748,-0.032698
1618476660837,-0.042451
1618476660932,0.016517
1618476661027,-0.019962
1618476661122,0.024616
1618476661217,0.052753
1618476661312,0.162613
1618476661407,0.234317
1618476661502,0.056590
1618476661597,-0.156306
1618476661692,-0.405817
1618476661787,-0.277118
1618476661882,-0.153856
1618476661977,-0.062249
1618476662072,-0.178614
1618476662166,-0.450827
1618476662260,-0.777240
1618476662354,-1.536394
1618476662448,-2.804124
1618476662542,-4.789707
1618476662636,-7.249383
1618476662730,-8.119687
1618476662824,-0.345989
1618476662918,-1.819757
1618476663012,1.629367
1618476663106,-0.766372
1618476663200,-5.750097
1618476663292,0.170476
1618476663387,-0.380943
1618476663482,-0.438818
1618476663577,0.174583
1618476663672,0.099413
1618476663767,0.058405
1618476663862,0.045135
1618476663957,0.043936
1618476664052,0.053876
1618476664147,0.031786
1618476664242,0.079217
1618476664337,0.030587
1618476664432,0.094539
1618476664527,0.075699
1618476664621,-0.051004
1618476664715,4.665858
1618476664809,-0.010342
1618476664903,0.012680
1618476664997,-0.038933
1618476665091,-0.055454
1618476665185,0.021767
1618476665279,0.043590
1618476665373,-0.052203
1618476665467,-0.153566
1618476665561,3.709954
1618476665655,-0.038933
1618476665745,-0.107334
1618476665840,-0.048952
1618476665935,0.037089
1618476666030,0.013800
1618476666125,-0.095263
1618476666220,-0.041331
1618476666315,-0.045435
1618476666410,0.019449
1618476666505,-0.016843
1618476666600,-0.092012
1618476666695,-0.092865
1618476666790,-0.087296
1618476666885,-0.038080
1618476666980,-0.055721
1618476667074,-0.194228
1618476667168,0.041539
1618476667262,-0.075225
1618476667356,-0.062222
1618476667450,-0.112637
1618476667544,-0.048952
1618476667638,-0.088762
1618476667732,-0.022413
1618476667826,-0.001522
1618476667920,-0.059903
1618476668014,4.930815
1618476668108,-0.068724
1618476668197,-0.032165
1618476668292,-0.114102
1618476668387,-0.044582
1618476668482,-0.006159
1618476668577,-0.042184
1618476668672,0.040606
1618476668767,-0.081993
1618476668862,-0.062222
1618476668957,-0.058971
1618476669052,0.027070
1618476669147,-0.097315
1618476669242,-0.052203
1618476669337,-0.053135
1618476669434,-0.065473
1618476669528,-0.134647
1618476669622,-0.012394
1618476669716,0.000530
1618476669810,-0.063154
1618476669904,-0.085244
1618476669998,0.017983
1618476670092,-0.035416
1618476670186,-0.035682
1618476670280,0.050359
1618476670374,-0.068724
1618476670468,-0.078743
1618476670562,-0.005892
1618476670652,-0.021560
1618476670747,-0.028914
1618476670842,0.053609
1618476670937,-0.055454
1618476671032,0.038288
1618476671127,0.012947
1618476671222,-0.008290
