1618476652294,-96.641016686,145.073558620,378.309620275
1618476652389,-5.036136180,261.222111609,381.028609120
1618476652483,-7.036141222,261.222105217,380.028608970
1618476652577,-6.036145791,259.222099423,384.028608834
1618476652671,-6.036144824,260.222100649,380.028608863
1618476652765,-4.036135378,261.222112626,380.028609143
1618476652859,-7.036145627,260.222099632,381.028608839
1618476652953,-5.036144677,261.222100836,379.028608867
1618476653047,-7.036142532,263.222103556,380.028608931
1618476653141,-12.036146230,265.222098867,381.028608821
1618476653235,-5.036142549,263.222103534,382.028608930
1618476653329,-7.036142532,263.222103556,380.028608931
1618476653423,-6.036140420,261.222106234,379.028608994
1618476653517,-8.036145462,261.222099841,378.028608844
1618476653606,-6.036138947,264.222108102,382.028609037
1618476653700,-11.036147868,261.222096790,381.028608773
1618476653794,-7.036144660,261.222100858,377.028608868
1618476653888,-9.036134673,264.222113521,380.028609164
1618476653982,-8.036138275,263.222108954,380.028609057
1618476654076,-6.036149065,264.222095273,384.028608737
1618476654170,-12.036141171,265.222105281,380.028608971
1618476654264,-8.036151176,262.222092596,379.028608674
1618476654358,-7.036141877,262.222104386,380.028608950
1618476654452,-7.036141877,262.222104386,380.028608950
1618476654546,-5.036151046,263.222092761,380.028608678
1618476654640,-8.036144301,262.222101313,385.028608878
1618476654734,-5.036137490,263.222109949,381.028609081
1618476654822,-5.036135050,267.222113043,380.028609153
1618476654916,-7.036142532,263.222103556,380.028608931
1618476655010,-8.036134837,263.222113312,383.028609159
1618476655104,-8.036142679,262.222103369,381.028608927
1618476655198,-8.036136965,261.222110614,380.028609096
1618476655292,-5.036148575,262.222095894,387.028608752
1618476655386,-6.036146789,263.222098159,380.028608805
1618476655480,-7.036146936,262.222097972,381.028608800
1618476655574,-7.036133723,265.222114725,378.028609192
1618476655668,-11.036138405,262.222108789,379.028609053
1618476655762,-9.036140386,265.222106276,381.028608995
1618476655856,-9.036148228,264.222096333,379.028608762
1618476655950,-8.036141058,262.222105425,377.028608975
1618476656043,-8.036146117,262.222099011,378.028608825
1618476656137,-10.036134477,260.222113769,385.028609170
1618476656231,-6.036145479,261.222099819,380.028608844
1618476656325,-7.036140567,260.222106047,380.028608989
1618476656419,-7.036137785,261.222109575,383.028609072
1618476656513,-8.036136965,261.222110614,380.028609096
1618476656607,-5.036150391,262.222093591,380.028608698
1618476656701,-5.036136180,261.222111609,381.028609120
1618476656795,-4.036138652,266.222108475,380.028609046
1618476656889,-6.036145479,261.222099819,380.028608844
1618476656983,-7.036143841,265.222101896,380.028608892
1618476657077,-8.036136965,261.222110614,380.028609096
1618476657171,-9.036151323,261.222092409,380.028608670
1618476657261,-9.036134018,263.222114351,380.028609184
1618476657356,-6.036151193,262.222092574,381.028608674
1618476657451,-9.036135982,266.222111861,380.028609125
1618476657546,-7.036137785,261.222109575,383.028609072
1618476657641,-11.036145740,263.222099488,384.028608836
1618476657736,-7.036143186,264.222102726,380.028608912
1618476657831,-6.036147443,264.222097329,380.028608785
1618476657926,-9.036133363,262.222115181,380.028609203
1618476658021,-4.036137000,261.222110570,384.028609095
1618476658116,-9.036145103,262.222100296,386.028608855
1618476658211,-7.036138439,262.222108745,383.028609052
1618476658306,-9.036151323,261.222092409,380.028608670
1618476658401,-8.036143334,263.222102539,381.028608907
1618476658495,-8.036137620,262.222109784,380.028609077
1618476658589,-7.036142532,263.222103556,380.028608931
1618476658683,-7.036141877,262.222104386,380.028608950
1618476658777,-7.036142532,263.222103556,380.028608931
1618476658871,-5.036149736,261.222094422,380.028608717
1618476658965,-5.036138799,265.222108289,381.028609042
1618476659059,-7.036144496,266.222101066,380.028608873
1618476659153,-6.036133233,263.222115346,381.028609207
1618476659247,-9.036133363,262.222115181,380.028609203
1618476659341,-7.036138127,264.222109141,379.028609062
1618476659435,-9.036135327,265.222112691,380.028609145
1618476659529,-6.036148098,265.222096498,380.028608766
1618476659623,-9.036137767,261.222109597,381.028609072
1618476659718,-6.036136016,262.222111818,378.028609124
1618476659811,-8.036140239,266.222106463,380.028608999
1618476659904,-7.036146936,262.222097972,381.028608800
1618476659997,-86.714807418,158.927224376,377.633928772
1618476660090,-4.036134723,260.222113456,380.028609163
1618476660183,-4.036135378,261.222112626,380.028609143
1618476660276,-2.036144547,262.222101001,380.028608871
1618476660369,-3.036144694,261.222100814,381.028608867
1618476660462,-3.036139635,261.222107229,380.028609017
1618476660555,-4.036135378,261.222112626,380.028609143
1618476660648,-1.036143090,261.222102848,379.028608914
1618476660741,4.963859135,260.222105669,381.028608980
1618476660834,6.963856334,259.222102119,380.028608897
1618476660933,9.963863309,265.222110962,379.028609104
1618476661027,23.963854497,265.222099789,380.028608843
1618476661121,40.963860502,272.222107403,382.028609021
1618476661215,59.963850300,296.222094467,387.028608718
1618476661309,69.963864941,348.222113032,380.028609153
1618476661403,60.963850578,413.222094819,382.028608726
1618476661497,46.963863033,485.222110612,382.028609096
1618476661591,-1.036141103,550.222105367,378.028608973
1618476661685,-140.036145460,393.222099844,380.028608844
1618476661779,-102.036143183,233.222102731,383.028608912
1618476661873,-114.214254901,141.241187276,380.945603051
1618476661967,37.963860493,209.222107391,389.028609021
1618476662061,84.963859863,367.222106593,388.028609002
1618476662150,-88.036144303,343.222101310,394.028608878
1618476662244,-4.036141269,312.222105157,404.028608968
1618476662338,-24.036136227,290.222111550,419.028609118
1618476662432,-34.036145793,267.222099421,447.028608834
1618476662526,-26.036143509,264.222102317,477.028608902
1618476662620,-14.036137905,264.222109423,429.028609068
1618476662714,-14.036141472,264.222104899,323.028608962
1618476662808,-14.036146773,261.222098179,295.028608805
1618476662902,-14.036143749,265.222102013,327.028608895
1618476662996,-13.036149550,263.222094658,357.028608723
1618476663090,-10.036136559,261.222111129,400.028609108
1618476663184,-9.036133823,263.222114598,391.028609189
1618476663278,-7.036143116,263.222102816,347.028608914
1618476663370,-11.036140258,268.222106439,305.028608998
1618476663464,-9.036140822,262.222105724,341.028608982
1618476663558,-9.036133246,264.222115330,365.028609207
1618476663652,-7.036137473,263.222109971,379.028609081
1618476663746,-9.036146607,264.222098389,375.028608810
1618476663840,-7.036141565,264.222104782,376.028608960
1618476663934,-9.036151011,263.222092805,376.028608679
1618476664028,-8.036142367,264.222103765,377.028608936
1618476664122,-6.036146789,263.222098159,380.028608805
1618476664216,-9.036146607,264.222098389,375.028608810
1618476664310,-7.036144660,261.222100858,377.028608868
1618476664404,-5.036145987,263.222099176,379.028608828
1618476664498,-7.036136163,261.222111631,379.028609120
1618476664592,-8.036146771,263.222098181,378.028608805
1618476664686,-8.036140894,267.222105633,380.028608980
1618476664780,-7.036147591,263.222097142,381.028608781
1618476664874,-11.036149833,264.222094299,381.028608714
1618476664968,-6.036136670,263.222110988,378.028609105
1618476665062,-7.036143841,265.222101896,380.028608892
1618476665156,-8.036139584,265.222107293,380.028609018
1618476665250,-8.036137620,262.222109784,380.028609077
1618476665344,-8.036150833,259.222093031,383.028608685
1618476665438,-5.036144825,264.222100648,386.028608863
1618476665532,-8.036148081,265.222096520,378.028608766
1618476665626,-7.036149719,261.222094443,378.028608718
1618476665720,-5.036137490,263.222109949,381.028609081
1618476665809,-7.036138127,264.222109141,379.028609062
1618476665904,-9.036149538,266.222094673,379.028608723
1618476665999,-9.036147574,263.222097163,379.028608781
1618476666094,-9.036144136,263.222101522,382.028608883
1618476666189,-5.036136835,262.222110779,381.028609100
1618476666284,-6.036146789,263.222098159,380.028608805
1618476666379,-12.036149668,265.222094508,378.028608719
1618476666474,-9.036138422,262.222108767,381.028609053
1618476666569,-5.036137833,266.222109514,377.028609070
1618476666664,-8.036146117,262.222099011,378.028608825
1618476666759,-6.036139765,260.222107064,379.028609013
1618476666854,-8.036138275,263.222108954,380.028609057
1618476666949,-9.036146443,269.222098597,378.028608815
1618476667044,-6.036139259,262.222107706,386.028609028
1618476667138,-9.036148883,265.222095503,379.028608742
1618476667232,-11.036143464,262.222102374,380.028608903
1618476667326,-9.036139732,264.222107107,381.028609014
1618476667420,-8.036138929,264.222108124,380.028609038
1618476667514,-8.036146117,262.222099011,378.028608825
1618476667608,-10.036139567,265.222107315,378.028609019
1618476667702,-9.036146264,261.222098824,379.028608820
1618476667796,-9.036139077,263.222107937,381.028609034
1618476667890,-8.036151176,262.222092596,379.028608674
1618476667984,-9.036142826,261.222103182,382.028608922
1618476668078,-7.036141222,261.222105217,380.028608970
1618476668172,-5.036138145,264.222109119,381.028609061
1618476668263,-6.036140420,261.222106234,379.028608994
1618476668356,-7.036143841,265.222101896,380.028608892
1618476668449,-106.576462814,143.815759657,382.163127829
1618476668542,-7.036134690,264.222113499,382.028609164
1618476668635,62.848841036,354.099282858,380.132595951
1618476668728,64.379837599,358.308408689,382.207720239
1618476668821,-9.036135327,265.222112691,380.028609145
1618476668914,-7.036134378,266.222113895,378.028609173
1618476669007,-9.036144136,263.222101522,382.028608883
1618476669100,-9.036151323,261.222092409,380.028608670
1618476669193,-9.036144479,266.222101088,378.028608873
1618476669286,-9.036135982,266.222111861,380.028609125
1618476669379,-6.036140256,266.222106441,382.028608999
1618476669467,-9.036149195,263.222095108,383.028608733
1618476669561,-6.036133888,264.222114516,381.028609188
1618476669655,-9.036134018,263.222114351,380.028609184
1618476669749,-8.036151830,263.222091766,379.028608655
1618476669843,-10.036150652,264.222093260,384.028608690
1618476669937,-12.036138076,268.222109205,379.028609063
1618476670031,-9.036148228,264.222096333,379.028608762
1618476670125,-9.036143481,262.222102352,382.028608903
1618476670219,-7.036146460,269.222098575,380.028608814
1618476670313,-6.036146789,263.222098159,380.028608805
1618476670407,-9.036142514,263.222103578,378.028608931
1618476670501,-6.036146134,262.222098989,380.028608824
1618476670595,-9.036134018,263.222114351,380.028609184
1618476670683,-9.036149538,266.222094673,379.028608723
1618476670796,-8.036138275,263.222108954,380.028609057
1618476670909,-9.036148228,264.222096333,379.028608762
1618476671022,-9.036139077,263.222107937,381.028609034
1618476671135,-10.036136948,261.222110636,378.028609097
1618476671248,-7.036138127,264.222109141,379.028609062
