1618477485692,0.002116
1618477485786,-0.068671
1618477485880,0.182493
1618477485974,-0.084807
1618477486068,0.012163
1618477486162,-0.071245
1618477486256,-0.193436
1618477486350,0.059360
1618477486444,-0.038301
1618477486538,0.005382
1618477486632,-0.168214
1618477486730,-0.071245
1618477486824,-0.088764
1618477486918,-0.080600
1618477487012,-0.072878
1618477487106,-0.046023
1618477487200,-0.067038
1618477487294,0.056095
1618477487388,-0.127797
1618477487482,0.009589
1618477487576,0.010530
1618477487670,-0.077084
1618477487764,0.039959
1618477487858,0.007956
1618477487949,-0.025680
1618477488043,-0.175936
1618477488137,-0.045081
1618477488231,-0.025680
1618477488325,-0.086439
1618477488419,-0.127797
1618477488513,0.056786
1618477488607,-0.078026
1618477488701,-0.118443
1618477488795,0.005382
1618477488889,0.004690
1618477488983,-0.029195
1618477489077,-0.039242
1618477489168,-0.089013
1618477489262,0.012163
1618477489356,-0.023106
1618477489450,0.060301
1618477489544,-0.079659
1618477489638,-0.109088
1618477489732,-0.161433
1618477489826,-0.080350
1618477489920,4.570138
1618477490014,-0.116810
1618477490108,-3.958831
1618477490202,-0.086439
1618477490296,-0.173362
1618477490385,-0.212838
1618477490479,-0.083865
1618477490573,-0.071245
1618477490667,-0.243208
1618477490761,-0.021473
1618477490855,-0.023106
1618477490949,-0.203483
1618477491043,-0.122649
1618477491137,-0.016325
1618477491231,-0.180835
1618477491325,-0.086439
1618477491419,-0.178952
1618477491513,-0.111662
1618477491605,-0.199276
1618477491699,-0.334338
1618477491793,-0.192495
1618477491887,-0.241575
1618477491981,-0.239693
1618477492075,-0.159801
1618477492169,-0.202791
1618477492263,-0.432690
1618477492357,-0.243208
1618477492451,-0.329190
1618477492545,-0.291347
1618477492639,-0.367032
1618477492733,-0.283625
1618477492823,-0.377328
1618477492917,-0.481502
1618477493011,-0.455588
1618477493105,-0.496005
1618477493199,-0.581295
1618477493293,-0.585501
1618477493387,-0.552557
1618477493481,-0.630125
1618477493575,-0.677323
1618477493669,-0.728727
1618477493763,-0.749742
1618477493857,-0.713533
1618477493951,-0.877082
1618477494040,-1.358394
1618477494134,-1.450215
1618477494228,-1.645768
1618477494322,-2.015185
1618477494416,-2.256052
1618477494510,1.943932
1618477494604,-2.786445
1618477494698,-2.814932
1618477494792,-3.175936
1618477494886,-3.247414
1618477494980,-3.039241
1618477495074,-2.048821
1618477495168,-1.318669
1618477495260,-0.974743
1618477495354,-1.089462
1618477495448,-1.134085
1618477495542,-1.219126
1618477495636,-1.309314
1618477495730,-1.403959
1618477495824,-1.482218
1618477495918,-1.728234
1618477496012,-2.209796
1618477496106,-2.696948
1618477496200,-3.252312
1618477496294,-3.459794
1618477496388,-3.454646
1618477496480,-3.369606
1618477496574,-3.458853
1618477496668,-3.854183
1618477496762,-4.281517
1618477496856,-4.270529
1618477496950,-4.147397
1618477497044,-4.030103
1618477497138,-3.627300
1618477497232,-3.157667
1618477497326,-2.437562
1618477497420,-1.969562
1618477497514,-1.562571
1618477497608,-0.991339
1618477497699,-0.704906
1618477497793,-0.547696
1618477497887,4.637108
1618477497981,-0.246069
1618477498075,-0.231834
1618477498169,-0.169692
1618477498263,0.018176
1618477498357,0.051830
1618477498451,0.034061
1618477498545,-0.043544
1618477498639,-0.047501
1618477498733,-0.100538
1618477498827,-0.073164
1618477498920,0.023382
1618477499013,0.280635
1618477499106,0.010761
1618477499199,-0.010791
1618477499292,-0.035572
1618477499385,0.067947
1618477499478,0.032410
1618477499571,-0.117423
1618477499664,-0.214487
1618477499757,-0.275496
1618477499850,-0.235061
1618477499943,-0.094159
1618477500036,-0.114925
1618477500135,-0.195067
1618477500229,-0.081021
1618477500323,-0.027734
1618477500417,-0.119287
1618477500511,-0.022068
1618477500605,-0.011772
1618477500699,-0.036053
1618477500793,0.024015
1618477500887,-0.188365
1618477500981,-0.011945
1618477501075,0.085024
1618477501169,0.029413
1618477501263,0.036194
1618477501353,-0.000957
1618477501447,4.101327
1618477501541,-0.078967
1618477501635,-0.050229
1618477501729,0.078493
1618477501823,0.053271
1618477501917,0.108190
1618477502011,-0.039492
1618477502105,0.041592
1618477502199,-0.073819
1618477502293,-0.035976
1618477502387,-0.035976
1618477502481,-3.704924
1618477502572,-0.038550
1618477502666,-0.121958
1618477502760,-0.037609
1618477502854,-0.001399
1618477502948,0.036444
1618477503042,0.051888
1618477503136,0.012163
1618477503230,0.065450
1618477503324,0.036444
1618477503418,-4.731652
1618477503512,0.056786
1618477503606,-0.039242
1618477503700,0.060301
1618477503791,0.050005
1618477503885,0.018002
1618477503979,-0.122649
1618477504073,0.218703
1618477504167,-0.094161
1618477504261,-0.014692
1618477504355,0.055153
1618477504449,-0.033402
1618477504543,0.035752
1618477504637,0.151431
1618477504731,0.065450
1618477504825,0.056095
1618477504919,0.056095
1618477505019,0.057727
1618477505113,0.091363
1618477505207,0.148857
1618477505301,0.042533
1618477505395,0.019885
1618477505489,-0.063523
1618477505583,0.051888
1618477505677,0.009589
1618477505771,-0.038550
1618477505865,0.100718
1618477505959,0.046740
1618477506053,0.049314
1618477506147,0.039959
1618477506236,-0.030828
1618477506329,0.189274
1618477506422,-0.121017
1618477506515,0.132721
1618477506608,-0.123591
1618477506701,0.014045
1618477506794,0.055153
1618477506887,-0.029887
1618477506980,0.087156
1618477507073,0.096511
1618477507166,0.060301
1618477507259,0.091363
1618477507352,0.047681
1618477507449,0.091363
1618477507543,0.044166
1618477507637,0.060301
1618477507731,0.012163
1618477507825,0.093937
1618477507919,0.146283
1618477508013,-0.007239
1618477508107,-0.093220
1618477508201,0.049314
1618477508295,-0.035035
1618477508389,0.061934
1618477508483,0.065450
1618477508577,0.048373
1618477508668,0.045798
1618477508762,0.050947
1618477508856,0.039959
1618477508950,-0.005606
1618477509044,0.190907
1618477509138,0.082950
1618477509232,0.055153
1618477509326,0.053521
1618477509420,0.057036
1618477509514,-0.014711
1618477509608,-0.091587
1618477509702,-0.132004
1618477509796,3.508454
1618477509888,0.095570
1618477509982,0.049314
1618477510076,0.060301
1618477510170,-0.030828
1618477510264,-0.041816
1618477510358,0.012163
1618477510452,nan
