1618476580674,2.355958
1618476580769,-1.233436
1618476580864,-1.646552
1618476580959,-0.536801
1618476581054,-0.375838
1618476581149,2.127240
1618476581244,2.155548
1618476581339,-2.232412
1618476581434,-2.364736
1618476581527,1.191510
1618476581622,1.190639
1618476581717,1.214816
1618476581812,0.703875
1618476581907,-2.361420
1618476582002,-2.409558
1618476582097,2.186785
1618476582192,2.618391
1618476582287,-0.532203
1618476582382,-1.488702
1618476582477,-1.530311
1618476582572,-1.255482
1618476582667,2.839557
1618476582762,2.676611
1618476582855,-1.971867
1618476582948,-2.246982
1618476583041,0.256989
1618476583134,0.497129
1618476583227,1.664596
1618476583320,1.589941
1618476583413,-2.502452
1618476583506,-2.438183
1618476583599,1.589834
1618476583692,1.913193
1618476583785,0.425096
1618476583878,0.040053
1618476583977,-1.800755
1618476584071,-1.749636
1618476584165,2.390076
1618476584259,1.958971
1618476584353,-1.422240
1618476584447,-1.390297
1618476584541,-0.631303
1618476584635,-0.131224
1618476584729,2.503643
1618476584823,2.059321
1618476584917,-2.701843
1618476585011,-2.746518
1618476585105,1.227322
1618476585195,1.910377
1618476585289,1.230642
1618476585383,0.925461
1618476585477,-2.436963
1618476585571,-2.437648
1618476585665,2.279691
1618476585759,1.876780
1618476585853,-0.339015
1618476585947,-0.567798
1618476586041,-1.491990
1618476586135,-0.959480
1618476586229,2.541881
1618476586323,2.235512
1618476586413,-1.721977
1618476586507,-2.054863
1618476586601,-0.047891
1618476586695,0.490013
1618476586789,1.521600
1618476586883,1.758462
1618476586977,-2.606870
1618476587071,-2.634341
1618476587165,1.509975
1618476587259,1.922575
1618476587353,0.358113
1618476587447,0.376336
1618476587541,-2.065469
1618476587632,-1.703456
1618476587726,2.056825
1618476587820,2.657102
1618476587914,-1.187223
1618476588008,-2.022687
1618476588102,-1.192585
1618476588196,-0.409670
1618476588290,2.157155
1618476588384,2.162227
1618476588478,-2.446259
1618476588572,-2.014314
1618476588666,0.852208
1618476588760,1.154510
1618476588851,1.182652
1618476588945,0.818427
1618476589039,-2.543188
1618476589133,-2.369444
1618476589227,1.962488
1618476589321,1.923745
1618476589415,-0.652282
1618476589509,-0.433887
1618476589603,-2.094546
1618476589697,-1.318613
1618476589791,2.325157
1618476589885,2.499586
1618476589979,-1.731110
1618476590076,-2.228038
1618476590169,-0.153684
1618476590262,0.548117
1618476590355,1.943464
1618476590448,1.486058
1618476590541,-2.758158
1618476590634,-2.221394
1618476590727,1.295725
1618476590820,2.495126
1618476590913,0.299851
1618476591006,0.263868
1618476591099,-2.086111
1618476591192,-2.137881
1618476591288,2.409964
1618476591382,2.379720
1618476591476,-1.180968
1618476591570,-1.738084
1618476591664,-0.799503
1618476591758,-0.520901
1618476591852,2.072036
1618476591946,2.420927
1618476592040,-2.375859
1618476592134,-2.503000
1618476592228,0.635365
1618476592322,1.280187
1618476592416,1.242543
1618476592510,1.020394
1618476592604,-2.667343
1618476592698,-2.562005
1618476592792,1.516208
1618476592886,1.874457
1618476592980,-0.985708
1618476593074,-5.162773
1618476593168,-6.379182
1618476593262,-4.241221
1618476593356,2.111967
1618476593450,3.335440
1618476593544,0.389619
1618476593638,-0.952895
1618476593729,1.283150
1618476593823,0.667290
1618476593917,0.390134
1618476594011,-3.536786
1618476594105,-8.248883
1618476594199,-8.043400
1618476594293,-3.950166
1618476594387,-2.388178
1618476594481,-2.849824
1618476594575,-2.247948
1618476594669,-3.537680
1618476594763,-2.796204
1618476594857,2.184312
1618476594956,2.635262
1618476595050,-1.512482
1618476595144,-1.592068
1618476595238,-0.859751
1618476595332,-0.369853
1618476595426,2.094403
1618476595520,1.824597
1618476595614,-2.527867
1618476595708,-2.519008
1618476595802,0.984244
1618476595896,1.134238
1618476595990,1.192046
1618476596084,1.012623
1618476596172,-2.172522
1618476596267,-2.147848
1618476596362,1.984846
1618476596457,2.527808
1618476596552,-0.372601
1618476596647,-0.548302
1618476596742,-1.409698
1618476596837,-1.164468
1618476596932,2.862338
1618476597027,2.589888
1618476597122,-2.007378
1618476597217,-2.158498
1618476597312,-0.190648
1618476597410,0.532353
1618476597504,1.817003
1618476597598,1.461252
1618476597692,-2.497228
1618476597786,-2.282898
1618476597880,1.774487
1618476597974,2.085581
1618476598068,0.206561
1618476598162,0.149308
1618476598256,-1.867119
1618476598350,-1.971906
1618476598444,2.361151
1618476598538,2.602297
1618476598627,-1.336916
1618476598721,-1.518249
1618476598815,-0.812369
1618476598909,-0.268100
1618476599003,2.182213
1618476599097,1.913749
1618476599191,-2.401536
1618476599285,-2.406612
1618476599379,1.221058
1618476599473,1.504964
1618476599567,1.127447
1618476599661,0.674430
1618476599755,-2.186841
1618476599852,-2.277220
1618476599946,1.986578
1618476600040,2.416056
1618476600134,-0.391712
1618476600228,-1.155449
1618476600322,-1.277308
1618476600416,-1.231400
1618476600510,2.599115
1618476600604,2.277753
1618476600698,-2.115110
1618476600792,-2.385705
1618476600886,0.563843
1618476600980,0.706017
1618476601071,1.646272
1618476601165,1.367672
1618476601259,-2.460210
1618476601353,-2.434249
1618476601447,1.701223
1618476601541,2.061884
1618476601635,0.054222
1618476601729,-0.641666
1618476601823,-1.909078
1618476601917,-1.463302
1618476602011,2.720550
1618476602105,2.099552
1618476602199,-1.552453
1618476602289,-2.316329
1618476602383,-0.062248
1618476602477,-0.007441
1618476602571,2.008300
1618476602665,1.822764
1618476602759,-2.695342
nan,nan
