1610679524849,0.024084
1610679524943,-0.083083
1610679525037,0.025330
1610679525131,0.002573
1610679525225,-0.040507
1610679525315,-0.040229
1610679525410,0.002999
1610679525505,0.174757
1610679525600,-0.018828
1610679525695,0.002778
1610679525790,0.045427
1610679525885,0.045727
1610679525980,-0.019311
1610679526075,0.002757
1610679526170,0.045075
1610679526265,0.067312
1610679526360,0.002647
1610679526455,0.023842
1610679526549,0.002852
1610679526644,0.002647
1610679526739,0.023990
1610679526834,-0.019033
1610679526929,-0.018623
1610679527024,0.024605
1610679527119,-0.061850
1610679527214,0.002200
1610679527309,-0.040155
1610679527404,-0.039782
1610679527499,-0.018623
1610679527594,-0.019758
1610679527689,0.002647
1610679527785,0.002683
1610679527879,-0.061777
1610679527973,-0.039892
1610679528067,0.024326
1610679528161,0.046153
1610679528255,-0.039892
1610679528349,0.023879
1610679528443,0.045837
1610679528537,0.044870
1610679528631,-0.018996
1610679528725,-0.040192
1610679528819,0.023879
1610679528913,-0.039855
1610679529002,0.003093
1610679529096,-0.017861
1610679529190,0.002720
1610679529284,-0.061330
1610679529378,0.024568
1610679529472,0.002999
1610679529566,-0.018717
1610679529660,-0.061982
1610679529754,-0.018586
1610679529848,0.045427
1610679529942,-0.018586
1610679530036,0.045522
1610679530130,0.023806
1610679530222,-0.019348
1610679530317,-0.019070
1610679530412,0.002478
1610679530507,0.131698
1610679530602,-0.039598
1610679530697,-0.040675
1610679530792,-0.018996
1610679530887,-0.018344
1610679530982,0.045390
1610679531077,0.002683
1610679531172,-0.018234
1610679531267,0.045427
1610679531362,0.002757
1610679531455,0.002720
1610679531550,-0.019406
1610679531645,0.025588
1610679531740,-0.019574
1610679531835,-0.061871
1610679531930,-0.041348
1610679532025,-0.043003
1610679532120,-0.064814
1610679532215,-0.007124
1610679532310,-0.074858
1610679532405,-0.062830
1610679532500,-0.058189
1610679532595,-0.061689
1610679532690,-0.029083
1610679532784,-0.097421
1610679532878,-0.123706
1610679532972,-0.082003
1610679533066,0.051610
1610679533160,-0.160965
1610679533254,-0.167760
1610679533348,-0.215995
1610679533442,-0.334857
1610679533536,-0.724497
1610679533630,-0.811898
1610679533724,-1.070185
1610679533818,-1.757513
1610679533909,-0.577740
1610679534003,2.343819
1610679534097,5.800603
1610679534191,6.423639
1610679534285,3.804209
1610679534379,4.189986
1610679534473,5.886538
1610679534567,-1.006577
1610679534661,-1.607728
1610679534755,0.754492
1610679534849,-1.350036
1610679534943,-1.091991
1610679535037,-0.662355
1610679535129,-0.405125
1610679535223,-0.319916
1610679535317,-0.190586
1610679535411,-0.125790
1610679535505,-0.082899
1610679535599,-0.083251
1610679535693,-0.061146
1610679535787,-0.061219
1610679535881,-0.082731
1610679535975,0.003093
1610679536069,-0.040265
1610679536163,-0.040339
1610679536257,-0.040786
1610679536347,-0.018696
1610679536441,-0.018828
1610679536535,-0.039188
1610679536629,0.002405
1610679536723,0.045464
1610679536817,0.002368
1610679536911,0.066828
1610679537005,0.045075
1610679537099,-0.018996
1610679537193,0.003093
1610679537287,-0.018476
1610679537381,-0.040265
1610679537475,-0.018234
1610679537564,0.023953
1610679537658,0.003020
1610679537752,-0.040544
1610679537846,-0.039782
1610679537940,-0.082972
1610679538034,-0.017099
1610679538128,0.003724
1610679538222,0.024326
1610679538316,0.003056
1610679538410,0.002237
1610679538504,0.110465
1610679538598,0.024158
1610679538692,0.002442
1610679538783,0.002442
1610679538877,-0.040470
1610679538971,0.024084
1610679539065,0.002683
1610679539159,-0.039577
1610679539253,-0.039782
1610679539347,-0.039855
1610679539441,0.045317
1610679539535,-0.081800
1610679539629,0.002852
1610679539723,-0.019311
1610679539817,-0.040544
1610679539911,0.024289
1610679540008,0.174925
1610679540101,-0.038836
1610679540194,-0.018938
1610679540287,0.067180
1610679540380,0.045669
1610679540473,-0.040470
1610679540566,-0.040265
1610679540659,0.023990
1610679540752,3.346988
1610679540845,-0.018791
1610679540938,-0.018139
1610679541031,0.045522
1610679541124,-0.018455
1610679541221,0.003167
1610679541315,-0.019311
1610679541409,-0.018381
1610679541503,0.173643
