1618478038345,-13.317253268,263.927371699,375.886491639
1618478038439,-14.317247504,261.927378301,379.886491251
1618478038533,-13.317245343,264.927380776,379.886491105
1618478038627,-13.317241352,262.927385348,379.886490836
1618478038721,-15.317247329,262.927378501,386.886491239
1618478038810,-11.317255223,263.927369460,379.886491771
1618478038904,-16.317249541,263.927375968,375.886491388
1618478038998,-13.317248747,261.927376878,379.886491334
1618478039092,-17.317257291,263.927367091,378.886491911
1618478039186,-15.317250518,263.927374849,377.886491454
1618478039280,-13.317246619,260.927379315,380.886491191
1618478039374,-13.317258535,261.927365667,376.886491995
1618478039468,-14.317257027,261.927367393,378.886491893
1618478039562,-101.992313403,164.652148187,383.733089818
1618478039656,-15.317257648,262.927366683,379.886491935
1618478039750,-13.317244010,263.927382303,374.886491015
1618478039844,-15.317250518,263.927374849,377.886491454
1618478039938,-13.317250875,262.927374440,378.886491478
1618478040027,-14.317250965,263.927374337,383.886491484
1618478040121,-13.317241352,262.927385348,379.886490836
1618478040215,-15.317252381,264.927372715,378.886491580
1618478040309,-15.317248655,262.927376983,376.886491328
1618478040403,64.483961554,354.038737517,373.638471734
1618478040497,-13.317249012,261.927376574,377.886491352
1618478040591,-15.317257648,262.927366683,379.886491935
1618478040685,-17.317255428,262.927369225,377.886491785
1618478040779,-14.317240375,262.927386467,377.886490770
1618478040873,-16.317249276,263.927376272,377.886491370
1618478040967,-17.317257291,263.927367091,378.886491911
1618478041061,-13.317254601,264.927370173,380.886491729
1618478041155,-80.497714978,188.271468435,383.283188546
1618478041247,-16.317245019,261.927381147,379.886491083
1618478041341,-13.317256142,260.927368408,379.886491833
1618478041435,-15.317257648,262.927366683,379.886491935
1618478041529,-15.317256315,261.927368209,374.886491845
1618478041623,-14.317247769,261.927377997,377.886491269
1618478041717,-16.317256405,262.927368106,379.886491851
1618478041811,-17.317242501,265.927384031,378.886490913
1618478041905,-13.317245078,264.927381080,381.886491087
1618478041999,-14.317253624,264.927371292,378.886491663
1618478042093,-15.317241260,263.927385453,376.886490829
1618478042187,-13.317241352,262.927385348,379.886490836
1618478042281,-16.317245019,261.927381147,379.886491083
1618478042375,-13.317258800,261.927365363,374.886492013
1618478042470,-13.317250875,262.927374440,378.886491478
1618478042564,-13.317250610,262.927374744,380.886491460
1618478042658,-13.317248747,261.927376878,379.886491334
1618478042752,-16.317247148,262.927378709,378.886491227
1618478042846,-13.317248747,261.927376878,379.886491334
1618478042940,-20.317254416,268.927370384,376.886491717
1618478043034,-13.317248747,261.927376878,379.886491334
1618478043128,-13.317252738,263.927372306,379.886491604
1618478043222,-15.317252381,264.927372715,378.886491580
1618478043316,-14.317253624,264.927371292,378.886491663
1618478043410,-15.317257648,262.927366683,379.886491935
1618478043504,-15.317255785,261.927368816,378.886491809
1618478043598,-12.317256374,264.927368142,376.886491849
1618478043688,-13.317241352,262.927385348,379.886490836
1618478043784,-11.317258627,260.927365562,379.886492001
1618478043880,-11.317251232,261.927374031,379.886491502
1618478043976,-14.317257027,261.927367393,378.886491893
1618478044072,-13.317249012,261.927376574,377.886491352
1618478044168,-15.317249185,262.927376375,372.886491364
1618478044264,-13.317256407,260.927368104,377.886491851
1618478044360,-13.317250875,262.927374440,378.886491478
1618478044456,-18.317247113,268.927378749,379.886491224
1618478044552,-13.317248482,261.927377181,381.886491317
1618478044648,-13.317246884,260.927379011,378.886491209
1618478044744,-13.317258270,261.927365970,378.886491977
1618478044840,-13.317249012,261.927376574,377.886491352
1618478044941,-13.317248747,261.927376878,379.886491334
1618478045033,-14.317245641,260.927380435,378.886491125
1618478045125,-13.317241352,262.927385348,379.886490836
1618478045217,-14.317242503,263.927384030,376.886490913
1618478045309,-12.317248126,260.927377588,378.886491293
1618478045401,-12.317246263,259.927379722,377.886491167
1618478045493,-9.317241055,264.927385688,378.886490816
1618478045585,-6.317247921,261.927377823,380.886491279
1618478045677,-7.317249072,262.927376505,377.886491356
1618478045769,-3.317246060,258.927379956,377.886491153
1618478045861,5.682744299,262.927368912,378.886491804
1618478045953,16.682743028,265.927367457,375.886491889
1618478046045,46.682754424,288.927380509,380.886491121
1618478046139,69.682753765,321.927379755,379.886491165
1618478046233,66.682745866,388.927370708,379.886491698
1618478046327,35.682741295,499.927365471,379.886492006
1618478046421,-40.317255221,540.927369463,381.886491771
1618478046515,-134.317256713,317.927367753,382.886491872
1618478046609,-48.317251738,209.927373451,379.886491536
1618478046703,3.682749847,181.927375267,386.886491429
1618478046797,80.682742434,325.927366777,386.886491929
1618478046891,-102.317244918,433.927381263,392.886491076
1618478046985,-3.317250027,304.927375411,402.886491421
1618478047079,-35.317245071,295.927381088,429.886491087
1618478047173,-36.317251440,268.927373793,461.886491516
1618478047267,-28.317257919,263.927366372,341.886491953
1618478047359,-24.317246229,263.927379761,325.886491165
1618478047454,-18.317254200,261.927370632,291.886491702
1618478047549,-20.317258866,263.927365287,338.886492017
1618478047644,-17.317253572,262.927371351,391.886491660
1618478047739,-18.317251004,262.927374292,401.886491487
1618478047834,-14.317249919,262.927375535,305.886491414
1618478047929,-17.317247747,260.927378023,334.886491267
1618478048024,-14.317255479,264.927369166,364.886491789
1618478048119,-15.317241790,263.927384845,372.886490865
1618478048214,-16.317240283,263.927386572,374.886490764
1618478048309,-16.317245815,261.927380236,373.886491137
1618478048404,-18.317245515,267.927380579,376.886491116
1618478048499,-13.317251405,262.927373833,374.886491514
1618478048592,-14.317249898,262.927375560,376.886491412
1618478048687,-13.317255131,264.927369565,376.886491765
1618478048782,-16.317249276,263.927376272,377.886491370
1618478048877,-15.317246262,261.927379724,379.886491167
1618478048972,-16.317245550,261.927380540,375.886491119
1618478049067,-17.317243777,261.927382570,379.886490999
1618478049162,-14.317243570,264.927382807,383.886490985
1618478049257,-16.317247148,262.927378709,378.886491227
1618478049352,-13.317254601,264.927370173,380.886491729
1618478049447,-14.317251761,263.927373426,377.886491538
1618478049542,-16.317245019,261.927381147,379.886491083
1618478049637,-15.317250783,263.927374545,375.886491472
1618478049732,-16.317247148,262.927378709,378.886491227
1618478049828,-82.275487469,182.799139587,381.605469441
1618478049922,-14.317244631,264.927381592,375.886491057
1618478050016,-15.317240730,263.927386060,380.886490794
1618478050110,-14.317240640,262.927386163,375.886490788
1618478050204,-14.317242503,263.927384030,376.886490913
1618478050298,-14.317249898,262.927375560,376.886491412
1618478050392,-20.317250425,266.927374956,376.886491448
1618478050486,-14.317251495,263.927373729,379.886491520
1618478050580,-15.317256637,266.927367840,376.886491867
1618478050674,-13.317241352,262.927385348,379.886490836
1618478050768,-17.317243777,261.927382570,379.886490999
1618478050862,-15.317248655,262.927376983,376.886491328
1618478050956,-14.317251761,263.927373426,377.886491538
1618478051048,-14.317251230,263.927374033,381.886491502
1618478051142,-16.317253747,261.927371151,384.886491672
1618478051236,-15.317257913,262.927366379,377.886491953
1618478051330,-14.317249632,262.927375863,378.886491394
1618478051424,-13.317248747,261.927376878,379.886491334
1618478051518,-15.317250253,263.927375153,379.886491436
1618478051612,-12.317240731,261.927386058,378.886490794
1618478051706,-16.317256671,262.927367802,377.886491869
1618478051800,-15.317241260,263.927385453,376.886490829
1618478051894,-14.317247769,261.927377997,377.886491269
1618478051988,-14.317251495,263.927373729,379.886491520
1618478052082,-14.317240640,262.927386163,375.886490788
1618478052176,-13.317246619,260.927379315,380.886491191
1618478052266,-14.317252026,263.927373122,375.886491556
1618478052361,-13.317245608,264.927380473,377.886491123
1618478052456,-13.317252738,263.927372306,379.886491604
1618478052551,-17.317248033,263.927377695,377.886491286
1618478052646,-15.317257648,262.927366683,379.886491935
1618478052741,-16.317243744,265.927382608,378.886490997
1618478052836,-13.317249334,266.927376205,379.886491374
1618478052931,-15.317244986,265.927381185,378.886491081
1618478053026,-17.317255693,262.927368921,375.886491803
1618478053121,-13.317253003,263.927372003,377.886491622
1618478053216,-17.317243777,261.927382570,379.886490999
1618478053311,-14.317247769,261.927377997,377.886491269
1618478053406,-14.317258890,262.927365260,379.886492019
1618478053500,-15.317254244,265.927370581,379.886491705
1618478053595,-14.317253624,264.927371292,378.886491663
1618478053690,-15.317242858,264.927383622,379.886490937
1618478053785,-82.731367780,186.713104117,382.433857843
1618478053880,-15.317250253,263.927375153,379.886491436
1618478053975,-16.317249276,263.927376272,377.886491370
1618478054070,-13.317253003,263.927372003,377.886491622
1618478054165,-15.317243123,264.927383319,377.886490955
1618478054260,-14.317253624,264.927371292,378.886491663
1618478054355,-115.197813864,148.526932147,386.623856491
1618478054450,-20.317254151,268.927370688,378.886491699
1618478054545,-13.317248747,261.927376878,379.886491334
1618478054640,-14.317242503,263.927384030,376.886490913
1618478054733,-15.317248390,262.927377286,378.886491310
1618478054827,-12.317244988,263.927381183,376.886491081
1618478054921,-13.317245343,264.927380776,379.886491105
1618478055015,-13.317256729,265.927367735,379.886491873
1618478055109,-18.317245515,267.927380579,376.886491116
1618478055203,-15.317246527,261.927379420,377.886491185
1618478055297,-14.317240375,262.927386467,377.886490770
1618478055391,-16.317246882,262.927379013,380.886491209
1618478055485,-18.317242800,261.927383689,377.886490933
1618478055579,-15.317257648,262.927366683,379.886491935
1618478055673,-14.317257292,261.927367090,376.886491911
