1618477987633,-0.126312
1618477987727,-0.032579
1618477987821,-0.307878
1618477987915,-0.156843
1618477988009,-0.128173
1618477988103,-0.065858
1618477988197,-0.094692
1618477988291,-0.065009
1618477988385,-0.068567
1618477988479,-0.063958
1618477988573,-0.066908
1618477988667,-0.036580
1618477988761,-0.033832
1618477988855,-0.065858
1618477988949,-0.187374
1618477989043,-0.127363
1618477989137,-0.032781
1618477989231,-0.097401
1618477989325,-0.307878
1618477989419,-0.062907
1618477989513,-0.092185
1618477989607,-0.095984
1618477989701,0.054203
1618477989795,-0.065655
1618477989887,-0.096996
1618477989981,-0.065009
1618477990075,-0.095984
1618477990169,-0.034883
1618477990263,-0.125261
1618477990357,-0.095781
1618477990451,-0.126717
1618477990545,-0.126514
1618477990639,-0.067111
1618477990733,-0.066706
1618477990827,-0.277752
1618477990921,-0.036985
1618477991015,-0.096186
1618477991106,-0.095984
1618477991200,-0.004959
1618477991294,-0.127565
1618477991388,-0.096591
1618477991482,-0.128616
1618477991576,-0.067111
1618477991670,-0.126110
1618477991764,0.023874
1618477991858,-0.064604
1618477991952,-0.097439
1618477992046,-0.124413
1618477992140,-0.067757
1618477992234,-0.095135
1618477992323,-0.217095
1618477992417,-3.452976
1618477992511,-0.129021
1618477992605,-0.066908
1618477992699,-0.097478
1618477992793,-0.127160
1618477992887,-0.064161
1618477992981,-0.098085
1618477993075,-0.127768
1618477993169,-0.066908
1618477993263,-0.036782
1618477993357,-0.069010
1618477993451,0.023672
1618477993539,0.024925
1618477993633,-0.153690
1618477993727,3.768492
1618477993821,-0.245524
1618477993915,-0.033427
1618477994009,-0.188666
1618477994103,-0.033630
1618477994197,-0.038682
1618477994291,-0.094528
1618477994385,-0.128616
1618477994479,-0.097237
1618477994573,-0.003301
1618477994667,-0.127363
1618477994760,-0.186362
1618477994854,-0.000997
1618477994948,-0.126514
1618477995042,-0.065453
1618477995136,4.299863
1618477995230,-0.095135
1618477995324,-0.155628
1618477995418,-0.121260
1618477995512,-0.154741
1618477995606,-0.125261
1618477995700,-0.066908
1618477995794,0.023874
1618477995888,-0.063553
1618477995980,-0.005403
1618477996074,-0.062502
1618477996168,-0.032135
1618477996262,-0.096388
1618477996356,-0.031528
1618477996450,-0.060603
1618477996544,-0.121867
1618477996638,0.064712
1618477996732,-0.026273
1618477996826,-0.103838
1618477996920,-0.061265
1618477997014,-0.001107
1618477997108,4.375919
1618477997199,0.006047
1618477997293,-0.142442
1618477997387,-0.061007
1618477997481,0.019212
1618477997575,0.015195
1618477997669,0.036804
1618477997763,4.179156
1618477997857,-0.326297
1618477997951,-1.320598
1618477998045,-3.950985
1618477998139,-7.928485
1618477998233,-7.706921
1618477998327,-2.318137
1618477998418,2.008382
1618477998512,2.152129
1618477998606,-0.084357
1618477998700,-6.049306
1618477998794,-0.755517
1618477998888,-0.639949
1618477998982,5.011276
1618477999076,-0.092137
1618477999170,-0.095656
1618477999264,-0.123642
1618477999358,-0.094123
1618477999452,-0.035770
1618477999546,-0.097680
1618477999634,-0.034719
1618477999728,-0.003340
1618477999822,-0.065453
1618477999916,-0.038884
1618478000010,-0.188020
1618478000104,-0.157691
1618478000198,-0.035529
1618478000292,-0.003745
1618478000386,-0.029021
1618478000480,-0.065655
1618478000574,-0.095781
1618478000668,-0.126717
1618478000762,-0.063997
1618478000854,-0.034478
1618478000948,-0.122754
1618478001042,-0.094287
1618478001136,-0.158945
1618478001230,-0.127363
1618478001324,-0.008151
1618478001418,-0.128819
1618478001512,-0.092224
1618478001606,-0.063351
1618478001700,-0.092628
1618478001794,-0.125261
1618478001888,-0.088830
1618478001982,-0.068162
1618478002071,-0.035732
1618478002165,-0.004757
1618478002259,-0.126756
1618478002353,-0.004796
1618478002447,-0.095984
1618478002541,-0.065453
1618478002635,-0.096186
1618478002729,-0.037833
1618478002823,-0.038884
1618478002917,-0.065858
1618478003011,-0.007948
1618478003105,-0.128857
1618478003199,-0.095135
1618478003292,-0.037428
1618478003386,-0.003099
1618478003480,-0.034276
1618478003574,-0.064807
1618478003668,-0.005403
1618478003762,0.022621
1618478003856,-0.091578
1618478003950,-0.126312
1618478004044,-0.124615
1618478004138,-0.125261
1618478004232,-0.128616
1618478004326,-0.128414
1618478004420,-0.127363
1618478004511,-0.065453
1618478004605,-0.128616
1618478004699,0.027230
1618478004793,-0.128616
1618478004887,-0.065250
1618478004981,0.053759
1618478005075,-0.064807
1618478005169,-0.097478
1618478005263,-0.034073
1618478005357,-0.000795
1618478005451,-0.034719
1618478005545,-0.096186
1618478005639,-0.037226
1618478005730,-0.126110
1618478005824,-0.032820
1618478005918,-0.063997
1618478006012,-0.005442
