1610679355385,194.108374698,175.003362069,422.780824918
1610679355479,158.598273408,207.722126102,422.029139116
1610679355573,154.631322562,210.230997327,421.048780120
1610679355667,174.584845421,195.358180101,420.916689220
1610679355761,145.507227275,218.946386396,424.109180980
1610679355855,146.856431229,215.423067819,422.073769631
1610679355949,166.912956360,199.845574975,420.967476579
1610679356043,157.685729811,207.648172449,422.028560161
1610679356137,119.822066296,241.665910797,421.279214916
1610679356232,206.218209324,168.608820043,421.707278605
1610679356326,212.020180211,161.857033134,421.662250042
1610679356420,127.916060638,231.284763409,418.205773464
1610679356514,142.295199439,221.662496176,420.130444376
1610679356608,158.742303302,202.372303927,423.995086005
1610679356702,110.928633068,250.031856588,425.344708739
1610679356796,143.392031115,218.889402880,420.116563499
1610679356890,142.585232761,218.571636351,425.121904447
1610679356984,177.040863271,193.126962775,421.907050486
1610679357078,170.729744488,196.463682235,419.948829642
1610679357172,205.905106687,166.873581489,424.709351322
1610679357266,154.011144277,210.601029691,426.059505584
1610679357360,204.864560575,168.753473450,422.716239663
1610679357448,135.441666845,227.457883970,425.175814273
1610679357542,162.605883051,202.487661700,419.995989097
1610679357636,176.653869740,191.762994942,420.896372498
1610679357730,140.761467360,223.805035044,423.147217502
1610679357824,133.443789538,222.073665293,422.149320506
1610679357918,126.235802339,229.551205717,421.223516583
1610679358012,177.889238146,186.718360094,422.888194447
1610679358106,222.165678040,151.432334093,422.588467641
1610679358200,177.751735044,189.680239461,422.895724636
1610679358294,199.460504206,173.323175555,423.752014131
1610679358388,180.011342967,184.232683819,422.860906407
1610679358482,151.312001622,210.037834794,421.070753788
1610679358576,125.702850305,233.847479046,420.233664616
1610679358667,176.107259150,189.379606169,421.893371092
1610679358761,128.748205189,230.426702972,430.206884655
1610679358855,162.353254215,204.164468355,423.977801696
1610679358949,128.585512440,234.946700640,422.234441384
1610679359043,120.148734886,236.389677900,422.277052393
1610679359137,150.349840513,212.160232074,422.063883368
1610679359231,148.984777784,216.851354997,425.092779772
1610679359325,119.944591118,235.334273438,423.245304167
1610679359419,194.178064236,175.098826253,421.773743650
1610679359513,202.111103397,171.927419093,421.741087282
1610679359607,189.032294546,180.450119611,422.807808279
1610679359701,149.467189458,213.369789253,423.049866669
1610679359795,145.975196759,217.396274554,421.112702984
1610679359886,178.923006536,186.844199414,421.881350974
1610679359980,186.868065200,181.817022563,418.841995109
1610679360074,127.180959118,229.751975541,423.217259712
1610679360168,150.957481675,215.337618962,421.073100685
1610679360262,165.671138460,200.358845767,427.955837539
1610679360356,144.749621314,219.587022488,420.114196278
1610679360450,159.816502930,203.309560282,422.994594809
1610679360544,149.316349877,214.570975669,421.090584789
1610679360638,161.306088140,205.895564125,421.991353790
1610679360732,161.901873202,206.082976602,429.000649592
1610679360826,177.831862553,191.612483164,421.895194198
1610679360920,145.627030649,216.845079952,421.108387891
1610679361014,162.566275907,201.829941879,419.983011436
1610679361102,203.036466368,169.453714821,419.721721588
1610679361196,165.925121685,197.680893832,418.974015974
1610679361290,194.271490597,176.711036226,418.786365032
1610679361384,127.454702051,236.748526537,424.248547197
1610679361478,172.866587512,193.811149176,420.928063965
1610679361572,166.248915970,195.715879608,417.958632622
1610679361666,186.833969007,183.309036720,416.822361037
1610679361760,221.763329821,154.154985847,418.617610872
1610679361854,188.152311170,181.731056556,417.833493492
1610679361948,131.243858227,229.161969896,415.196983538
1610679362042,153.871678808,209.182144733,412.040569050
1610679362136,156.563438202,210.442794817,410.042609580
1610679362230,154.390635101,205.052100357,405.023893738
1610679362321,113.874492660,242.312790609,394.292107715
1610679362415,151.074575422,210.547391938,392.059085675
1610679362509,229.080482245,148.276346519,377.555931987
1610679362603,164.395119207,198.129067070,366.977524553
1610679362697,184.432088345,184.876899033,438.858121102
1610679362791,135.032043986,224.267445702,582.158666161
1610679362885,169.914741243,193.770430096,858.927745191
1610679362979,196.159253265,173.423521065,817.760628320
1610679363073,224.480837920,148.629015244,744.566521519
1610679363167,130.160019263,225.541652764,756.184298689
1610679363261,174.458791556,189.082348283,553.891043973
1610679363355,172.736644614,189.384211875,416.909064391
1610679363449,151.804111335,204.393674260,538.034396413
1610679363542,155.657230952,199.289847539,349.002269107
1610679363636,95.578415363,244.019214614,361.360267013
1610679363730,154.715181902,187.321602372,392.955545974
1610679363824,81.963627088,240.149536581,405.423916226
1610679363918,176.989079728,139.876208959,412.748514999
1610679364012,178.228702154,112.827976887,414.740308787
1610679364106,198.769176398,62.040791735,417.008147965
1610679364200,218.257775982,26.480357886,416.925474325
1610679364294,317.001556993,27.483234396,419.721952685
1610679364388,150.042571503,150.420060571,418.065917467
1610679364482,34.721352945,227.772443388,420.021704410
1610679364576,-48.173198187,299.448122628,421.073965776
1610679364670,120.570410669,143.377509142,419.830725703
1610679364761,154.013163614,445.349923700,423.284569794
1610679364855,-117.746639282,303.006663390,420.117481488
1610679364949,46.737272570,237.046401017,423.266536387
1610679365043,84.203820181,344.827648446,422.998650725
1610679365137,119.922738930,235.749421348,424.099810394
1610679365231,145.528304929,209.016444434,422.976642873
1610679365325,150.556066387,203.992969181,420.976459094
1610679365419,167.069706455,191.565755022,421.886999759
1610679365513,184.694067357,175.508096884,421.776947675
1610679365607,143.929789375,214.361035735,423.073284006
1610679365701,121.364003159,236.979616129,425.242527689
1610679365795,100.071534304,254.984654028,420.383482315
1610679365889,148.600923696,212.793520575,424.068841144
1610679365979,152.091461344,209.687507175,422.052353962
1610679366073,151.830475647,209.599410084,422.067321527
1610679366167,142.091078053,219.143890573,423.118555787
1610679366261,nan,nan,nan
1610679366355,nan,nan,nan
1610679366449,nan,nan,nan
1610679366543,nan,nan,nan
1610679366637,nan,nan,nan
1610679366731,nan,nan,nan
1610679366825,nan,nan,nan
1610679366919,nan,nan,nan
1610679367013,nan,nan,nan
1610679367107,nan,nan,nan
1610679367198,nan,nan,nan
1610679367292,nan,nan,nan
1610679367386,nan,nan,nan
1610679367480,nan,nan,nan
1610679367574,nan,nan,nan
1610679367668,nan,nan,nan
1610679367762,nan,nan,nan
1610679367856,nan,nan,nan
1610679367950,nan,nan,nan
1610679368044,nan,nan,nan
1610679368138,nan,nan,nan
1610679368232,nan,nan,nan
1610679368326,nan,nan,nan
