1618477263397,-93.044461961,226.784307334,236.964548793
1618477263491,-96.044462909,230.784324058,235.964548038
1618477263585,-85.840459508,68.426047557,244.303248750
1618477263679,-93.044461946,228.784307066,236.964548806
1618477263773,-94.044462065,227.784309168,234.964548711
1618477263867,-99.044463403,226.784332767,230.964547644
1618477263961,-92.044463607,229.784336367,232.964547481
1618477264055,-93.044461931,230.784306799,236.964548818
1618477264145,-95.044462169,228.784311001,232.964548628
1618477264239,-96.044462788,229.784321920,234.964548134
1618477264333,-91.044462204,231.784311617,234.964548600
1618477264427,-95.044462411,230.784315276,234.964548434
1618477264521,-94.044463061,230.784326738,232.964547916
1618477264615,-90.044463369,231.784332164,236.964547671
1618477264709,-89.044462750,230.784321245,234.964548165
1618477264803,-92.044462974,229.784325209,237.964547986
1618477264897,-95.044463968,227.784342735,236.964547193
1618477264991,-95.044462154,230.784310734,232.964548640
1618477265085,-93.044463862,227.784340873,231.964547277
1618477265179,-94.044463197,229.784329144,233.964547808
1618477265273,-95.044462154,230.784310734,232.964548640
1618477265364,-97.044462002,230.784308053,235.964548761
1618477265458,-94.044463591,228.784336091,236.964547494
1618477265552,-94.044463197,229.784329144,233.964547808
1618477265646,-90.044463142,227.784328157,234.964547852
1618477265740,-96.044464057,230.784344301,234.964547123
1618477265834,-91.044462234,227.784312152,234.964548576
1618477265928,-93.044462472,225.784316355,230.964548386
1618477266022,-95.044463695,229.784337925,234.964547411
1618477266116,-93.044463078,230.784327042,235.964547903
1618477266210,-91.044463745,230.784338808,236.964547371
1618477266304,-92.044462581,230.784318261,234.964548300
1618477266398,-94.044462171,230.784311038,235.964548626
1618477266492,-93.044463215,229.784329447,236.964547794
1618477266584,-96.044462909,230.784324058,235.964548038
1618477266678,-92.044462717,229.784320666,235.964548191
1618477266772,-94.044462171,230.784311038,235.964548626
1618477266866,-93.044461946,228.784307066,236.964548806
1618477266960,-93.044464226,230.784347286,234.964546988
1618477267054,-93.044463078,230.784327042,235.964547903
1618477267148,-93.044463878,225.784341141,231.964547265
1618477267242,-91.044463639,227.784336938,235.964547455
1618477267336,-93.044461810,229.784304661,235.964548914
1618477267430,-96.044463799,230.784339759,232.964547328
1618477267524,-89.044464049,227.784344161,234.964547129
1618477267618,-93.044461810,229.784304661,235.964548914
1618477267712,-97.044461744,230.784303511,233.964548966
1618477267803,-93.044463984,228.784343011,232.964547181
1618477267897,-93.044464135,225.784345683,233.964547060
1618477267991,-95.044463453,227.784333650,232.964547604
1618477268085,-95.044463301,230.784330977,231.964547725
1618477268179,-95.044463695,229.784337925,234.964547411
1618477268273,-92.044463471,230.784333962,231.964547590
1618477268367,-94.044463591,228.784336091,236.964547494
1618477268461,-94.044462307,229.784313443,236.964548517
1618477268555,-94.044462940,229.784324601,231.964548013
1618477268649,-94.044462065,227.784309168,234.964548711
1618477268743,-92.044462581,230.784318261,234.964548300
1618477268837,-94.044462065,227.784309168,234.964548711
1618477268931,-93.044461688,228.784302524,234.964549011
1618477269020,-97.044462153,227.784310726,236.964548640
1618477269114,-95.044463832,228.784340330,235.964547302
1618477269208,-95.044463832,228.784340330,235.964547302
1618477269302,-95.044462684,228.784320087,236.964548217
1618477269396,-92.044464001,228.784343315,235.964547167
1618477269490,-95.044462033,229.784308596,231.964548736
1618477269584,-97.044463149,230.784328297,234.964547846
1618477269678,-95.044463968,227.784342735,236.964547193
1618477269772,-96.044463542,230.784335216,230.964547533
1618477269866,-97.044464206,225.784346938,232.964547003
1618477269960,-94.044463197,229.784329144,233.964547808
1618477270054,-96.044462788,229.784321920,234.964548134
1618477270148,-98.044462136,227.784310422,233.964548654
1618477270242,-97.044462002,230.784308053,235.964548761
1618477270336,-98.044462500,230.784316835,236.964548364
1618477270430,-103.044464216,230.784347114,235.964546995
1618477270524,-102.044462722,227.784320762,236.964548187
1618477270618,-101.044463311,235.784331153,234.964547717
1618477270712,-104.044462779,232.784321756,231.964548142
1618477270806,-107.044461992,230.784307881,236.964548769
1618477270900,-107.044461977,232.784307614,236.964548781
1618477270994,-117.044462872,230.784323410,234.964548067
1618477271088,-120.044462688,249.784320155,235.964548214
1618477271182,-107.044461795,256.784304403,236.964548926
1618477271276,-124.044463755,269.784338977,233.964547363
1618477271370,-95.044463559,247.784335517,234.964547520
1618477271460,-179.044462415,278.784315350,234.964548431
1618477271554,-165.044462076,432.784309365,231.964548702
1618477271648,7.955536898,276.784327453,230.964547884
1618477271742,-22.044462562,175.784317935,233.964548314
1618477271836,-82.044463091,130.784327269,231.964547892
1618477271930,-117.044464187,174.784346603,231.964547018
1618477272024,-135.044463430,157.784333242,232.964547622
1618477272118,-187.044461941,208.784306980,233.964548809
1618477272212,-212.044463755,310.784338970,231.964547364
1618477272306,-193.044464190,506.784346659,231.964547016
1618477272400,-105.044463539,517.784335166,231.964547535
1618477272494,-90.044463991,501.784343144,227.964547175
1618477272588,-32.044462179,425.784311175,226.964548620
1618477272677,-21.044462085,373.784309523,224.964548695
1618477272771,-3.044462498,335.784316812,227.964548365
1618477272865,-9.044463259,289.784330229,213.964547759
1618477272959,-23.044462378,259.784314684,194.964548461
1618477273053,-42.044463611,240.784336437,148.964547478
1618477273147,-53.044463891,235.784341372,158.964547255
1618477273241,-69.044461732,228.784303289,204.964548976
1618477273335,-71.044462629,227.784319111,225.964548261
1618477273429,-75.044462419,222.784315412,281.964548428
1618477273523,-77.044462475,227.784316406,276.964548383
1618477273617,-81.044462131,222.784310324,212.964548658
1618477273711,-85.044463296,226.784330890,190.964547729
1618477273805,-87.044463122,226.784327812,173.964547868
1618477273899,-87.044461808,225.784304637,133.964548915
1618477273993,-87.044462941,227.784324613,132.964548012
1618477274087,-86.044462087,226.784309548,148.964548693
1618477274181,-90.044463384,229.784332432,236.964547659
1618477274275,-90.044463239,223.784329883,294.964547774
1618477274369,-87.044462746,227.784321174,299.964548168
1618477274463,-90.044464125,228.784345511,321.964547068
1618477274557,-94.044464193,227.784346700,310.964547014
1618477274651,-93.044462938,225.784324558,303.964548015
1618477274745,-93.044463688,225.784337789,289.964547417
1618477274839,-91.044463669,229.784337465,275.964547432
1618477274933,-91.044462245,230.784312346,264.964548567
1618477275027,-91.044463753,232.784338938,256.964547365
1618477275118,-93.044462495,225.784316752,250.964548368
1618477275212,-93.044462855,227.784323100,243.964548081
1618477275306,-92.044462721,230.784320731,245.964548188
1618477275400,-92.044463505,227.784334562,241.964547563
1618477275494,-90.044463793,226.784339647,239.964547333
1618477275588,-93.044462203,228.784311609,238.964548600
1618477275682,-93.044463472,229.784333990,238.964547589
1618477275776,-94.044462595,225.784318521,238.964548288
1618477275870,-91.044463624,229.784336671,235.964547467
1618477275964,-93.044461931,230.784306799,236.964548818
1618477276058,-95.044462669,230.784319819,236.964548229
1618477276152,-93.044462957,229.784324905,234.964547999
1618477276246,-92.044462732,227.784320934,235.964548179
1618477276345,-92.044462732,227.784320934,235.964548179
1618477276439,-91.044461840,228.784305204,231.964548890
1618477276533,-94.044464042,235.784344042,230.964547134
1618477276627,-97.044463301,227.784330969,235.964547725
1618477276721,-91.044462234,227.784312152,234.964548576
1618477276815,-90.044464138,230.784345727,232.964547058
1618477276909,-93.044461931,230.784306799,236.964548818
1618477277003,-94.044462171,230.784311038,235.964548626
1618477277097,-95.044462426,228.784315544,234.964548422
1618477277191,-91.044462234,227.784312152,234.964548576
1618477277285,-89.044464155,230.784346031,235.964547044
1618477277379,-93.044462942,231.784324637,234.964548011
1618477277473,-90.044461736,227.784303371,233.964548973
1618477277561,-89.044462613,231.784318840,233.964548273
1618477277656,-92.044463743,228.784338772,233.964547372
1618477277751,-94.044463076,228.784327006,232.964547904
1618477277846,-95.044462548,229.784317682,235.964548326
1618477277941,-93.044463711,230.784338200,230.964547398
1618477278036,-91.044462219,229.784311885,234.964548588
1618477278131,-97.044464146,233.784345867,232.964547052
1618477278226,-91.044462340,230.784314022,235.964548491
1618477278321,-91.044462249,225.784312420,234.964548564
1618477278416,-91.044463488,230.784334266,234.964547576
1618477278511,-95.044462411,230.784315276,234.964548434
1618477278606,-95.044463953,229.784342468,236.964547205
1618477278701,-98.044463132,230.784327993,231.964547860
1618477278794,-91.044463760,228.784339076,236.964547359
1618477278888,-91.044463624,229.784336671,235.964547467
1618477278982,-91.044462355,228.784314290,235.964548479
1618477279076,-91.044463745,230.784338808,236.964547371
1618477279170,-93.044461825,227.784304929,235.964548902
1618477279264,-90.044463126,229.784327889,234.964547864
1618477279358,-92.044464137,227.784345720,236.964547058
1618477279452,-92.044463864,229.784340909,234.964547276
1618477279546,-93.044461961,226.784307334,236.964548793
1618477279640,-94.044464103,227.784345112,230.964547086
1618477279734,-88.044463930,228.784342060,236.964547224
1618477279828,-96.044462803,227.784322188,234.964548122
1618477279922,-96.044462803,227.784322188,234.964548122
1618477280014,-92.044464137,227.784345720,236.964547058
1618477280109,-92.044463849,231.784340642,234.964547288
1618477280204,-93.044462715,227.784320630,232.964548193
1618477280299,-93.044462957,229.784324905,234.964547999
1618477280394,-90.044464138,230.784345727,232.964547058
1618477280489,-89.044464155,230.784346031,235.964547044
1618477280584,-93.044461810,229.784304661,235.964548914
1618477280679,-93.044462578,228.784318225,231.964548301
1618477280774,-91.044463230,230.784329723,232.964547781
1618477280869,-95.044463816,230.784340063,235.964547314
1618477280964,-92.044462202,229.784311581,231.964548602
1618477281059,-92.044462459,229.784316123,233.964548396
1618477281154,-93.044463109,226.784327577,235.964547878
1618477281252,-94.044462307,229.784313443,236.964548517
1618477281345,-95.044462548,229.784317682,235.964548326
1618477281438,-94.044463576,230.784335824,236.964547506
1618477281531,-89.044463007,230.784325788,236.964547959
1618477281624,-90.044463248,230.784330027,235.964547768
1618477281717,-92.044462475,227.784316391,233.964548384
1618477281810,-95.044462548,229.784317682,235.964548326
1618477281903,-97.044463180,226.784328832,234.964547822
1618477281996,-91.044463624,229.784336671,235.964547467
1618477282089,-93.044463200,231.784329180,236.964547806
1618477282182,-93.044463093,228.784327310,235.964547891
1618477282275,-93.044463230,227.784329715,236.964547782
1618477282368,-91.044462340,230.784314022,235.964548491
1618477282467,-94.044461792,229.784304357,232.964548928
1618477282562,-93.044463078,230.784327042,235.964547903
1618477282657,-95.044463816,230.784340063,235.964547314
1618477282752,-93.044462715,227.784320630,232.964548193
