1616035601706,179.956439564,240.943523216,-375.723991187
1616035601800,169.190548933,224.163861325,-331.302398824
1616035601894,190.832499610,239.929752162,-378.668912371
1616035601988,164.176777657,233.122547874,-336.288618889
1616035602082,159.231862249,228.122547951,-336.261083475
1616035602176,180.928897426,239.971065510,-366.847936573
1616035602270,190.832499823,244.888438942,-392.503670786
1616035602364,162.218090924,230.095005587,-340.192216350
1616035602454,176.039066526,234.039921197,-352.054512284
1616035602548,196.763644359,247.874667900,-395.434822003
1616035602642,167.149235291,236.053692207,-352.054502662
1616035602736,166.121693031,233.081234425,-341.178441290
1616035602830,196.749873110,248.847125584,-393.476128077
1616035602924,174.080379590,236.998607666,-363.875471789
1616035603018,163.190548777,230.108776759,-331.302390153
1616035603112,177.025295231,235.026149969,-354.026960177
1616035603206,182.928897302,241.929752081,-374.723989676
1616035603300,163.190548553,228.122547737,-336.316148873
1616035603394,187.887584005,237.957294350,-370.710221592
1616035603488,190.846270826,244.929752223,-389.544977795
1616035603582,157.245633430,224.150090224,-338.302400317
1616035603673,179.942668670,236.998607823,-364.861714735
1616035603767,190.804957409,246.860896596,-395.421034160
1616035603861,166.190548802,231.095005657,-345.150909274
1616035603955,175.025295446,232.067463455,-344.095827721
1616035604049,193.749872679,248.847125317,-396.421019704
1616035604143,167.149235251,235.012378830,-357.985644856
1616035604237,187.860042108,242.929752325,-373.710240342
1616035604331,194.791186488,241.929752304,-394.462358375
1616035604425,177.011524442,236.998607938,-365.792869403
1616035604519,166.176777718,228.136319030,-334.288622275
1616035604613,193.777415317,247.902210036,-379.627608797
1616035604707,183.928897608,241.929752271,-379.641379913
1616035604801,159.218090787,228.122547737,-334.302377728
1616035604892,184.901355287,240.957294452,-370.779086336
1616035604986,189.832499817,244.902210055,-387.558754900
1616035605080,162.204319705,229.136318876,-338.219752959
1616035605174,177.997753069,236.998607780,-358.944337537
1616035605268,192.777415286,248.833354430,-396.434811450
1616035605362,194.791186288,243.874667711,-393.476118385
1616035605456,172.066608917,234.067463528,-347.123376523
1616035605550,196.749872995,244.888438865,-392.462350560
1616035605644,172.066608721,234.039921172,-359.944341120
1616035605738,163.163006363,230.108776648,-340.219753510
1616035605832,192.763644138,239.915981115,-392.503665309
1616035605926,177.983981659,238.971065364,-371.765296782
1616035606020,158.218091068,227.136319029,-335.274851058
1616035606112,183.873812976,238.929752170,-379.682684248
1616035606206,183.901355151,239.902209898,-385.586283117
1616035606300,159.176777709,228.122547907,-333.316164003
1616035606394,182.915126420,236.998607814,-366.847942785
1616035606488,184.860041940,239.929752220,-391.531206473
1616035606582,164.204319854,227.081234499,-341.219761243
1616035606676,175.997752906,230.039921031,-355.013184097
1616035606770,189.791186130,239.888438730,-394.476109651
1616035606864,168.107921916,234.039921075,-352.068272501
1616035606958,164.107921842,228.067463264,-345.137124000
1616035607052,188.763644276,239.929752318,-392.476130730
1616035607146,169.039066512,230.998607836,-365.834173604
1616035607240,160.163006558,226.122547886,-330.316162173
1616035607332,186.791186533,232.943523449,-384.600072029
1616035607426,176.928897739,231.984836822,-379.655158309
1616035607520,152.218090894,215.150090038,-329.371239206
1616035607614,167.039066259,226.998607679,-371.792846257
1616035607708,178.846270793,227.915981085,-385.503662607
1616035607802,157.231862125,212.095005639,-336.274847714
1616035607896,173.997752921,214.012378805,-361.944329303
1616035607990,189.791186109,220.847125365,-397.421024013
1616035608084,164.135464526,195.095005777,-352.082064399
1616035608178,168.107921910,192.998607719,-345.150898881
1616035608272,200.791186151,185.888438743,-396.462339676
1616035608366,199.039066305,164.026149942,-362.916788846
1616035608460,227.190548698,143.095005592,-339.274843534
1616035608550,266.791186122,151.943523195,-388.544964801
1616035608644,277.956439463,157.984836505,-376.751527825
1616035608738,273.121692978,164.053692158,-351.082040514
1616035608832,291.860041753,184.943523222,-380.710220661
1616035608926,281.846270503,193.943523140,-391.558730988
1616035609020,239.218090707,193.122547687,-340.274831040
1616035609114,244.942668533,219.998607738,-365.944333820
1616035609208,226.832499869,244.902210088,-403.462359991
1616035609302,178.204319871,244.122547862,-351.178448830
1616035609396,168.025295129,262.039921024,-357.095810129
1616035609490,166.763644124,276.860896637,-414.421037839
1616035609584,134.080379934,255.067463466,-379.971888661
1616035609678,130.163006621,249.081234573,-363.261081175
1616035609770,158.791186312,254.902209960,-422.503661942
1616035609864,137.190548610,232.136318890,-366.288609822
1616035609958,144.176777414,231.136318842,-374.302376568
1616035610052,175.791186263,242.943523282,-434.641370422
1616035610146,176.860041686,240.943523181,-448.600047994
1616035610240,145.245633121,229.122547798,-408.302383197
1616035610334,174.901355164,236.998607728,-444.875477304
1616035610428,182.804957303,243.915980999,-469.421028266
1616035610522,161.176777492,228.095005538,-392.205983085
1616035610616,172.983981742,236.026149885,-388.013181523
1616035610710,185.804957437,242.915981082,-403.448577901
1616035610804,170.094150854,234.039921109,-341.013191077
1616035610898,167.107921817,230.122547718,-310.219749319
1616035610997,167.135464413,227.136319059,-288.288624908
1616035611092,176.970210768,233.998607739,-316.806622668
1616035611187,162.176777778,229.122547949,-268.343710056
1616035611282,187.832499699,245.902209982,-329.641375071
1616035611377,180.915126335,242.915981057,-335.641371272
1616035611472,166.176777443,230.067463273,-298.288607049
1616035611567,183.887583816,236.998607585,-346.806608963
1616035611662,188.832499698,242.915981099,-372.503663836
1616035611757,162.190548619,232.095005544,-327.219754735
1616035611852,177.011524389,234.039921258,-346.013204365
1616035611947,192.791186102,246.888438713,-390.448565847
1616035612042,172.107922149,233.053692336,-343.082056496
1616035612137,174.025295322,231.067463378,-344.095820823
1616035612230,197.736101772,245.874667682,-390.448573563
1616035612324,175.025295224,236.998607731,-364.875477541
1616035612418,168.149235312,227.108776689,-333.288612779
1616035612512,195.777415043,242.915980984,-380.600051370
1616035612606,182.942668770,242.957294534,-375.696466883
1616035612700,166.176777618,226.136318968,-327.329930078
1616035612794,185.887584209,238.971065594,-370.792859594
1616035612888,192.832499691,241.929752212,-391.503663435
1616035612982,159.231862208,230.095005690,-336.261081171
1616035613076,179.970210785,234.998607749,-354.971877033
1616035613170,191.777415106,244.874667670,-395.448572563
1616035613264,182.928897361,236.998607705,-368.820390776
1616035613358,176.066608704,233.039921162,-345.164678087
1616035613449,197.736101972,247.847125571,-394.462355802
1616035613543,177.039066141,236.012378723,-359.916779750
1616035613637,164.176777626,233.122547856,-334.274846099
1616035613731,194.791186339,244.874667743,-387.558747960
1616035613825,179.970210775,237.998607743,-375.723996352
1616035613919,163.204319599,227.136318811,-334.288602696
1616035614013,187.860041834,242.915981037,-373.710225128
1616035614107,188.846270560,244.902209823,-389.517420832
1616035614201,164.204319857,226.122547853,-336.261074731
1616035614295,183.942668653,238.998607813,-358.916798251
1616035614389,193.804957280,242.929752102,-387.531195905
1616035614483,162.204319601,233.053692108,-344.150891633
1616035614577,170.094150968,231.053692297,-346.123366337
1616035614666,193.777415127,247.847125449,-397.421031489
1616035614761,173.080379825,234.039921164,-356.944340405
1616035614856,168.163006443,230.095005580,-337.261071308
1616035614951,193.777415031,245.874667624,-389.572508500
1616035615046,179.983981818,236.957294345,-371.751534457
1616035615141,164.176777418,228.122547726,-336.274834524
1616035615236,191.832499627,239.957294407,-379.668913325
1616035615331,184.887584051,239.957294378,-388.572512950
1616035615426,163.190548680,226.136318934,-333.316155915
1616035615521,193.791186335,246.860896623,-397.448578791
1616035615616,190.832499838,244.902210068,-394.462358273
1616035615711,163.204319822,230.095005597,-345.137132767
1616035615806,176.039066432,235.053692256,-345.109591542
1616035615901,196.763643924,247.860896513,-392.448568986
1616035615996,171.094151114,233.053692388,-359.958121045
1616035616091,167.121693204,231.095005650,-340.219764216
1616035616186,195.777415024,244.902209855,-388.503652506
1616035616281,179.011524023,237.984836561,-367.806617319
1616035616376,166.176777583,225.150090063,-334.274843665
1616035616471,188.846270745,241.929752172,-381.641371106
1616035616566,184.915126196,239.971065440,-383.600050217
1616035616661,194.804957242,245.860896492,-387.503651579
1616035616756,184.928897343,238.998607694,-364.834160892
1616035616851,188.832499683,245.874667737,-393.476120789
1616035616946,161.204319946,232.081234556,-342.192224097
1616035617041,177.997752827,234.039920982,-354.999408606
1616035617136,194.749872800,245.874667627,-391.448568635
1616035617230,172.066608744,233.053692304,-350.082053585
1616035617324,170.094150831,231.081234447,-340.178443228
1616035617418,nan,nan,nan
1616035617512,nan,nan,nan
