1618478185959,-16.049289474,260.979824560,370.306629779
1618478186054,-17.019305080,262.992097938,376.770092470
1618478186149,-17.019271866,259.992111533,377.773928989
1618478186244,-20.013289997,259.994560065,375.464887782
1618478186339,-16.989190352,264.004424665,381.248609969
1618478186434,-19.049269026,264.979832930,371.308991647
1618478186529,-17.014818088,260.993934578,374.288379718
1618478186623,-17.986845438,260.005384498,377.519468291
1618478186717,-14.998810793,263.000486773,380.137363977
1618478186811,-17.093989470,260.961527711,368.143384724
1618478186905,-15.977044821,261.009396141,382.651526260
1618478186999,-17.986938726,260.005346313,380.508692711
1618478187093,-16.971000364,260.011870291,380.349714473
1618478187187,-14.931001457,264.028242865,386.969942068
1618478187281,-16.050664267,261.979261822,372.147828992
1618478187375,-16.026625173,259.989101637,374.924557042
1618478187469,-18.050075075,262.979502994,372.215885872
1618478187563,-19.006302251,261.997420328,379.272034208
1618478187657,-16.059131605,260.975795925,375.169776519
1618478187751,-15.978228562,264.008911605,380.514793682
1618478187839,-15.020809158,261.991482281,377.596358207
1618478187933,-16.974544429,262.010419615,387.940343620
1618478188027,-17.007474114,263.996940654,375.136673663
1618478188121,-16.064339468,261.973664214,370.568222335
1618478188215,-16.000277450,262.999886433,376.967952123
1618478188309,-18.072655014,259.970260448,370.607703103
1618478188403,-14.965139720,258.014269202,384.026670745
1618478188497,-15.066326407,261.972850909,375.338713242
1618478188591,-19.937641067,264.025525103,387.203008425
1618478188685,-17.077204655,259.968398164,368.082179379
1618478188779,-18.055887477,260.977123829,373.544502014
1618478188873,-16.075226854,261.969207729,371.310632926
1618478188967,-18.019932997,262.991840915,373.697562477
1618478189058,-18.956317360,260.017880420,383.045731398
1618478189152,-16.990320828,262.003961932,380.118030017
1618478189246,-18.008983808,259.996322698,377.962290705
1618478189340,-18.996109833,260.001592345,379.449348719
1618478189434,-16.988540099,262.004690830,379.323719979
1618478189528,-14.979810037,261.008264267,382.332119349
1618478189622,-15.919706137,264.032866327,387.274651465
1618478189716,-19.095569937,262.960880785,366.960826834
1618478189810,-16.006920113,260.997167421,377.200665785
1618478189904,-15.937543485,261.025565046,385.214280048
1618478189998,-16.005740417,257.997650301,383.336931025
1618478190092,-15.978611443,263.008754882,382.470567584
1618478190186,-14.982371690,262.007215717,379.036225711
1618478190286,-15.013416170,259.994508419,375.450313733
1618478190380,-19.938107548,264.025334160,386.149125709
1618478190474,-15.031928019,262.986931047,374.312031366
1618478190568,-15.023132453,260.990531297,375.327997096
1618478190662,-14.946622688,260.021848696,384.165551761
1618478190756,-16.011699970,263.995210904,378.648549974
1618478190850,-17.030771536,261.987404425,375.445615329
1618478190944,-18.012521556,260.994874608,377.553649549
1618478191038,-20.048956941,261.979960675,374.345040277
1618478191132,-15.030462580,262.987530888,372.481302477
1618478191226,-16.047600557,260.980515877,372.501714540
1618478191320,-20.004169366,265.998293372,378.518401362
1618478191414,-15.038683187,263.984165984,370.531749724
1618478191507,-15.042701443,259.982521209,372.067605531
1618478191601,-16.015782788,262.993539702,378.176948404
1618478191695,-15.961941562,263.015578290,383.396086267
1618478191789,-14.001045968,260.999571859,378.879181473
1618478191883,-16.962055400,260.015531693,383.382937006
1618478191977,-15.967748924,260.013201188,381.725284530
1618478192071,-15.016321057,259.993319375,376.114773540
1618478192165,-18.985900733,262.005771190,377.628590010
1618478192259,-15.003958516,260.998379678,378.542756333
1618478192353,-15.949857070,264.020524781,383.791951983
1618478192447,-15.937198450,260.025706277,382.254134569
1618478192541,-18.012791348,258.994764175,377.522486149
1618478192635,-14.971389574,260.011710978,380.304757276
1618478192731,-16.894652326,262.043121492,388.168588334
1618478192825,-18.133691641,259.945276599,359.557432806
1618478192919,-18.964235293,262.014639408,378.131140074
1618478193013,-18.005349503,264.997810312,374.382085120
1618478193107,-16.894557427,260.043160336,384.179549981
1618478193201,-17.004434802,260.998184722,370.487741140
1618478193295,-17.970991257,260.011874019,375.350766385
1618478193389,-16.995076583,260.002015280,370.568698231
1618478193483,-16.024267678,261.990066620,367.196868463
1618478193577,-15.989916082,265.004127605,364.164781753
1618478193671,-16.932831748,262.027493680,353.758527250
1618478193765,-15.053035559,261.978291192,335.873923780
1618478193859,-17.018005879,259.992629734,322.920161656
1618478193948,-20.066687003,261.972703307,301.297061180
1618478194042,-14.986038405,260.005714837,336.612687715
1618478194136,-18.942390571,262.023581010,332.654398655
1618478194230,-17.969656738,261.012420272,325.504915195
1618478194324,-18.988605495,262.004664062,336.316166146
1618478194418,-21.986040293,260.005714064,373.612469605
1618478194512,-18.961068877,260.015935502,425.496889119
1618478194606,-18.968521813,260.012884825,435.636009039
1618478194700,-20.046202172,260.981088272,404.663240420
1618478194794,-20.033969354,261.986095476,367.076239099
1618478194888,-22.087249066,259.964286730,344.921961073
1618478194982,-24.097259448,259.960189225,317.765673345
1618478195076,-18.944449442,260.022738261,313.416580888
1618478195168,-25.978160020,262.008939661,265.522710936
1618478195262,-25.989378416,261.004347685,291.226886923
1618478195356,-26.923851420,260.031169557,386.795834569
1618478195450,-28.049823061,260.979606149,404.244995701
1618478195544,-28.952141233,263.019589815,468.528111015
1618478195638,-37.101989813,266.958252967,455.219274404
1618478195732,-33.890732739,264.044725879,474.621335291
1618478195826,-44.971336110,268.011732862,458.310932824
1618478195920,-47.026333167,284.989221162,429.958286220
1618478196014,-35.967298346,268.013385622,418.777330367
1618478196108,-39.005574656,294.997718151,403.356077933
1618478196202,-62.944578229,279.022685545,405.401704818
1618478196296,-106.052407607,341.978548229,387.946457820
1618478196385,-45.960708393,481.016083058,397.538528241
1618478196480,72.985356730,421.994006136,387.308572755
1618478196575,77.020980059,286.008587674,388.423382385
1618478196670,41.976093071,194.990214284,383.238538218
1618478196765,-37.057302763,185.976544516,380.381023935
1618478196860,-45.044490472,203.981788914,379.860956920
1618478196955,-82.072911253,196.970155563,372.578105280
1618478197050,-126.944006549,257.022919549,386.467738970
1618478197145,-151.040190456,353.983549020,375.357646767
1618478197240,-89.949297494,534.020753830,388.856588014
1618478197335,-12.011592264,516.995254990,376.660990913
1618478197430,9.063047545,514.025806969,388.282549203
1618478197525,54.056182834,436.022997068,386.489614384
1618478197622,64.979667088,389.991677220,377.651368785
1618478197716,71.007104103,346.002907891,381.820586703
1618478197810,60.990972600,304.996304855,376.957255490
1618478197904,41.006072966,283.002485820,381.701481353
1618478197998,30.939472353,270.975224489,367.008521301
1618478198092,15.937890455,261.974576978,372.825798087
1618478198186,5.036171558,263.014805942,383.178134937
1618478198280,3.000299059,259.000122413,380.034543997
1618478198374,-4.061121137,257.974981559,372.939968036
1618478198468,-2.980570081,260.007953162,381.244327520
1618478198562,-5.934690445,260.026732868,387.543831311
1618478198656,-8.030623158,256.987465160,377.462754300
1618478198750,-9.967338934,259.013369008,383.772642065
1618478198841,-9.914733047,259.034901940,388.849087366
1618478198935,-12.013299898,259.994556012,375.463744154
1618478199029,-13.989020707,260.004494105,379.268205416
1618478199123,-11.030364913,258.987570866,376.492583901
1618478199217,-12.929766678,259.028748291,388.112570024
1618478199311,-12.010520570,259.995693662,375.784781120
1618478199405,-15.106449154,259.956427644,369.704181015
1618478199499,-14.973700767,260.010764947,379.037794100
1618478199593,-14.960476024,263.016178172,381.565368831
1618478199687,-15.903048277,262.039684815,392.198781713
1618478199781,-14.939182955,262.024893969,384.024906748
1618478199875,-13.962172557,260.015483738,381.369404320
1618478199969,-15.082329953,261.966300249,370.490162149
1618478200057,-15.959307412,264.016656515,382.700353886
1618478200151,-14.981943560,262.007390962,380.085678568
1618478200245,-20.009605568,262.996068196,378.890471889
1618478200339,-16.986815830,260.005396617,380.522888231
1618478200433,-18.961208892,262.015878191,380.480716155
1618478200527,-16.013588358,260.994437938,377.430424417
1618478200621,-16.047306952,259.980636057,374.535628593
1618478200715,-16.010882528,259.995545503,377.742971716
1618478200809,-14.921722316,260.032041054,386.041764961
1618478200903,-14.939123582,262.024918272,385.031764811
1618478200997,-16.992179734,262.003201035,380.903309959
1618478201091,-16.024174592,259.990104722,375.207620749
1618478201185,-18.065115030,259.973346756,368.478637963
1618478201278,-18.004501984,260.998157223,382.479981048
1618478201372,-15.027002817,261.988947058,375.880935737
1618478201466,-18.996173836,263.001566147,379.441955836
1618478201560,-15.036048194,260.985244554,374.836114719
1618478201654,-14.051504398,260.978917935,372.050786355
1618478201748,-18.966566460,263.013685201,379.861869688
1618478201842,-13.975449630,262.010049093,382.835784955
1618478201936,-15.068028673,262.972154128,371.142086472
1618478202030,-14.043313106,259.982270840,374.996953123
1618478202124,-15.025192994,259.989687864,378.089986282
1618478202218,-13.983385555,263.006800716,380.919115384
1618478202312,-16.974678232,261.010364846,382.924888199
1618478202406,-12.965746843,263.014020691,383.956542646
1618478202498,-17.991152174,263.003621641,381.022002204
1618478202592,-17.002758710,259.998870790,377.681344583
1618478202686,-19.030376657,259.987566059,375.491227438
1618478202780,-16.038080723,263.984412588,375.601339671
1618478202874,-15.049797771,261.979616501,372.247916915
1618478202968,-16.970224751,261.012187769,380.439304629
1618478203062,-16.988699330,261.004625653,380.305327323
1618478203156,-15.038749898,260.984138678,374.524043957
1618478203250,-17.934731899,261.026715900,387.539043053
1618478203344,-16.013623575,260.994423523,377.426356614
1618478203438,-14.911303798,260.036305619,388.245195992
1618478203532,-16.005711020,261.997662334,379.340326724
1618478203626,-15.987234456,260.005225263,380.474533294
1618478203714,-14.957185690,259.017524990,381.945431566
1618478203808,-16.020608660,261.991564349,374.619517419
1618478203902,-20.049390274,259.979783300,375.294986387
1618478203996,-20.009251788,260.996213007,379.931336587
1618478204090,-14.951734911,262.019756133,385.575044738
1618478204184,-15.004566396,257.998130858,376.472540899
1618478204278,-16.934293534,261.026895334,386.589678118
1618478204372,-15.061238348,262.974933581,378.926429126
1618478204466,-15.030024248,261.987710309,370.531933782
1618478204560,-14.926684504,260.030009904,386.468588409
1618478204654,-15.011418713,258.995326029,379.681037636
1618478204748,-15.896390656,261.042409949,391.967795827
1618478204842,-16.020846248,260.991467099,377.592073972
1618478204935,-15.026120008,261.989308414,376.982907976
1618478205029,-14.959751085,261.016474908,384.649105792
1618478205123,-15.907810429,262.037735545,386.648711031
1618478205217,-18.937854184,265.025437869,385.178391490
1618478205311,-16.987061869,261.005295907,377.494468605
1618478205405,-15.005096987,259.997913673,378.411252900
1618478205499,-17.052208649,260.978629667,373.969439137
1618478205593,-15.008148202,258.996664733,379.058810568
1618478205687,-15.041931175,260.982836500,373.156578363
1618478205781,-15.958563973,261.016960823,382.786227678
1618478205875,-16.026647101,259.989092662,379.922024157
1618478205969,-19.987508379,264.005113139,380.442892763
1618478206063,-15.079778635,260.967344569,369.784861928
1618478206151,-15.024407243,260.990009492,377.180747494
1618478206245,-16.989290775,263.004383559,379.237010280
1618478206339,-14.976038497,260.009808055,382.767765604
1618478206433,-17.031270220,260.987200301,372.388012961
1618478206527,-14.032703205,259.986613744,376.222490551
1618478206621,-15.006237811,260.997446705,377.279477607
1618478206715,-16.044235340,261.981893346,373.890426941
1618478206809,-17.020074165,260.991783132,378.681256320
1618478206903,-17.932242527,260.027734863,388.826587509
1618478206997,-17.070544358,262.971124394,368.851502574
1618478207091,-14.909430387,261.037072454,390.461591453
1618478207185,-16.999579421,262.000172154,377.048580611
1618478207279,-22.973902180,263.010682504,382.014529128
1618478207375,-18.962464350,260.015364299,389.335699578
1618478207469,-17.037203967,261.984771467,373.702612729
