1618477631767	-45.214992	261.195291	473.053316
1618477631861	-3.944029	360.993411	502.969565
1618477631955	-25.951645	299.077711	461.57579
1618477632044	-2.946692	276.296066	438.235629
1618477632138	-59.83533	218.665606	378.983153
1618477632232	-43.507622	218.453923	500.397306
1618477632326	40.016958	285.537541	403.885685
1618477632420	-1.878393	303.27944	323.983855
1618477632514	-28.058676	341.090918	322.052698
1618477632608	0.954669	261.913117	513.480606
1618477632702	32.39179	344.861715	485.188149
1618477632796	-3.432572	277.43344	438.773722
1618477632890	27.732689	264.381212	334.943273
1618477632984	-26.690557	224.353348	402.105203
1618477633078	-30.934895	299.716588	462.9067
1618477633172	-28.887662	210.294558	417.576903
1618477633263	-20.120126	283.392991	425.15825
1618477633357	-12.445097	249.639148	411.005766
1618477633451	5.813907	254.156164	382.228135
1618477633545	-25.184762	348.689378	477.986017
1618477633639	-26.697519	334.803324	397.257015
1618477633733	-20.113059	281.351158	456.636552
1618477633827	2.555027	224.461461	432.616316
1618477633921	6.260745	253.929911	458.600347
1618477634015	14.709735	211.287623	368.860847
1618477634109	-6.269789	303.726892	436.052747
1618477634203	39.879291	313.983578	426.149058
1618477634297	-17.279617	230.22736	394.899069
1618477634391	-12.470307	325.617773	400.473164
1618477634483	-46.166944	329.177485	410.948269
1618477634577	-4.549524	318.084061	467.85837
1618477634671	15.564392	295.433974	467.638933
1618477634765	-17.490711	319.681335	409.777776
1618477634859	-29.386931	256.923845	505.692273
1618477634953	48.138825	256.077626	545.765833
1618477635047	-26.004864	219.746736	427.649751
1618477635141	-36.256445	247.062167	430.622218
1618477635235	-40.500048	287.276917	466.344694
1618477635329	14.621921	284.794055	516.635793
1618477635423	-99.15459	227.194245	448.829789
1618477635517	-45.341803	270.4241	404.539007
1618477635611	5.057333	295.408071	425.80542
1618477635703	-15.971321	282.575157	408.203152
1618477635797	-17.495494	266.950644	460.435759
1618477635891	-35.580791	351.38928	433.863118
1618477635985	9.915471	228.831075	398.916663
1618477636079	-8.537444	291.085056	428.902182
1618477636173	27.684251	294.140577	441.081509
1618477636267	-25.723186	188.244662	511.711613
1618477636361	2.983258	303.956851	300.422237
1618477636455	-34.250596	329.341877	462.059619
1618477636549	-21.437535	342.955271	386.992154
1618477636643	-48.122382	340.32468	429.440386
1618477636737	15.9189	268.029279	490.474545
1618477636831	30.514674	222.898179	536.352645
1618477636920	-35.636892	295.240138	454.872219
1618477637014	14.510209	287.544524	444.367022
1618477637108	-63.580677	313.995412	514.525863
1618477637202	-41.087568	197.562609	318.537869
1618477637296	4.047583	305.452774	436.095269
1618477637390	-32.218561	220.371344	443.190515
1618477637484	-66.759237	224.276889	466.817397
1618477637578	5.295334	291.446497	461.386658
1618477637672	-19.823552	336.16082	438.312257
1618477637766	-6.158913	256.209641	385.897132
1618477637860	-21.464203	320.285729	416.274249
1618477637954	23.353072	298.776155	421.439907
1618477638048	0.196329	194.141942	389.304993
1618477638142	-28.083302	230.156362	442.370136
1618477638236	-30.703032	289.435763	335.255889
1618477638330	0.08782	358.331724	492.194473
1618477638424	-49.625513	318.369822	486.338803
1618477638518	47.5644	274.881335	404.56792
1618477638612	11.688941	262.736027	461.216197
1618477638706	19.142119	263.616422	501.765979
1618477638800	-0.562956	309.781613	437.372442
1618477638894	-12.064701	322.660091	415.749252
1618477638988	-60.705618	228.308885	428.522672
1618477639082	-2.523108	316.460728	364.473805
1618477639176	-10.57422	276.63371	505.436088
1618477639270	-29.184625	267.899498	537.102374
1618477639359	-30.329533	276.203961	394.231098
1618477639453	-39.78791	222.971926	467.201501
1618477639547	-22.269633	272.227065	421.680349
1618477639641	-20.544266	218.50421	491.918137
1618477639735	-62.964568	336.809633	456.696315
1618477639829	9.482874	288.529605	426.499752
1618477639923	1.058947	273.529339	429.658834
1618477640017	-32.772374	216.318158	379.08731
1618477640111	-46.842726	247.732493	484.055035
1618477640205	9.549629	318.687851	493.579368
1618477640299	21.119878	277.998381	379.299146
1618477640393	0.601772	260.208056	417.318821
1618477640487	-1.58718	242.501812	459.177661
1618477640578	-12.443896	308.569649	517.464491
1618477640673	-34.586744	273.764292	388.02937
1618477640768	18.496233	234.296677	368.124593
1618477640863	-29.929812	311.671138	444.212401
1618477640958	-10.802186	210.488811	492.126008
1618477641053	-2.514079	261.488363	462.986505
1618477641148	-56.821868	265.570326	381.749096
1618477641243	0.815422	290.096668	429.325512
1618477641338	-17.426126	290.517027	407.738332
1618477641433	-72.846413	283.416462	365.184313
1618477641528	-25.771395	269.355319	358.974658
1618477641623	-5.619941	232.709704	482.483053
1618477641718	-47.212233	229.502722	449.322876
1618477641808	-62.081488	215.046372	472.956656
1618477641902	-39.384592	188.218108	439.677604
1618477641996	-10.477317	242.932335	361.595824
1618477642090	-53.176076	207.849876	456.598153
1618477642184	-8.302168	249.014609	414.114501
1618477642278	-46.231634	251.994006	530.271427
1618477642372	23.545335	186.70646	486.454047
1618477642466	-40.716757	213.702589	534.289301
1618477642560	-43.130328	156.802932	492.660258
1618477642654	29.877329	177.301893	429.749407
1618477642748	43.856897	145.24452	490.827705
1618477642842	29.905908	219.593148	489.745805
1618477642936	37.212691	210.348226	371.420639
1618477643027	110.523914	344.496562	426.710798
1618477643121	36.651876	324.127902	374.834014
1618477643215	-7.493411	336.372457	401.415098
1618477643309	-13.857028	251.396439	414.090153
1618477643403	24.657751	197.673414	486.259862
1618477643497	-50.335874	160.664901	480.213648
1618477643591	-41.687185	92.809074	514.424921
1618477643685	-113.766039	159.927573	449.647011
1618477643779	-259.902999	-12.50754	499.402846
1618477643873	-224.663669	-189.271044	517.153361
1618477643967	-171.081867	-164.830315	643.217754
1618477644061	-142.272098	-342.383903	529.333662
1618477644155	-61.097803	-338.019047	568.456133
1618477644244	-54.147367	-253.757838	571.60934
1618477644352	76.582541	-226.469979	528.872803
1618477644460	152.527883	-48.312628	566.755103
1618477644568	184.228285	119.347055	517.022566
1618477644676	92.377511	238.922969	324.920311
1618477644784	16.749257	198.678933	533.999471
1618477644892	112.447661	95.990009	480.565932
1618477645000	110.674375	336.165325	441.865289
1618477645108	-16.38526	326.558216	465.151548
1618477645216	-74.964531	572.001825	346.272283
1618477645324	-124.737621	503.417394	377.933099
1618477645432	-110.091082	454.309947	410.731927
1618477645540	-6.52393	332.777732	468.03047
1618477645653	-13.296484	438.794344	379.529975
1618477645752	-23.027075	491.633249	365.510515
1618477645851	-69.691705	433.723503	284.603174
1618477645950	-64.312707	427.722303	383.634498
1618477646049	-68.132886	327.069105	315.062854
1618477646148	-34.38955	278.803737	318.373819
1618477646247	-47.083468	304.097739	447.090498
1618477646346	-29.594211	257.2795	441.418215
1618477646445	-74.530857	267.292755	459.571478
1618477646544	-53.96343	248.517089	280.724464
1618477646643	-27.786587	293.229775	381.890759
1618477646742	-34.817817	338.001611	258.765467
1618477646841	-16.900532	274.796355	395.058013
1618477646934	-42.934569	205.513483	366.14669
1618477647009	-67.990484	309.930812	643.980292
1618477647084	-45.914817	237.3884	628.999564
1618477647159	-48.822647	301.226916	797.482899
1618477647234	-10.396859	248.650335	869.813737
1618477647309	-26.291505	251.926467	1175.065905
1618477647384	-14.269308	203.375039	1136.792592
1618477647459	-12.554025	243.663878	955.195757
1618477647534	-11.367252	242.698423	860.36709
1618477647609	8.041303	240.24791	956.313257
1618477647684	-21.410684	251.948969	1029.077558
1618477647759	9.354379	307.563293	812.483407
1618477647834	-44.042922	199.054499	715.122474
1618477647914	-68.076437	193.827861	506.61857
1618477648023	-11.661694	268.293756	304.853144
1618477648132	-37.938613	244.035973	571.591044
1618477648241	-31.975173	223.965179	583.768502
1618477648350	20.487704	204.554786	592.456753
1618477648459	8.415982	247.814623	394.1065
1618477648568	-28.202036	237.274876	289.547795
1618477648677	-70.116499	232.188366	333.994733
1618477648786	-13.866184	262.328943	407.9442
1618477648895	-41.481035	307.276841	382.051453
1618477649004	-7.648918	222.665122	378.704271
1618477649113	-14.551138	240.033906	469.611446
1618477649222	-53.404243	273.396815	360.03729
1618477649333	10.99475	308.496075	454.760644
1618477649424	-5.657223	336.932475	437.265796
1618477649515	2.101069	285.152281	425.224089
1618477649606	-20.842052	241.394707	423.416499
1618477649697	-41.617512	294.063083	395.399455
1618477649788	35.339101	189.466112	424.349761
1618477649879	1.100518	304.391808	497.497066
1618477649970	-30.880424	283.103909	424.389946
1618477650061	0.153504	295.652893	357.496272
1618477650152	15.12078	280.807915	438.735433
1618477650243	-7.351706	226.214657	463.742001
1618477650334	-51.868679	305.954071	404.07371
1618477650425	0.256519	252.503492	539.950556
1618477650519	-23.385372	225.749817	414.757674
1618477650605	-27.02785	307.14819	452.769
1618477650691	-34.075995	289.215185	490.025862
1618477650777	-21.304369	235.220701	526.872228
1618477650863	-49.509539	306.711792	476.018126
1618477650949	-1.761477	274.01032	452.788355
1618477651035	-29.593489	246.909893	366.626649
1618477651121	-36.886278	286.749415	458.60977
1618477651207	6.532957	274.139125	547.324534
1618477651293	-35.58905	220.988187	472.005787
1618477651379	-24.478525	275.954903	400.875357
1618477651465	-6.72805	223.417204	361.809758
1618477651551	-57.833577	235.804329	412.079173
1618477651636	7.418291	270.054784	391.820787
1618477651729	-7.626316	222.09523	349.153895
1618477651822	-26.472226	292.031438	366.562496
1618477651915	17.102351	353.326759	371.290429
1618477652008	-25.603585	278.857993	410.927059
1618477652101	25.83397	262.666292	430.088273
1618477652194	-56.817709	313.005941	408.21685
1618477652287	-51.116437	248.72392	489.114644
1618477652380	11.707254	249.204896	505.06059
1618477652473	7.907231	345.523942	397.572196
1618477652566	7.767598	240.155265	434.589728
1618477652659	-5.10339	239.240882	461.488079
1618477652752	-22.126503	347.276204	321.638516
1618477652850	-36.439917	252.243434	271.262322
1618477652944	-55.104587	314.37599	472.376514
1618477653038	-10.529367	221.970194	474.648933
1618477653132	-58.022488	280.39841	456.5926
1618477653226	-74.060556	319.031859	351.147507
1618477653320	-4.784878	331.823817	443.137225
1618477653414	14.187482	323.977935	406.551841
1618477653508	-39.789012	279.817521	386.884173
1618477653602	-23.806495	290.410505	395.994064
1618477653696	-47.292963	266.036863	353.387788
1618477653790	17.668283	324.576286	408.625897
1618477653884	-4.86218	337.988823	440.08026
1618477653978	-50.006755	243.793607	527.505883
1618477654077	-48.212364	255.54002	369.569199
1618477654171	-39.027209	249.975743	454.696584
1618477654265	-6.5916	254.453128	453.765329
1618477654359	-43.379795	285.544318	420.091404
1618477654453	-21.062467	225.653125	362.807441
1618477654547	-49.111342	275.873221	384.573158
1618477654641	-33.166621	264.453633	398.324351
1618477654735	7.370876	287.807457	358.335769
1618477654829	1.347575	295.368654	419.029687
1618477654923	-5.53006	215.235654	413.329668
1618477655017	-34.751092	288.32641	477.10223
1618477655111	-49.998882	235.58051	479.099281
1618477655205	-39.341492	240.171237	400.29943
1618477655298	42.809443	310.242594	497.069775
1618477655392	-31.107558	277.850676	376.970929
1618477655486	-1.837768	296.991692	449.753377
1618477655580	24.254906	291.014525	397.433525
1618477655674	12.32196	226.653724	468.992697
1618477655768	-25.994176	231.624414	462.723597
1618477655862	27.468889	273.269385	416.732257
1618477655956	-11.51099	261.998029	404.176748
1618477656050	-60.27512	278.252706	342.841693
1618477656144	-40.696863	318.640204	368.946889
1618477656238	-48.231972	274.799677	470.256506
1618477656332	-60.533663	242.211482	517.557571
1618477656426	-12.163271	319.766645	318.926602
1618477656516	-17.910124	300.46947	442.528611
1618477656610	-34.050215	269.553236	436.098563
1618477656704	-48.970958	294.922956	380.946239
1618477656798	-4.085314	242.546664	462.465553
1618477656892	-11.623601	300.910518	449.709474
1618477656986	-4.903081	313.005038	340.844723
1618477657080	-40.257104	235.76514	435.730657
