1610679251916,162.005750505,204.001258229,423.767344794
1610679252010,163.005750733,204.001258279,422.767335557
1610679252104,162.005750773,203.001258287,423.767333957
1610679252198,163.005749930,207.001258103,422.767368068
1610679252292,160.005750652,204.001258261,423.767338830
1610679252381,162.005750578,205.001258245,418.767341853
1610679252475,165.005750050,206.001258129,422.767363195
1610679252569,163.005750431,204.001258213,423.767347776
1610679252663,162.005750539,205.001258236,422.767343412
1610679252757,161.005749741,206.001258062,424.767375704
1610679252851,161.005749745,205.001258062,421.767375526
1610679252945,162.005749969,206.001258111,423.767366467
1610679253039,160.005750716,207.001258275,424.767336245
1610679253133,163.005750388,205.001258203,430.767349513
1610679253227,162.005750539,205.001258236,422.767343412
1610679253321,163.005750669,201.001258265,421.767338142
1610679253415,161.005750009,205.001258120,424.767364867
1610679253509,162.005750539,205.001258236,422.767343412
1610679253599,162.005750242,204.001258171,420.767355453
1610679253693,164.005749724,202.001258058,423.767376398
1610679253787,162.005749939,204.001258105,421.767367671
1610679253881,162.005750271,206.001258178,422.767354249
1610679253975,162.005749701,207.001258053,423.767377304
1610679254069,162.005749871,202.001258090,423.767370434
1610679254163,160.005750721,206.001258276,421.767336067
1610679254257,162.005750207,203.001258164,421.767356834
1610679254351,162.005750505,204.001258229,423.767344794
1610679254445,162.005750811,203.001258296,419.767332397
1610679254539,161.005750345,206.001258194,422.767351267
1610679254633,163.005750699,203.001258271,423.767336939
1610679254727,162.005749974,205.001258112,420.767366290
1610679254820,163.005749866,204.001258089,421.767370653
1610679254914,162.005749672,205.001258046,421.767378508
1610679255008,162.005750569,207.001258243,424.767342208
1610679255102,162.005749939,204.001258105,421.767367671
1610679255196,162.005750437,202.001258214,425.767347557
1610679255290,162.005750203,204.001258163,424.767357012
1610679255384,162.005749974,205.001258112,420.767366290
1610679255478,162.005749701,207.001258053,423.767377304
1610679255572,161.005750077,207.001258135,422.767362104
1610679255666,163.005750168,204.001258155,420.767358435
1610679255760,163.005749896,206.001258095,423.767369449
1610679255854,162.005750539,205.001258236,422.767343412
1610679255948,161.005750281,203.001258180,421.767353852
1610679256039,163.005749861,205.001258088,424.767370831
1610679256133,161.005750540,204.001258236,427.767343371
1610679256227,162.005749701,207.001258053,423.767377304
1610679256321,163.005750465,205.001258220,422.767346394
1610679256415,162.005750807,204.001258295,422.767332575
1610679256509,165.005750650,207.001258260,423.767338936
1610679256603,163.005749896,206.001258095,423.767369449
1610679256697,162.005750505,204.001258229,423.767344794
1610679256791,160.005750385,205.001258202,423.767349667
1610679256885,162.005750573,206.001258244,421.767342031
1610679256979,158.607164904,203.038833787,602.726297616
1610679257073,164.005749758,203.001258065,422.767375017
1610679257167,164.005750456,208.001258218,423.767346791
1610679257256,164.005750660,204.001258262,422.767338539
1610679257351,162.005750539,205.001258236,422.767343412
1610679257446,163.005750465,205.001258220,422.767346394
1610679257541,163.005749861,205.001258088,424.767370831
1610679257636,161.005750004,206.001258119,427.767365045
1610679257731,160.005749819,205.001258079,421.767372544
1610679257826,161.005750043,206.001258128,423.767363485
1610679257921,161.005749775,207.001258069,423.767374322
1610679258016,164.005750090,205.001258138,423.767361594
1610679258111,162.005750237,205.001258170,423.767355631
1610679258206,162.005750505,204.001258229,423.767344794
1610679258301,160.005750618,203.001258253,424.767340211
1610679258396,167.953744377,204.083894938,221.580310164
1610679258490,162.005750203,204.001258163,424.767357012
1610679258584,160.005750389,204.001258203,420.767349489
1610679258678,162.005750203,204.001258163,424.767357012
1610679258772,162.005750237,205.001258170,423.767355631
1610679258866,162.005749701,207.001258053,423.767377304
1610679258960,161.005750277,204.001258179,424.767354030
1610679259054,163.005750100,202.001258140,422.767361198
1610679259148,164.005749749,205.001258063,428.767375372
1610679259242,163.005749896,206.001258095,423.767369449
1610679259336,162.005749935,205.001258104,424.767367849
1610679259430,162.005749667,206.001258045,424.767378686
1610679259524,165.005750616,206.001258253,424.767340317
1610679259618,162.005750734,203.001258279,427.767335516
1610679259709,163.005750329,201.001258190,426.767351920
1610679259803,162.005749794,202.001258073,431.767373553
1610679259897,166.005750056,204.001258130,439.767362959
1610679259991,165.005749780,206.001258070,450.767374110
1610679260085,164.005750265,206.001258176,468.767354488
1610679260179,163.005750635,203.001258257,369.767339545
1610679260273,165.005750717,205.001258275,502.767336230
1610679260367,164.005750350,204.001258195,90.767351057
1610679260461,167.005750301,203.001258184,191.767353054
1610679260555,167.005749724,204.001258058,41.767376387
1610679260649,172.671597456,207.022160299,-44.004527092
1610679260743,172.005749995,205.001258117,402.767365435
1610679260837,177.005750566,212.001258242,474.767342328
1610679260930,194.005750228,210.001258168,465.767356011
1610679261024,227.005750146,238.001258150,444.767359320
1610679261118,237.005750534,340.001258235,435.767343625
1610679261212,145.005750276,27.001258179,430.767354067
1610679261306,190.005750697,465.001258271,428.767337014
1610679261400,114.005750434,81.001258213,424.767347680
1610679261494,282.005750404,-152.998741793,428.767348887
1610679261588,302.005750821,185.001258298,424.767332014
1610679261682,96.005750003,57.001258119,424.767365119
1610679261776,223.005749960,67.001258109,423.767366837
1610679261870,206.005750790,169.001258291,423.767333280
1610679261964,188.005749668,188.001258046,422.767378659
1610679262058,178.005750601,196.001258250,422.767340906
1610679262149,168.005749663,200.001258044,424.767378870
1610679262243,168.005750296,202.001258183,424.767353230
1610679262337,162.005750305,207.001258185,421.767352868
1610679262431,165.005750552,203.001258239,423.767342903
1610679262525,166.005749878,202.001258092,422.767370144
1610679262619,164.005749690,201.001258050,424.767377779
1610679262713,162.005750203,204.001258163,424.767357012
1610679262807,162.005750237,205.001258170,423.767355631
1610679262901,163.005750163,205.001258154,423.767358612
1610679262995,162.005750773,203.001258287,423.767333957
1610679263089,162.005750734,203.001258279,427.767335516
1610679263183,166.671753979,208.022194547,235.989140262
1610679263277,162.005750242,204.001258171,420.767355453
1610679263366,163.005750631,201.001258256,425.767339702
1610679263460,162.005749706,206.001258054,420.767377127
1610679263554,162.005749701,207.001258053,423.767377304
1610679263648,162.005750139,201.001258149,423.767359597
1610679263742,162.005749944,203.001258106,418.767367493
1610679263836,157.005749704,204.001258053,423.767377198
1610679263930,162.005750539,205.001258236,422.767343412
1610679264024,164.005749826,205.001258080,420.767372254
1610679264118,162.005750807,204.001258295,422.767332575
1610679264212,163.005750500,206.001258227,421.767345013
1610679264306,163.005750767,205.001258286,421.767334176
1610679264400,162.005750539,205.001258236,422.767343412
1610679264494,162.005749935,205.001258104,424.767367849
1610679264585,162.005750505,204.001258229,423.767344794
1610679264679,162.005750305,207.001258185,421.767352868
1610679264773,163.005750129,204.001258146,424.767359994
1610679264867,163.005749861,205.001258088,424.767370831
1610679264961,162.005750505,204.001258229,423.767344794
1610679265055,162.005749935,205.001258104,424.767367849
1610679265149,162.005749935,205.001258104,424.767367849
1610679265243,165.005749680,204.001258048,425.767378176
1610679265337,157.005749768,207.001258067,424.767374613
1610679265431,162.005750305,207.001258185,421.767352868
1610679265525,160.005750618,203.001258253,424.767340211
1610679265619,162.005750573,206.001258244,421.767342031
1610679265713,164.005750392,205.001258204,422.767349376
1610679265806,162.005749837,201.001258083,424.767371816
1610679265900,161.005749979,203.001258114,422.767366071
1610679265994,161.005749750,204.001258063,418.767375348
1610679266088,160.005749751,203.001258064,423.767375307
1610679266182,161.005750345,206.001258194,422.767351267
1610679266276,160.005750687,205.001258268,422.767337448
1610679266370,161.005749677,203.001258048,423.767378289
1610679266464,162.005750539,205.001258236,422.767343412
1610679266558,161.005750617,204.001258253,419.767340252
1610679266652,164.005750421,207.001258210,424.767348172
1610679266746,161.005750311,205.001258186,423.767352649
1610679266840,161.005750009,205.001258120,424.767364867
1610679266934,162.005750471,203.001258221,424.767346175
1610679267023,163.005750065,201.001258132,423.767362579
1610679267117,161.005750613,205.001258252,422.767340430
1610679267211,161.005750315,204.001258187,420.767352471
1610679267305,162.005749667,206.001258045,424.767378686
1610679267399,161.005750009,205.001258120,424.767364867
1610679267493,160.005750350,204.001258195,424.767351048
1610679267587,159.005750458,205.001258218,423.767346685
1610679267681,162.005750539,205.001258236,422.767343412
1610679267775,162.005749905,203.001258097,422.767369053
1610679267869,156.541128990,203.805581757,645.856215321
1610679267963,162.005749837,201.001258083,424.767371816
1610679268057,162.005749935,205.001258104,424.767367849
1610679268151,162.005750505,204.001258229,423.767344794
1610679268241,163.005750534,207.001258235,420.767343631
1610679268335,154.005750793,204.001258292,424.767333156
1610679268429,162.005750807,204.001258295,422.767332575
1610679268523,163.005750163,205.001258154,423.767358612
1610679268617,162.005750237,205.001258170,423.767355631
1610679268711,154.485130425,204.793329094,648.121817711
1610679268805,162.005750267,207.001258177,425.767354427
1610679268899,162.005750207,203.001258164,421.767356834
1610679268993,162.005750471,203.001258221,424.767346175
1610679269087,161.005750613,205.001258252,422.767340430
1610679269181,162.005750271,206.001258178,422.767354249
1610679269275,163.005750802,206.001258294,420.767332794
1610679269369,163.005750129,204.001258146,424.767359994
1610679269460,161.005749711,204.001258055,422.767376908
1610679269554,162.005750203,204.001258163,424.767357012
1610679269648,163.005750729,205.001258278,425.767335735
1610679269742,162.005749667,206.001258045,424.767378686
1610679269836,158.005750328,209.001258190,424.767351954
