1618477252403	-11.319975	229.948136	376.70841
1618477252497	4.126278	232.371071	393.3209
1618477252591	-10.4257	258.644567	380.823825
1618477252685	-6.456958	266.739655	377.61318
1618477252779	-13.193426	275.739829	386.468423
1618477252873	-15.224819	259.085872	379.968925
1618477252967	-15.927958	249.363201	385.187774
1618477253061	-30.827527	246.847949	375.493167
1618477253155	-1.39628	242.899657	376.232112
1618477253243	-7.601468	279.134145	372.178634
1618477253337	-16.238407	271.587653	389.736523
1618477253431	0.213534	280.450888	379.582934
1618477253525	5.544703	253.478639	381.592513
1618477253619	-11.137499	285.843755	373.686873
1618477253713	-4.848989	268.48495	372.535438
1618477253807	1.258323	269.039633	372.658251
1618477253901	-15.783125	283.931457	376.203112
1618477253995	-24.564583	255.11499	372.368075
1618477254089	-20.558567	241.246101	374.825655
1618477254183	-13.018148	233.913936	378.639637
1618477254277	-9.533564	268.645007	377.735421
1618477254371	9.045961	274.049536	384.855862
1618477254461	-2.838681	286.813654	391.388642
1618477254556	-14.338008	269.405919	381.954064
1618477254651	0.298534	238.921116	376.861352
1618477254746	-5.490255	258.095159	386.565907
1618477254841	1.943683	262.147666	381.417978
1618477254936	-6.279289	246.696005	375.321438
1618477255031	-11.385953	234.974751	391.830477
1618477255126	-17.715785	259.613411	388.621117
1618477255221	-11.961437	278.200123	386.696435
1618477255316	0.072937	256.675281	399.195699
1618477255411	-19.927013	274.540361	389.237432
1618477255506	-17.643209	243.590033	382.871587
1618477255601	-0.717979	267.976014	375.364875
1618477255695	-10.726388	270.134438	387.640704
1618477255788	-32.819636	239.823925	371.167656
1618477255881	-9.412545	257.89765	383.322812
1618477255974	11.048362	264.105309	377.39089
1618477256067	-5.901964	249.398025	380.376039
1618477256160	-7.596041	240.237025	371.942709
1618477256253	-2.083337	245.508112	371.627416
1618477256346	0.532021	239.357896	380.295334
1618477256439	20.878278	240.645423	381.327872
1618477256532	-10.592771	242.272836	397.518352
1618477256625	-8.376917	241.978683	377.277898
1618477256718	7.757959	247.816518	378.320081
1618477256811	-0.063774	268.699455	378.926897
1618477256910	5.710308	258.61884	380.898636
1618477257004	2.519112	274.071101	383.386087
1618477257098	-14.559679	211.632998	391.044395
1618477257192	-2.747648	244.666368	369.389965
1618477257286	-12.977519	274.863034	377.476386
1618477257380	-0.54512	248.505121	390.858535
1618477257474	-14.568185	297.775489	383.031609
1618477257568	-13.948163	255.537766	376.216798
1618477257662	-15.642948	269.612029	373.538945
1618477257756	7.254724	255.050967	372.271104
1618477257850	-23.208378	266.484439	386.127632
1618477257944	-6.074442	252.974259	366.720997
1618477258038	-18.432623	265.489554	363.354275
1618477258137	-9.020541	244.831073	377.619815
1618477258231	-17.680607	245.988251	376.517759
1618477258325	-7.221993	266.615224	379.669995
1618477258419	-20.443291	298.664085	370.038037
1618477258513	-18.218854	268.403385	380.364136
1618477258607	-9.434417	252.263872	384.937726
1618477258701	8.18243	280.521276	382.819247
1618477258795	-2.769965	269.16157	387.31818
1618477258889	1.408683	271.255545	383.476909
1618477258983	-5.366602	270.38572	383.244923
1618477259077	-11.608438	247.43447	380.694191
1618477259171	-6.759899	241.790792	375.968679
1618477259265	-4.653709	244.952472	394.568643
1618477259355	3.364651	272.158719	386.536432
1618477259449	2.033728	284.169553	379.737698
1618477259543	16.097545	256.206609	384.87241
1618477259637	35.239527	260.497023	383.086175
1618477259731	54.205868	264.36938	382.025711
1618477259825	53.745591	308.161289	375.06087
1618477259919	77.132803	372.421567	369.547635
1618477260013	35.104509	469.010872	380.666983
1618477260107	-49.855296	483.150431	366.895275
1618477260201	-152.535362	519.923091	382.617873
1618477260295	-90.850594	244.008384	383.912335
1618477260389	-35.47683	213.473316	379.566032
1618477260483	18.211959	209.494473	381.7888
1618477260577	-4.156789	423.640906	392.039909
1618477260671	-39.09835	280.787312	390.171427
1618477260765	-53.415557	301.041183	404.123738
1618477260859	-52.069109	291.559544	415.049861
1618477260953	-35.747412	299.365128	430.824106
1618477261047	-28.605742	283.449645	465.784392
1618477261141	-17.725384	228.694354	341.969126
1618477261235	-18.858644	255.199123	277.027812
1618477261329	-14.08212	284.921221	293.916824
1618477261423	-17.552609	239.03278	343.330245
1618477261517	-1.935276	260.287552	396.484517
1618477261611	1.290967	247.368707	390.19904
1618477261705	-8.539565	260.839579	319.220175
1618477261793	-20.257198	262.239795	334.953736
1618477261887	-18.936972	270.087007	365.953187
1618477261981	-10.782868	245.185902	377.813396
1618477262075	-12.833081	269.127852	379.225518
1618477262169	-17.144007	243.977841	388.304845
1618477262263	-5.695039	268.265601	382.434974
1618477262357	-15.488713	274.455995	366.387136
1618477262451	-12.863442	269.220441	374.735413
1618477262545	-17.823729	259.244557	380.623801
1618477262639	7.181953	247.803155	375.984775
1618477262733	-17.589231	277.101124	380.58557
1618477262827	-2.962451	268.856871	395.915668
1618477262921	-25.231022	269.926384	383.852805
1618477263012	-14.316692	252.772514	367.431692
1618477263106	-14.682339	302.022134	377.56566
1618477263200	-13.303471	255.805468	373.671785
1618477263294	-15.871371	272.200653	377.99858
1618477263388	6.771822	280.117675	375.45842
1618477263482	-8.294826	263.850962	383.825917
1618477263576	-12.822125	280.100697	362.569998
1618477263670	6.031943	248.381098	381.981543
1618477263764	6.69548	261.977548	375.773359
1618477263858	-1.506311	256.861547	383.299673
1618477263952	-15.786415	284.107625	390.584569
1618477264046	5.725963	280.173046	382.902818
1618477264140	-2.341906	274.748771	374.851934
1618477264231	-9.945372	261.111289	372.064507
1618477264325	-7.932362	247.761478	388.522529
1618477264419	-22.692284	277.845555	396.066582
1618477264513	-2.986551	259.431144	390.46209
1618477264607	-8.484454	273.856241	372.702352
1618477264701	-17.127578	269.272111	384.199304
1618477264795	-11.801263	276.616583	385.083616
1618477264889	-17.051751	295.380956	376.264639
1618477264983	-9.0735	272.128515	380.615986
1618477265077	-17.351579	273.839307	374.472541
1618477265171	-14.30993	271.7381	398.227793
1618477265265	-14.178402	265.061636	380.571113
1618477265359	-22.139112	262.018716	385.499799
1618477265449	-9.545046	259.714034	390.260536
1618477265543	-16.337888	271.386816	379.561569
1618477265637	-0.479873	286.208544	387.988559
1618477265731	-21.122565	277.826131	376.289998
1618477265825	-21.775566	257.870445	369.360996
1618477265919	4.753628	240.091222	372.217929
1618477266013	-13.423694	284.633007	382.487365
1618477266107	-13.22484	234.396828	386.570113
1618477266201	-21.313671	283.546507	369.185657
1618477266295	1.736267	270.248065	378.964953
1618477266389	-8.807379	241.17478	390.052224
1618477266483	-25.134519	274.255669	361.837622
1618477266577	-17.036421	260.986556	368.821687
1618477266668	-10.389345	251.988281	387.679083
1618477266762	-2.455816	263.681464	385.805812
1618477266856	-16.740524	291.485425	391.613476
1618477266950	-0.097408	287.092851	385.396421
1618477267044	1.94143	259.119379	373.068989
1618477267138	-9.150335	243.456345	392.701605
1618477267232	-3.049459	292.824193	386.702051
1618477267326	6.191619	253.508819	376.125784
1618477267420	-34.021014	256.360373	390.386594
1618477267514	-0.353346	253.430534	389.661417
1618477267608	-3.930431	242.922579	378.142229
1618477267702	-24.408962	272.558806	396.639296
1618477267796	-22.508579	253.456436	377.052659
1618477267887	-1.943806	239.227126	391.512431
1618477267981	-10.802158	222.062039	383.993407
1618477268075	-15.680147	269.497809	378.396511
1618477268169	12.131541	268.162506	373.028961
1618477268263	-8.874798	269.5211	360.115428
1618477268357	-8.952792	281.600422	381.694418
1618477268451	-21.837286	243.704361	380.963975
1618477268545	-7.954911	275.555903	371.753393
1618477268639	-9.846963	266.075589	366.256683
1618477268733	0.889127	285.169118	394.119468
1618477268827	-15.908889	259.550465	368.370645
1618477268921	-16.97355	247.999659	382.439884
1618477269015	-7.320495	247.965225	373.434717
1618477269106	-6.577477	295.150577	370.629911
1618477269200	-8.834881	284.947564	376.428008
1618477269294	-6.603258	243.394325	382.141839
nan	nan	nan	nan
