1616035386744,154.920005333,229.081911845,-477.001523205
1616035386838,156.920008082,230.081909030,-475.001523152
1616035386932,160.920014202,226.081902763,-476.001523036
1616035387026,156.920011158,224.081905880,-476.001523094
1616035387120,158.919996912,228.081920468,-475.001523365
1616035387214,77.509345259,311.443686275,-475.551690388
1616035387308,159.920001789,231.081915474,-475.001523272
1616035387402,154.919997640,233.081919723,-475.001523351
1616035387496,157.920002497,229.081914749,-475.001523259
1616035387590,159.920006249,229.081910907,-475.001523187
1616035387684,158.920003760,229.081913456,-476.001523235
1616035387778,158.920000303,230.081916996,-478.001523301
1616035387872,156.920010089,228.081906975,-479.001523114
1616035387960,157.920006957,227.081910182,-475.001523174
1616035388054,156.920011316,228.081905719,-477.001523091
1616035388148,157.920009345,230.081907737,-476.001523128
1616035388242,159.920004019,230.081913191,-475.001523230
1616035388336,157.920004727,228.081912465,-475.001523216
1616035388430,158.920014065,229.081902904,-475.001523039
1616035388524,159.920013097,230.081903895,-476.001523057
1616035388618,156.919996617,227.081920770,-473.001523371
1616035388712,156.920008082,230.081909030,-475.001523152
1616035388806,158.920003602,225.081913617,-475.001523238
1616035388900,159.919999401,228.081917919,-474.001523318
1616035388994,156.920007859,229.081909259,-479.001523157
1616035389088,156.920014773,227.081902179,-475.001523025
1616035389180,160.920008739,229.081908358,-474.001523140
1616035389275,156.920002238,228.081915015,-476.001523264
1616035389370,157.920000267,230.081917033,-475.001523301
1616035389465,158.920009447,227.081907633,-474.001523126
1616035389560,159.920008480,228.081908623,-475.001523145
1616035389655,160.920002894,227.081914342,-475.001523251
1616035389750,159.920006249,229.081910907,-475.001523187
1616035389845,158.920011835,230.081905188,-475.001523081
1616035389940,154.920000716,227.081916573,-476.001523293
1616035390035,156.920011316,228.081905719,-477.001523091
1616035390130,161.920015622,230.081901309,-478.001523009
1616035390225,159.919998174,228.081919175,-476.001523341
1616035390320,159.920005022,229.081912163,-477.001523211
1616035390413,158.919996912,228.081920468,-475.001523365
1616035390509,159.920015170,225.081901772,-475.001523017
1616035390605,161.920006544,230.081910605,-477.001523182
1616035390701,158.919996912,228.081920468,-475.001523365
1616035390797,159.920003795,229.081913420,-479.001523234
1616035390893,159.920010710,227.081906340,-475.001523102
1616035390989,87.535492175,300.177249461,-476.360779223
1616035391085,157.920001270,229.081916005,-477.001523282
1616035391181,156.919996550,230.081920838,-478.001523372
1616035391277,159.920002792,230.081914447,-477.001523253
1616035391373,159.919998174,228.081919175,-476.001523341
1616035391469,230.802248415,154.428982897,-474.594707088
1616035391565,154.920015638,229.081901293,-476.001523009
1616035391666,254.057546357,131.688239897,-477.209019291
1616035391759,161.920008774,229.081908321,-477.001523139
1616035391852,160.920008515,228.081908587,-478.001523144
1616035391945,156.920003465,228.081913758,-474.001523240
1616035392038,158.920002757,230.081914483,-474.001523254
1616035392131,157.920004727,228.081912465,-475.001523216
1616035392224,157.920004727,228.081912465,-475.001523216
1616035392317,160.920000664,228.081916626,-475.001523294
1616035392410,156.920014773,227.081902179,-475.001523025
1616035392503,159.920007252,228.081909880,-477.001523168
1616035392596,157.920000267,230.081917033,-475.001523301
1616035392689,159.920015327,229.081901611,-476.001523014
1616035392782,159.920006249,229.081910907,-475.001523187
1616035392869,153.920009916,231.081907153,-475.001523118
1616035392963,159.920014100,229.081902868,-478.001523038
1616035393057,156.920010313,229.081906746,-475.001523110
1616035393151,157.920006957,227.081910182,-475.001523174
1616035393245,160.920001667,227.081915599,-477.001523275
1616035393339,156.920003556,235.081913665,-480.001523239
1616035393433,157.919999106,227.081918221,-472.001523323
1616035393527,156.920006855,230.081910286,-477.001523176
1616035393621,154.919997482,229.081919884,-474.001523354
1616035393715,156.920008082,230.081909030,-475.001523152
1616035393809,156.920003689,229.081913529,-470.001523236
1616035393903,157.920008118,230.081908993,-478.001523152
1616035393997,156.920002238,228.081915015,-476.001523264
1616035394087,156.920001235,229.081916042,-474.001523283
1616035394182,158.919998139,228.081919212,-473.001523342
1616035394277,154.920002100,231.081915156,-475.001523266
1616035394372,156.920014773,227.081902179,-475.001523025
1616035394467,151.920009397,229.081907684,-477.001523127
1616035394562,154.920013408,230.081903576,-476.001523051
1616035394657,151.920015084,227.081901860,-475.001523019
1616035394752,151.920008617,231.081908482,-471.001523142
1616035394847,146.920005629,236.081911543,-474.001523199
1616035394942,147.920009967,230.081907100,-476.001523117
1616035395037,142.920002427,230.081914821,-473.001523260
1616035395132,134.919999265,238.081918058,-472.001523320
1616035395227,124.920001894,236.081915367,-476.001523270
1616035395322,116.920012427,246.081904581,-477.001523070
1616035395416,108.920002890,265.081914347,-478.001523251
1616035395510,116.920002668,277.081914574,-475.001523256
1616035395604,151.919997879,273.081919477,-478.001523347
1616035395698,289.235450293,139.554004909,-471.243714422
1616035395792,229.920013038,202.081903956,-476.001523058
1616035395886,267.920002007,152.081915251,-476.001523268
1616035395980,297.920004751,132.081912441,-478.001523216
1616035396074,302.919997270,101.081920102,-476.001523358
1616035396168,261.920000876,82.081916409,-477.001523290
1616035396262,171.920007329,99.081909802,-477.001523167
1616035396356,139.920004769,152.081912422,-475.001523216
1616035396450,144.920006007,182.081911155,-474.001523192
1616035396540,153.920007363,202.081909766,-474.001523166
1616035396635,144.920010856,207.081906190,-470.001523100
1616035396730,146.920009526,215.081907552,-465.001523125
1616035396825,150.920010075,219.081906990,-446.001523115
1616035396920,147.920014321,222.081902642,-419.001523034
1616035397015,153.920000308,222.081916990,-397.001523300
1616035397110,152.920014192,225.081902774,-392.001523036
1616035397205,152.920004600,226.081912596,-404.001523219
1616035397300,151.920003577,226.081913643,-450.001523238
1616035397395,152.920015475,233.081901460,-503.001523012
1616035397490,157.919999652,224.081917662,-561.001523313
1616035397585,154.919999006,226.081918324,-593.001523325
1616035397680,156.920004276,224.081912928,-582.001523225
1616035397773,158.920000583,228.081916709,-548.001523295
1616035397867,157.920009361,229.081907721,-527.001523128
1616035397961,154.920000176,229.081917126,-517.001523303
1616035398055,156.920003216,228.081914013,-506.001523245
1616035398149,160.920002935,225.081914300,-498.001523250
1616035398243,157.920015521,228.081901413,-489.001523011
1616035398337,156.920003954,228.081913258,-489.001523231
1616035398431,158.919998852,229.081918482,-484.001523328
1616035398525,158.920006769,226.081910375,-482.001523177
1616035398619,157.919997813,230.081919545,-479.001523348
1616035398713,157.919997813,230.081919545,-479.001523348
1616035398807,157.920011351,228.081905683,-480.001523090
1616035398901,154.920004554,231.081912643,-471.001523220
1616035398994,159.920002635,226.081914608,-476.001523256
1616035399088,158.920006993,227.081910145,-478.001523173
1616035399182,160.919998210,228.081919139,-479.001523340
1616035399276,159.920002792,230.081914447,-477.001523253
1616035399370,161.920012232,228.081904781,-475.001523073
1616035399464,159.920002635,226.081914608,-476.001523256
1616035399558,161.920005160,226.081912022,-478.001523208
1616035399652,160.919999437,228.081917882,-477.001523317
1616035399746,158.920000145,226.081917157,-477.001523304
1616035399840,161.920010002,229.081907065,-475.001523116
1616035399934,159.920011870,230.081905151,-478.001523080
1616035400028,157.920013805,228.081903170,-476.001523043
1616035400122,158.919999299,231.081918023,-476.001523320
1616035400210,160.920008515,228.081908587,-478.001523144
1616035400304,161.920014462,227.081902498,-475.001523031
1616035400398,156.919997620,226.081919743,-475.001523352
1616035400492,156.920004625,231.081912570,-477.001523218
1616035400586,157.920011575,229.081905453,-476.001523086
1616035400680,157.920009412,227.081907669,-471.001523127
1616035400774,159.920006249,229.081910907,-475.001523187
1616035400868,156.920002238,228.081915015,-476.001523264
1616035400962,159.920011870,230.081905151,-478.001523080
1616035401056,157.920008342,231.081908764,-474.001523148
1616035401150,161.920013235,227.081903754,-477.001523054
1616035401244,159.920011870,230.081905151,-478.001523080
1616035401338,156.920001392,233.081915881,-475.001523280
1616035401430,157.920000267,230.081917033,-475.001523301
1616035401524,159.920000405,227.081916892,-476.001523299
1616035401618,161.920006544,230.081910605,-477.001523182
1616035401712,161.920015622,230.081901309,-478.001523009
1616035401806,157.920004885,232.081912304,-476.001523213
1616035401900,159.920006249,229.081910907,-475.001523187
1616035401994,69.618482298,323.571596875,-477.740025566
1616035402088,159.920002635,226.081914608,-476.001523256
1616035402182,158.920005211,230.081911971,-470.001523207
1616035402276,160.919998434,229.081918910,-475.001523336
1616035402370,158.919996912,228.081920468,-475.001523365
1616035402464,160.920013199,227.081903790,-474.001523055
1616035402558,159.919998174,228.081919175,-476.001523341
1616035402650,160.920002894,227.081914342,-475.001523251
1616035402744,158.920011835,230.081905188,-475.001523081
1616035402838,153.920014533,233.081902425,-476.001523030
1616035402932,158.919999142,227.081918185,-475.001523323
1616035403026,157.919997656,226.081919707,-478.001523351
1616035403120,158.920011835,230.081905188,-475.001523081
1616035403214,160.920009742,228.081907330,-476.001523121
1616035403308,159.920006249,229.081910907,-475.001523187
1616035403402,160.919998434,229.081918910,-475.001523336
1616035403496,158.920001530,230.081915740,-476.001523277
1616035403590,156.920012543,228.081904463,-475.001523068
1616035403684,161.920008998,230.081908092,-473.001523135
1616035403778,159.920000405,227.081916892,-476.001523299
1616035403867,158.920001530,230.081915740,-476.001523277
1616035403961,158.919996912,228.081920468,-475.001523365
1616035404055,158.919996912,228.081920468,-475.001523365
1616035404149,159.919998174,228.081919175,-476.001523341
1616035404243,160.919998434,229.081918910,-475.001523336
1616035404337,161.920007771,230.081909348,-475.001523158
1616035404431,161.920004157,227.081913050,-476.001523227
1616035404525,156.919997777,230.081919582,-476.001523349
1616035404619,161.920012232,228.081904781,-475.001523073
1616035404713,159.920009707,228.081907367,-473.001523122
1616035404807,161.920012232,228.081904781,-475.001523073
1616035404901,161.919999696,229.081917617,-476.001523312
1616035404995,160.920002894,227.081914342,-475.001523251
1616035405088,156.920011316,228.081905719,-477.001523091
1616035405182,161.919997466,230.081919900,-476.001523355
1616035405276,156.920011316,228.081905719,-477.001523091
1616035405370,159.920008480,228.081908623,-475.001523145
1616035405464,158.920012838,229.081904161,-477.001523062
1616035405558,158.920002533,229.081914713,-478.001523258
1616035405652,158.920008220,227.081908889,-476.001523150
1616035405746,159.919998174,228.081919175,-476.001523341
