1618476652269,-84.871272322,249.342338530,234.518729592
1618476652363,-85.047748053,238.457074640,236.786829244
1618476652457,-94.937267088,220.481192572,236.964526308
1618476652551,-87.152272314,243.257469743,234.812434924
1618476652645,-94.233350703,237.283335577,233.322244092
1618476652739,-89.280828235,240.921624109,232.598954172
1618476652833,-84.316821870,248.401145588,232.382903895
1618476652927,-79.772256160,257.260378942,231.759552592
1618476653021,-80.708360048,247.653444176,234.478820393
1618476653115,-93.894296139,231.201857521,240.974105350
1618476653209,-84.529779298,246.175168437,232.925019939
1618476653303,-100.190456160,217.178387009,235.516498041
1618476653397,-88.727402621,236.159171373,232.953326639
1618476653486,-96.381506753,221.632849694,236.073353277
1618476653580,-79.052182510,256.635468564,231.583153591
1618476653674,-103.630636492,211.608841977,237.359251240
1618476653768,-91.134008241,235.473045046,234.297907815
1618476653862,-83.123112666,248.771062632,234.335450263
1618476653956,-82.676416154,246.804794521,234.715968537
1618476654050,-102.463781802,219.746778970,234.828429148
1618476654144,-110.931016783,197.667660865,241.147651339
1618476654238,-82.221494892,245.763884171,233.849498413
1618476654332,-92.250373591,233.341176442,234.571387802
1618476654426,-95.920056897,224.423709392,237.715336713
1618476654520,-76.146656026,266.003313860,230.381429338
1618476654614,-96.265656521,230.673385956,240.555025928
1618476654707,-104.978568457,210.034761873,235.689458923
1618476654801,-93.182466204,236.380507231,236.309778735
1618476654895,-97.082866369,219.293497354,237.245167834
1618476654989,-88.650055504,236.487574689,232.424325747
1618476655083,-90.530584195,231.806071883,236.640031989
1618476655177,-74.029940284,263.316548880,232.597810621
1618476655271,-101.105333304,218.340941985,237.495645193
1618476655365,-102.533109755,205.975781334,236.825306875
1618476655459,-86.507111562,237.579850492,235.899361156
1618476655553,-97.049771879,225.085650355,237.502139900
1618476655647,-104.498592856,206.041696577,239.816851148
1618476655741,-88.756144384,234.284981917,234.450314717
1618476655835,-109.155801944,201.967353641,240.467797100
1618476655924,-87.042464299,241.467164768,234.785534864
1618476656018,-101.037069388,212.651999556,234.968869445
1618476656112,-91.360200724,237.131444910,238.598292545
1618476656206,-89.148161949,232.446016398,236.301375100
1618476656300,-78.204380018,255.254475741,227.375464402
1618476656394,-81.114074749,248.878670547,229.578209765
1618476656488,-107.436467134,204.341032336,237.291579095
1618476656582,-77.298281031,263.804111608,231.663547008
1618476656676,-93.991410993,230.926053363,235.752922367
1618476656770,-86.040192115,248.110109264,233.805084027
1618476656864,-90.701968714,235.207741268,231.947096004
1618476656958,-93.192621208,232.541812004,235.802213549
1618476657052,-106.646457832,201.030371960,240.587994816
1618476657144,-90.932340585,241.587114021,235.513583914
1618476657239,-93.411581054,231.123675038,233.855852920
1618476657334,-90.174782137,233.395181120,235.307896342
1618476657429,-89.926117305,239.689346961,238.757032928
1618476657524,-91.177006363,224.842676850,237.533308984
1618476657619,-90.945926256,247.470821481,233.271938491
1618476657714,-96.222133331,221.846848720,239.789337451
1618476657809,-96.924993307,216.685328505,239.451466663
1618476657904,-77.863638440,256.905173358,228.291991727
1618476657999,-103.270827173,208.476649621,235.761054579
1618476658094,-91.600407942,246.311338289,235.677242748
1618476658189,-82.903780783,246.370607350,233.771666858
1618476658284,-81.805642833,249.467667973,232.502652103
1618476658384,-96.566658088,224.188926551,236.873736905
1618476658479,-102.639023043,209.683175234,238.606279277
1618476658574,-94.840410557,227.304760196,236.960904807
1618476658669,-94.461918309,223.388943011,237.848078429
1618476658764,-99.762974138,215.085077276,236.656749804
1618476658859,-91.293107110,233.259570320,235.581856384
1618476658954,-99.631484259,215.426525746,237.869511815
1618476659049,-95.103193079,232.622239905,236.535332469
1618476659144,-87.689964344,243.959619492,235.209234592
1618476659239,-96.504312898,227.127286837,237.368516876
1618476659334,-100.082262577,220.294650385,237.245019921
1618476659429,-97.896099261,220.650157414,241.199414832
1618476659524,-99.701719744,225.021354523,238.151796991
1618476659620,-92.612144402,232.650320323,236.660012083
1618476659714,-97.081281380,217.386872775,238.489753107
1618476659808,-93.466519937,221.380155506,237.849205706
1618476659902,-86.723553606,238.076173005,235.707410179
1618476659996,-99.161197838,223.872865621,236.529436313
1618476660090,-96.978107267,218.583899360,239.464478178
1618476660184,-96.700988663,215.113099276,237.396591449
1618476660278,-93.408287791,226.310661312,240.344993264
1618476660372,-96.297062033,221.794109667,239.052666554
1618476660466,-110.046408715,197.356953861,238.930945758
1618476660560,-74.774649681,263.713716281,232.290297622
1618476660654,-86.921044603,235.879731344,240.245737357
1618476660748,-94.360986235,229.310642147,242.088432081
1618476660837,-93.480463229,230.992134099,238.872727231
1618476660932,-84.574852132,239.269792330,244.426008697
1618476661027,-84.822643696,245.615899542,247.996763971
1618476661122,-97.404121713,218.680011650,261.323866898
1618476661217,-85.990862561,248.204311515,269.792999591
1618476661312,-90.959922525,237.715139423,297.010287866
1618476661407,-94.472691145,220.368370650,313.850717489
1618476661502,-83.196520941,241.992273001,276.333327561
1618476661597,-95.661946975,214.278003935,202.632000821
1618476661692,-74.997511290,251.920568824,145.059707694
1618476661787,-106.111045372,190.504566317,176.681700689
1618476661882,-89.486577917,220.341851759,214.854119381
1618476661977,-73.773992708,238.799154613,245.229819319
1618476662072,-87.627993885,205.794585725,257.848550978
1618476662166,-63.742906599,234.219912825,207.202098257
1618476662260,-59.740507750,224.766585663,164.671351921
1618476662354,-42.032144093,225.022799734,183.947557090
1618476662448,-12.476118965,295.000430129,218.871663001
1618476662542,-21.605757217,369.114260846,227.883315157
1618476662636,-53.392978770,500.888152978,230.116375193
1618476662730,-125.855468345,567.185656426,230.719620014
1618476662824,-202.726597670,320.708965322,230.728261682
1618476662918,-152.219011316,182.491416098,233.808678427
1618476663012,-114.843685739,186.846762513,232.736839375
1618476663106,-25.819263143,203.067933546,234.915512675
1618476663200,-29.188414775,427.369147533,232.311235978
1618476663292,-140.362033406,252.037596479,236.353767951
1618476663387,-136.124380343,255.123871491,238.010364107
1618476663482,-126.029896948,247.484999125,238.477165280
1618476663577,-115.982312920,225.304822092,236.730587793
1618476663672,-110.063427413,229.969224401,237.260511592
1618476663767,-112.343775361,215.066298079,239.044004297
1618476663862,-94.940057357,246.391680386,235.025527213
1618476663957,-106.585887539,219.332902294,238.368394718
1618476664052,-102.437437868,216.616389409,234.332028475
1618476664147,-106.383589829,210.080614971,236.298731342
1618476664242,-93.216293103,233.225561002,232.073091877
1618476664337,-95.267933565,226.488340305,234.065636637
1618476664432,-102.132923234,213.288254839,235.502403996
1618476664527,-89.713373850,238.005264143,234.459942855
1618476664621,-104.189626675,215.360668326,238.006241945
1618476664715,-87.465733907,242.478170096,236.399277618
1618476664809,-83.374720622,251.200230513,234.152114004
1618476664903,-102.152460889,217.250944729,241.507190204
1618476664997,-100.351002967,219.781449936,237.310854210
1618476665091,-106.151640694,206.794602889,237.976830597
1618476665185,-112.128518137,197.200153492,238.951060395
1618476665279,-89.822630404,236.886970862,236.731681374
1618476665373,-93.924749489,230.143702241,235.981565615
1618476665467,-87.468860645,246.472199116,234.400043586
1618476665561,-98.094971328,217.270381102,238.248133229
1618476665655,-99.299545185,221.789367713,237.053274861
1618476665745,-97.645598417,220.218875335,236.383022304
1618476665840,-107.557232160,204.110413241,240.321163333
1618476665935,-87.810968118,240.728544471,234.238877316
1618476666030,-89.837300439,233.039653501,236.225222251
1618476666125,-90.432837849,231.083081969,234.861060273
1618476666220,-86.090176557,237.376050989,234.797223106
1618476666315,-101.321390355,217.928348345,235.548573456
1618476666410,-106.338946967,211.165867273,240.287795021
1618476666505,-104.620365597,210.628455805,237.356735143
1618476666600,-101.244723219,210.436150426,238.509686248
1618476666695,-86.541047476,248.153650146,232.927780344
1618476666790,-97.816400916,223.712004821,233.934917293
1618476666885,-88.103451938,233.531396931,236.290422329
1618476666980,-92.762121136,230.454265696,238.941725969
1618476667074,-96.557911822,233.024931578,235.381647195
1618476667168,-111.597181369,200.124472824,240.575923386
1618476667262,-92.767268665,230.444435710,232.942986978
1618476667356,-87.455014812,240.588988476,235.641625276
1618476667450,-92.737610977,234.410722908,232.690748076
1618476667544,-103.182583716,212.464466568,239.249490160
1618476667638,-69.900567720,270.292559435,231.831197105
1618476667732,-83.653050514,253.578368812,233.975323914
1618476667826,-90.940211837,233.843128610,235.250432822
1618476667920,-103.469353266,207.097533999,236.809688222
1618476668014,-97.364982193,236.212662615,230.844437432
1618476668108,-88.342722703,238.893775900,233.859090233
1618476668197,-91.183277149,239.198261318,232.820030289
1618476668292,-106.163464022,202.043070389,240.714647659
1618476668387,-82.346539686,244.525092211,232.880131080
1618476668482,-93.579189285,234.622904461,241.406965398
1618476668577,-91.404177502,236.866767305,234.119118586
1618476668672,-100.450484231,218.501126760,234.090250935
1618476668767,-87.893393182,237.842187273,233.993989936
1618476668862,-80.688008519,253.511611210,233.983887701
1618476668957,-92.591282474,230.780507977,237.899875015
1618476669052,-106.340429931,203.434081265,240.023078967
1618476669147,-85.789143801,244.770221308,232.233530936
1618476669242,-96.777192166,224.696531219,236.680338633
1618476669337,-97.791281848,219.850322129,233.173737338
1618476669434,-104.121430008,208.761946120,238.724456225
1618476669528,-101.821660692,230.611611838,237.691232245
1618476669622,-91.406735031,240.681186025,234.629798007
1618476669716,-96.512657301,218.382397872,238.105481693
1618476669810,-98.186138967,217.186631341,234.515440443
1618476669904,-96.880525727,220.679897433,235.195599729
1618476669998,-106.264906329,204.578305015,245.004577682
1618476670092,-89.302378625,242.790121732,231.359259894
1618476670186,-82.495933897,253.878406771,233.936834498
1618476670280,-112.425750485,195.632543334,240.023874459
1618476670374,-94.330950247,227.458349057,235.326047611
1618476670468,-98.876273331,216.868715319,237.684505110
1618476670562,-101.196017976,221.987068589,239.027913433
1618476670652,-73.609378820,263.119674650,233.494784185
1618476670747,-94.882131960,232.134738217,234.726151894
1618476670842,-96.014946867,226.971456696,237.003661587
1618476670937,-93.199218495,231.529213486,234.803829709
1618476671032,-91.809062782,237.912880290,234.728357666
1618476671127,-96.656887996,229.655224304,235.915946633
1618476671222,-80.708644051,251.472204539,234.988942860
