1618477205830,-9.333471065,261.364275095,378.976523672
1618477205925,-7.333463346,260.364289811,376.976524216
1618477206020,-6.333459839,260.364296497,378.976524463
1618477206115,-9.333457945,260.364300106,378.976524596
1618477206210,-7.333456874,260.364302148,375.976524671
1618477206305,-7.333461717,261.364292915,379.976524330
1618477206400,-8.333465442,255.364285814,376.976524068
1618477206495,-6.333462525,262.364291376,377.976524273
1618477206590,-9.333464241,259.364288105,381.976524153
1618477206685,-5.333457784,258.364300414,379.976524607
1618477206780,-8.333462715,260.364291014,376.976524260
1618477206870,-10.333471844,266.364273610,376.976523617
1618477206964,-10.333462552,256.364291325,379.976524272
1618477207058,-10.333461452,260.364293421,376.976524349
1618477207152,-10.333459824,261.364296525,379.976524464
1618477207246,-8.333467558,261.364281781,380.976523919
1618477207340,-8.333458576,260.364298903,378.976524551
1618477207434,-8.333465048,260.364286566,379.976524096
1618477207528,-7.333469641,259.364277810,379.976523772
1618477207622,-9.333464593,261.364287433,377.976524128
1618477207716,-9.333460455,261.364295322,379.976524419
1618477207810,-9.333468379,259.364280216,379.976523861
1618477207904,-10.333470434,261.364276299,378.976523717
1618477207998,-7.333469641,259.364277810,379.976523772
1618477208090,-7.333463170,259.364290147,378.976524228
1618477208184,-10.333461100,258.364294093,380.976524374
1618477208278,-10.333463786,260.364288972,379.976524185
1618477208372,-8.333469010,259.364279013,379.976523817
1618477208466,-10.333463786,260.364288972,379.976524185
1618477208560,-13.333465678,258.364285365,381.976524051
1618477208654,-8.333461086,261.364294118,379.976524375
1618477208748,-10.333471886,259.364273531,377.976523614
1618477208842,-9.333468379,259.364280216,379.976523861
1618477208936,-9.333470712,259.364275768,382.976523697
1618477209030,-7.333457756,262.364300468,379.976524609
1618477209124,-9.333468555,260.364279880,377.976523849
1618477209218,-9.333457945,260.364300106,378.976524596
1618477209307,-9.333462083,260.364292217,376.976524305
1618477209401,-10.333468805,262.364279403,381.976523831
1618477209495,-8.333456067,259.364303688,377.976524728
1618477209589,-9.333461907,259.364292554,378.976524317
1618477209683,-10.333467748,259.364281419,379.976523906
1618477209777,-8.333467558,261.364281781,380.976523919
1618477209871,-8.333469010,259.364279013,379.976523817
1618477209965,-7.333469641,259.364277810,379.976523772
1618477210059,-14.333471694,259.364273895,380.976523628
1618477210153,-6.333470272,259.364276606,379.976523728
1618477210247,-9.333460455,261.364295322,379.976524419
1618477210341,-8.333461086,261.364294118,379.976524375
1618477210435,-7.333469641,259.364277810,379.976523772
1618477210528,-8.333462362,258.364291686,380.976524285
1618477210622,-5.333471256,261.364274731,375.976523659
1618477210716,-9.333464417,260.364287769,379.976524140
1618477210810,-8.333471696,261.364273892,378.976523628
1618477210904,-9.333468379,259.364280216,379.976523861
1618477210998,-7.333467308,259.364282258,376.976523937
1618477211092,-8.333465224,261.364286230,377.976524083
1618477211186,-5.333462980,261.364290509,379.976524241
1618477211280,-8.333456067,259.364303688,377.976524728
1618477211374,-7.333462993,258.364290483,380.976524240
1618477211468,-6.333457153,258.364301617,379.976524652
1618477211562,-10.333467748,259.364281419,379.976523906
1618477211656,-5.333462980,261.364290509,379.976524241
1618477211744,-5.333461922,258.364292525,377.976524316
1618477211838,-0.333456802,258.364302286,381.976524676
1618477211932,-0.333462921,256.364290621,386.976524246
1618477212026,3.666542831,259.364301585,376.976524650
1618477212120,5.666537783,257.364291962,378.976524295
1618477212214,14.666542930,263.364301774,380.976524657
1618477212308,18.666533757,264.364284288,379.976524012
1618477212402,37.666540339,273.364296836,379.976524475
1618477212496,63.666530878,292.364278799,379.976523809
1618477212590,64.666544127,385.364304057,381.976524742
1618477212684,56.666529929,413.364276990,380.976523742
1618477212778,23.666534656,513.364286002,383.976524075
1618477212872,-32.333460332,522.364295556,380.976524428
1618477212963,-147.333468170,367.364280615,382.976523876
1618477213057,-92.333469247,224.364278561,379.976523800
1618477213151,-24.333469191,195.364278667,381.976523804
1618477213245,62.666539140,245.364294551,386.976524391
1618477213339,44.666530006,449.364277138,390.976523748
1618477213433,-78.333471598,309.364274079,401.976523635
1618477213527,-25.333471905,319.364273495,402.976523613
1618477213621,-34.333460624,289.364294999,425.976524407
1618477213715,-31.333466605,261.364283598,456.976523986
1618477213809,-27.333471774,267.364273744,468.976523622
1618477213903,-17.333458091,260.364299828,392.976524586
1618477213997,-17.333458830,258.364298420,251.976524534
1618477214091,43.687280150,364.255120214,321.849978751
1618477214182,-10.333466161,259.364284444,355.976524017
1618477214276,-14.333463947,259.364288665,392.976524173
1618477214370,-10.333467177,260.364282508,398.976523946
1618477214464,-12.333471018,263.364275185,332.976523676
1618477214558,-11.333459235,260.364297648,352.976524505
1618477214652,-11.333456943,259.364302017,322.976524666
1618477214746,-10.333459690,259.364296781,354.976524473
1618477214840,-10.333470081,262.364276971,368.976523741
1618477214934,-11.333471783,262.364273726,371.976523622
1618477215028,-12.333461818,259.364292723,373.976524323
1618477215122,-10.333459295,261.364297533,371.976524501
1618477215216,-11.333459369,262.364297392,377.976524496
1618477215310,-9.333463536,258.364289449,375.976524202
1618477215400,-9.333463141,263.364290201,378.976524230
1618477215494,-10.333458942,259.364298205,375.976524526
1618477215588,-10.333470434,261.364276299,378.976523717
1618477215682,-9.333460455,261.364295322,379.976524419
1618477215776,-11.333467116,259.364282623,379.976523950
1618477215870,-10.333467748,259.364281419,379.976523906
1618477215964,-9.333460631,262.364294986,377.976524407
1618477216058,-8.333462538,259.364291350,378.976524272
1618477216152,-11.333469626,260.364277838,380.976523774
1618477216246,-8.333456243,260.364303352,375.976524716
1618477216340,-7.333468365,262.364280242,378.976523862
1618477216434,-10.333463786,260.364288972,379.976524185
1618477216528,-11.333456507,259.364302849,380.976524697
1618477216619,-10.333468100,261.364280747,375.976523881
1618477216714,-11.333455407,263.364304945,377.976524775
1618477216809,-10.333470434,261.364276299,378.976523717
1618477216904,-12.333466485,259.364283826,379.976523995
1618477216999,-11.333463331,261.364289839,377.976524217
1618477217094,-10.333458942,259.364298205,375.976524526
1618477217189,-10.333459824,261.364296525,379.976524464
1618477217284,-15.333465826,263.364285083,379.976524041
1618477217379,-9.333468379,259.364280216,379.976523861
1618477217474,-10.333461276,259.364293757,378.976524361
1618477217569,-11.333471036,265.364275150,378.976523674
1618477217664,-9.333455435,259.364304891,377.976524773
1618477217759,-10.333455862,262.364304078,379.976524743
1618477217853,-10.333463786,260.364288972,379.976524185
1618477217947,-10.333465943,259.364284860,384.976524033
1618477218041,-10.333467748,259.364281419,379.976523906
1618477218135,-9.333470360,260.364276440,372.976523722
1618477218229,-8.333471696,261.364273892,378.976523628
1618477218323,-9.333456493,262.364302875,379.976524698
1618477218417,-8.333462538,259.364291350,378.976524272
1618477218511,-11.333456683,260.364302513,378.976524685
1618477218605,-11.333465664,261.364285391,380.976524052
1618477218699,-9.333464417,260.364287769,379.976524140
1618477218793,-11.333458311,259.364299409,375.976524570
1618477218887,-10.333459824,261.364296525,379.976524464
1618477218981,-10.333467748,259.364281419,379.976523906
1618477219072,-13.333466030,260.364284693,377.976524027
1618477219166,-11.333461174,262.364293952,372.976524369
1618477219260,-10.333470257,260.364276635,380.976523729
1618477219354,-14.333461614,262.364293113,375.976524338
1618477219448,-9.333457769,259.364300443,380.976524608
1618477219542,-10.333464138,262.364288300,375.976524160
1618477219636,-9.333467103,262.364282648,378.976523951
1618477219730,-10.333467748,259.364281419,379.976523906
1618477219824,-11.333468350,263.364280270,379.976523863
1618477219918,-12.333460014,259.364296164,378.976524450
1618477220012,-11.333460821,260.364294624,376.976524393
1618477220106,-11.333467293,260.364282287,377.976523938
1618477220200,-10.333468100,261.364280747,375.976523881
1618477220292,-8.333462538,259.364291350,378.976524272
1618477220386,-10.333466472,262.364283852,378.976523996
1618477220480,-6.333458387,262.364299265,379.976524565
1618477220574,-7.333465679,260.364285362,379.976524051
1618477220668,-10.333470434,261.364276299,378.976523717
1618477220762,-12.333456052,260.364303716,378.976524729
1618477220856,-12.333468995,260.364279041,380.976523818
1618477220950,-10.333467571,258.364281756,381.976523918
1618477221044,-12.333465209,262.364286258,378.976524084
1618477221138,-10.333472062,260.364273194,375.976523602
1618477221232,-10.333466648,263.364283515,376.976523983
