1618476774907	-94.781404	174.614243	231.15602
1618476775001	-107.722977	201.10041	254.015789
1618476775095	-69.400367	109.214478	263.927552
1618476775189	-84.964881	100.699235	218.596938
1618476775283	-108.37565	157.58228	242.016773
1618476775377	-106.786507	161.899074	246.140081
1618476775471	-104.802303	165.766064	244.554335
1618476775565	-113.472264	213.460472	236.476415
1618476775655	-57.431368	162.277091	229.482272
1618476775749	-113.879541	148.555542	217.701359
1618476775843	-63.516939	119.873949	246.386767
1618476775937	-88.138857	115.303039	247.124347
1618476776031	-82.302476	177.408032	248.887231
1618476776125	-88.519753	92.060424	249.264199
1618476776219	-73.797684	110.730587	259.242641
1618476776313	-77.848116	143.336884	244.018095
1618476776407	-93.635998	135.6996	199.901716
1618476776501	-108.615692	131.495329	253.183589
1618476776595	-63.99928	195.371868	249.63749
1618476776689	-102.790711	149.944798	239.364346
1618476776783	-49.400543	211.308586	233.905712
1618476776874	-105.647056	166.222157	254.332395
1618476776968	-110.794855	174.400744	222.344909
1618476777062	-83.289277	125.128888	244.297352
1618476777156	-94.269921	164.771663	225.196968
1618476777250	-116.901173	148.23385	261.393671
1618476777344	-87.219183	186.772768	239.714684
1618476777438	-103.651837	157.850601	223.528982
1618476777532	-85.513737	146.003068	248.288605
1618476777626	-125.608998	169.245001	210.43051
1618476777720	-108.276437	141.567916	238.917567
1618476777814	-106.377823	143.897869	249.330201
1618476777908	-87.31064	184.452069	227.282319
1618476778002	-85.029718	84.838646	197.680265
1618476778093	-78.490642	141.548967	231.318703
1618476778187	-101.714355	148.331029	213.586223
1618476778281	-71.363777	150.410756	221.457483
1618476778375	-129.735947	108.814315	235.012371
1618476778469	-98.860467	136.698289	234.532366
1618476778563	-108.499977	167.184276	238.81355
1618476778657	-64.633616	154.791943	236.804886
1618476778751	-118.628454	177.54203	243.157308
1618476778845	-79.439458	144.271154	251.388279
1618476778939	-54.687316	181.841189	229.576205
1618476779033	-73.653396	129.671319	235.679988
1618476779127	-105.617349	114.468794	245.219965
1618476779221	-64.65493	130.486863	260.729675
1618476779311	-105.211688	112.182316	229.842019
1618476779405	-93.40825	168.654177	213.440273
1618476779499	-88.616423	169.851838	205.923396
1618476779593	-53.315834	140.95868	251.831027
1618476779687	-97.932926	121.232452	237.076088
1618476779781	-71.393434	189.905027	240.805319
1618476779875	-91.199562	105.171101	242.056612
1618476779969	-119.022413	172.321288	241.173518
1618476780063	-111.616662	192.583615	238.414447
1618476780157	-87.154335	149.422206	243.439492
1618476780251	-72.971381	130.937825	247.342559
1618476780345	-95.213178	164.353976	229.010338
1618476780439	-74.353302	144.213089	223.090329
1618476780532	-89.718336	123.238641	226.614538
1618476780626	-65.877842	204.224456	233.101446
1618476780720	-81.158274	186.77286	223.912091
1618476780814	-75.186279	102.66122	265.872903
1618476780908	-84.837322	115.444783	213.859958
1618476781002	-104.858046	188.832171	208.269001
1618476781096	-116.182875	107.901387	246.028948
1618476781190	-90.874088	143.246711	240.792353
1618476781284	-136.034991	134.974401	237.746186
1618476781378	-73.177463	161.885267	246.983463
1618476781472	-104.308481	152.062584	212.616801
1618476781566	-66.904804	129.137119	247.213168
1618476781660	-91.616868	146.590638	239.564571
1618476781748	-83.704986	143.129891	271.535131
1618476781842	-91.573328	189.27172	238.865724
1618476781936	-124.591466	140.080289	221.607394
1618476782030	-92.523344	133.667578	216.71589
1618476782124	-84.439802	204.461355	228.476711
1618476782218	-82.457208	133.822983	213.583042
1618476782312	-135.374155	145.168611	243.667104
1618476782406	-95.428213	201.679906	252.604462
1618476782500	-107.044084	116.61733	257.748936
1618476782594	-120.615642	111.950377	245.850926
1618476782688	-82.976113	193.00802	217.236396
1618476782782	-93.271895	201.020552	235.981631
1618476782876	-88.200529	101.481922	279.531093
1618476782975	-112.375525	102.036023	246.737694
1618476783069	-141.877068	112.502228	224.220155
1618476783163	-128.295828	200.806823	228.788611
1618476783257	-83.386707	168.812047	263.178861
1618476783351	-116.796817	156.62711	241.3743
1618476783445	-98.158345	88.996624	228.192172
1618476783539	-84.037755	158.611558	261.446219
1618476783633	-92.8905	69.28897	226.505102
1618476783727	-112.675132	171.169515	233.495788
1618476783821	-102.661873	180.515937	244.323958
1618476783915	-115.115238	208.608352	254.423619
1618476784009	-92.776411	167.983661	229.38048
1618476784103	-95.742126	195.456305	222.83418
1618476784193	-132.399295	254.770855	192.609464
1618476784287	-106.441553	294.386202	207.284009
1618476784381	-95.419488	171.832797	231.356007
1618476784475	-185.482914	257.502167	192.662228
1618476784569	-173.047706	402.33955	168.605552
1618476784663	-81.515069	485.479859	115.412942
1618476784757	17.90092	296.826005	137.62572
1618476784851	-4.664295	187.787078	220.807943
1618476784945	-28.543605	73.098257	242.532769
1618476785039	-112.242083	93.327951	278.8781
1618476785133	-105.331774	53.918636	250.341445
1618476785227	-181.536708	115.716808	287.942636
1618476785321	-174.827851	222.392825	266.027093
1618476785414	-206.225123	346.789428	195.163325
1618476785508	-271.7315	568.204152	96.743321
1618476785602	-101.651998	749.683054	62.040812
1618476785696	-46.3515	589.447031	93.920998
1618476785790	-12.198276	515.946214	97.384619
1618476785884	-11.212193	315.688135	128.885965
1618476785978	-27.472971	293.523443	174.041253
1618476786072	-43.395563	226.680715	186.007059
1618476786166	-18.47837	248.241793	192.591994
1618476786260	-50.62573	159.530061	166.135919
1618476786354	-49.236526	206.611487	151.292576
1618476786448	-88.252796	182.801866	141.83709
1618476786542	-34.773415	74.515144	198.541823
1618476786633	-41.343544	118.872305	207.474892
1618476786728	-78.540815	207.576614	304.970331
1618476786823	-83.319705	134.551385	345.567969
1618476786918	-63.384356	116.670163	259.541084
1618476787013	-92.618677	136.277654	202.644911
1618476787108	-111.692566	167.946615	194.344536
1618476787203	-101.413307	69.106194	139.847275
1618476787298	-63.111179	104.977229	129.767929
1618476787393	-74.317914	142.729465	82.162769
1618476787488	-81.812413	158.911426	124.24315
1618476787583	-97.216035	101.289386	141.525162
1618476787678	-109.344868	160.278363	303.498487
1618476787773	-88.602182	162.905777	418.083576
1618476787866	-79.30402	135.05783	398.349776
1618476787960	-86.843014	149.726774	330.344897
1618476788054	-77.474493	133.005588	356.478952
1618476788148	-100.797558	120.598625	311.979282
1618476788242	-119.489668	157.681421	305.288322
1618476788336	-64.527723	85.342917	342.591443
1618476788430	-74.087084	178.787434	318.474066
1618476788524	-109.829633	157.055133	279.970512
1618476788618	-96.56235	171.489306	307.908842
1618476788712	-90.469802	159.571162	284.214496
1618476788806	-103.243525	186.70607	249.707064
1618476788900	-104.030376	124.557704	288.209935
1618476788994	-91.084319	151.956713	247.975054
1618476789085	-120.695722	121.606237	259.030357
1618476789180	-103.972824	166.953654	265.003673
1618476789275	-77.619328	131.267052	275.459689
1618476789370	-71.914929	124.170748	233.574489
1618476789465	-50.563964	115.45183	231.464167
1618476789560	-110.283903	147.958889	244.672878
1618476789655	-70.376641	194.509215	250.25909
1618476789750	-100.71063	136.959397	255.997649
1618476789845	-96.759781	179.431865	233.739817
1618476789940	-102.777749	224.439672	238.802852
1618476790035	-99.184274	211.858707	246.924627
1618476790130	-104.229967	198.894137	273.690138
1618476790225	-112.084558	168.009395	246.879946
1618476790320	-82.250339	131.238685	223.216426
1618476790414	-70.997387	164.692349	254.29224
1618476790508	-113.105816	171.927824	264.924442
1618476790602	-98.778006	154.092882	234.432185
1618476790696	-89.299023	170.681116	240.445893
1618476790790	-89.569343	113.343308	218.509809
1618476790884	-86.700279	187.172378	267.617
1618476790978	-94.702588	221.303182	243.554358
1618476791072	-100.814462	230.040674	237.130018
1618476791166	-97.63912	156.405518	263.48271
1618476791260	-76.754114	134.132354	240.86161
1618476791354	-68.642598	178.25224	261.219964
1618476791448	-117.110507	149.98061	256.338527
1618476791539	-129.662841	179.799888	223.434932
1618476791633	-106.648145	172.618066	225.983323
1618476791727	-106.426821	109.102136	227.938846
1618476791821	-91.457037	160.50637	244.802838
1618476791915	-102.657637	188.524778	251.787825
1618476792009	-103.213802	142.326533	246.487537
1618476792103	-114.768618	154.552251	246.048358
1618476792197	-84.343368	158.819265	228.228162
1618476792291	-90.128539	172.615257	218.724774
1618476792385	-61.873303	166.476221	233.383014
1618476792479	-125.027963	83.898021	237.169869
1618476792573	-105.437324	186.489864	238.475977
1618476792667	-78.514327	153.212732	231.927527
1618476792758	-74.567475	82.339497	225.324017
1618476792852	-81.612435	158.410218	251.837911
1618476792946	-100.491963	131.575333	233.199236
1618476793040	-75.345394	141.952058	243.657896
1618476793134	-77.274462	71.878342	252.988156
1618476793228	-68.870261	174.258574	222.444539
1618476793322	-90.215964	146.308407	251.19508
1618476793416	-85.88034	193.032551	214.782354
1618476793510	-77.875138	115.747437	251.323524
1618476793604	-126.387444	155.925837	213.395765
1618476793698	-89.138527	164.751562	223.611922
1618476793792	-99.613925	199.86791	231.838866
1618476793886	-83.353731	165.223781	214.731697
1618476793976	-90.334358	187.912329	230.44658
1618476794070	-101.079649	17.384946	264.157071
1618476794164	-78.00996	171.233751	224.656122
1618476794258	-101.0345	148.824495	225.122443
1618476794352	-97.756494	126.834726	221.215609
1618476794446	-103.537467	168.343357	229.065553
1618476794540	-98.353864	249.48733	236.670537
1618476794634	-67.167201	134.371048	243.888411
1618476794728	-57.672693	159.041903	242.387361
1618476794822	-81.056462	77.602986	246.963109
1618476794916	-91.774276	184.448611	235.096946
1618476795010	-86.673286	163.570308	231.485848
1618476795104	-94.977567	173.803748	212.575433
1618476795198	-84.543779	135.29563	253.606956
1618476795293	-111.989642	131.98473	247.949633
1618476795388	-104.624277	197.679256	239.730751
1618476795483	-68.72027	221.874644	204.540779
1618476795578	-98.202429	175.385516	253.258303
1618476795673	-112.339112	187.309099	235.883487
1618476795768	-61.91306	164.183611	228.005976
1618476795863	-112.340567	148.570618	236.861079
1618476795958	-100.84899	151.707966	219.944209
1618476796053	-94.625026	176.661392	242.812171
1618476796148	-90.92528	140.808641	228.627074
1618476796243	-69.634097	208.598239	226.729432
1618476796338	-87.973512	131.858058	245.716045
1618476796429	-80.528017	92.723687	247.121449
1618476796523	-79.798501	172.04698	247.253308
1618476796617	-80.564009	138.413881	249.825159
1618476796711	-101.162372	126.926151	210.845467
1618476796805	-114.397123	116.176271	233.590605
1618476796899	-100.384231	132.840229	204.747232
1618476796993	-98.028167	181.109046	244.463093
1618476797087	-76.180935	179.735525	226.483639
1618476797181	-83.258928	184.802832	227.24895
nan	nan	nan	nan
