1610679591900,0.020824
1610679591993,-0.020293
1610679592086,-0.061178
1610679592179,-0.085854
1610679592272,-0.042726
1610679592365,0.024612
1610679592458,-0.043190
1610679592551,-0.122719
1610679592644,-0.020061
1610679592741,-0.080944
1610679592836,-0.037160
1610679592931,0.002604
1610679593026,0.000826
1610679593121,-0.126082
1610679593216,-0.020757
1610679593311,-0.061835
1610679593406,-0.018051
1610679593501,-0.080944
1610679593596,0.001908
1610679593691,-0.040059
1610679593786,-0.040716
1610679593881,-0.020293
1610679593977,-0.040484
1610679594090,0.022138
1610679594203,0.022370
1610679594316,-0.019636
1610679594429,-0.102527
1610679594542,-0.021182
1610679594655,-0.147626
1610679594768,-0.021839
1610679594881,-0.021878
1610679594994,-0.038281
1610679595107,0.001947
1610679595220,-0.019404
1610679595333,-0.037392
1610679595450,-0.040020
1610679595527,0.001715
1610679595604,-0.083380
1610679595681,-0.039634
1610679595758,0.000826
1610679595835,0.000362
1610679595912,-0.040523
1610679595989,-0.064774
1610679596066,-0.018283
1610679596143,-0.019404
1610679596220,-0.002073
1610679596297,-0.038281
1610679596374,0.041479
1610679596446,-0.040059
1610679596557,-0.018979
1610679596668,-0.040948
1610679596779,0.003029
1610679596890,0.019239
1610679597001,-0.061874
1610679597112,-0.039866
1610679597223,-0.040098
1610679597334,-0.083882
1610679597445,-0.065508
1610679597556,-0.024159
1610679597667,-0.033206
1610679597778,-0.020746
1610679597893,-0.079570
1610679597984,0.015003
1610679598075,-0.193806
1610679598166,0.108853
1610679598257,0.057905
1610679598348,0.177960
1610679598439,0.324138
1610679598530,0.451169
1610679598621,1.049421
1610679598712,0.406649
1610679598803,0.819560
1610679598894,-6.619776
1610679598985,-6.701082
1610679599080,-7.645449
1610679599171,-2.484974
1610679599262,1.192050
1610679599353,3.931419
1610679599444,0.398571
1610679599535,0.208576
1610679599626,0.087467
1610679599717,0.046157
1610679599808,0.022602
1610679599899,0.063023
1610679599990,0.063487
1610679600081,-0.001841
1610679600172,-0.121404
1610679600261,0.023491
1610679600345,0.041904
1610679600429,0.018350
1610679600513,0.023027
1610679600597,-0.000759
1610679600681,-0.019172
1610679600765,-0.063614
1610679600849,0.064802
1610679600933,-0.018940
1610679601017,-0.019868
1610679601101,0.002604
1610679601185,0.023066
1610679601269,0.023259
1610679601355,0.042368
1610679601449,-0.018283
1610679601543,-0.124072
1610679601637,0.063913
1610679601731,0.025502
1610679601825,-0.084308
1610679601919,-0.059632
1610679602013,0.002372
1610679602107,-0.061642
1610679602201,0.000826
1610679602295,-0.023888
1610679602389,-0.022728
1610679602483,-0.062956
1610679602575,-0.017626
1610679602684,-0.081833
1610679602793,-0.020950
1610679602902,-0.039402
1610679603011,0.001483
1610679603120,-0.019172
1610679603229,-0.020950
1610679603338,0.061245
1610679603447,0.021713
1610679603556,-0.019404
1610679603665,0.003261
1610679603774,-0.082065
1610679603883,-0.020525
1610679603987,0.001212
1610679604080,0.065034
1610679604173,-0.040716
1610679604266,-0.062956
1610679604359,0.042368
1610679604452,-0.058279
1610679604545,-0.059825
1610679604638,0.022370
1610679604731,0.001251
1610679604824,0.045268
1610679604917,0.002140
1610679605010,-0.040948
1610679605103,-0.038938
1610679605197,-0.167160
1610679605295,0.002372
1610679605393,-0.019829
1610679605491,-0.017201
1610679605589,-0.104499
1610679605687,0.043489
1610679605785,0.000826
1610679605883,0.042175
1610679605981,-0.000527
1610679606079,0.023259
1610679606177,0.023723
1610679606275,0.041711
1610679606373,-0.079823
1610679606472,0.039933
1610679606567,0.043489
1610679606662,-0.040755
1610679606757,-0.022071
1610679606852,-0.019597
1610679606947,-0.000952
1610679607042,0.002836
1610679607137,0.019703
1610679607232,-0.043190
1610679607327,-0.001841
1610679607422,0.021713
1610679607517,-0.019172
1610679607612,-0.002305
1610679607710,-0.001377
1610679607786,-0.083186
nan,nan
