1610678925552,-0.018918
1610678925645,-0.024196
1610678925738,-0.018253
1610678925831,-0.011994
1610678925924,-0.005692
1610678926017,-0.036311
1610678926110,-0.042341
1610678926203,-0.060671
1610678926300,-0.042613
1610678926394,-0.060714
1610678926488,-0.061161
1610678926582,-0.085433
1610678926676,-0.073319
1610678926770,-0.123063
1610678926864,-0.160071
1610678926958,-0.270431
1610678927052,-0.459237
1610678927146,-0.873367
1610678927240,-2.313859
1610678927334,-4.810892
1610678927428,-0.864606
1610678927519,2.082516
1610678927613,0.317196
1610678927707,3.017824
1610678927801,3.309822
1610678927895,0.712726
1610678927989,1.911870
1610678928083,-0.178235
1610678928177,-0.116023
1610678928271,-0.104695
1610678928365,-0.064716
1610678928459,-0.039633
1610678928553,-0.025672
1610678928647,-0.052616
1610678928740,-0.028709
1610678928835,-0.050044
1610678928930,-0.052582
1610678929025,-0.026258
1610678929120,-0.031590
1610678929215,-0.055339
1610678929310,-0.030760
1610678929405,-0.035461
1610678929500,-0.048066
1610678929595,0.000523
1610678929690,-0.023260
1610678929785,-0.037422
1610678929880,-0.012169
1610678929974,-0.024817
1610678930068,-0.011994
1610678930162,-0.005648
1610678930256,-0.048066
1610678930350,0.013477
1610678930444,-0.017806
1610678930538,-0.035156
1610678930632,-0.011679
1610678930726,-0.023041
1610678930820,-0.030498
1610678930914,-0.030542
1610678931008,-0.054815
1610678931102,-0.030008
1610678931193,-0.006138
1610678931287,-0.042613
1610678931381,0.025548
1610678931475,-0.054727
1610678931569,-0.023662
1610678931663,-0.035733
1610678931757,-0.017806
1610678931851,-0.022998
