1616035543914,24.387272402,171.737566653,-273.162564928
1616035544008,191.312227849,208.609756671,-412.433347474
1616035544102,291.710791167,334.662498721,-752.501277383
1616035544196,33.605335593,180.955606388,-337.688930140
1616035544290,97.131697996,185.173661625,-328.470877958
1616035544382,313.146909329,318.226378806,-751.501277483
1616035544476,107.349762947,199.391699378,-398.997243183
1616035544570,42.823395722,177.955597413,-257.944512904
1616035544664,301.928852772,310.008331597,-724.847120966
1616035544758,285.492728585,307.008353976,-663.320755690
1616035544852,33.605337884,159.519499484,-198.418147730
1616035544946,267.056627517,280.354193822,-686.974912199
1616035545040,197.530279396,245.481966010,-607.012442866
1616035545134,35.605329394,149.301456887,-177.982043345
1616035545228,265.056649814,245.481960055,-606.012442904
1616035545322,235.402467262,283.354198069,-670.538807848
1616035545416,23.387283916,160.519501519,-217.854252041
1616035545510,197.530284113,236.263908534,-505.613869121
1616035545601,257.838599617,326.444427298,-725.847121021
1616035545695,34.605324790,170.737566398,-254.726460606
1616035545789,161.658071453,227.045860893,-404.215295313
1616035545883,265.056639061,308.008337302,-753.501277415
1616035545977,70.477552535,197.391701367,-328.470878038
1616035546071,136.003914234,187.173653073,-301.816721528
1616035546165,328.583001394,344.880549103,-751.501277394
1616035546259,99.131689269,207.609775780,-431.869451674
1616035546353,52.041440079,179.955606206,-216.854252038
1616035546447,301.928855176,292.572224565,-723.847120983
1616035546541,144.221964099,237.263916469,-526.049973393
1616035546635,36.605329260,152.301457038,-200.636199829
1616035546729,255.838585164,282.354182772,-661.320755784
1616035546818,188.312229879,282.354171677,-625.448547209
1616035546912,5.951193133,142.083381940,-172.763991330
1616035547006,124.785849146,234.263928445,-488.177764669
1616035547100,235.402486584,289.572228463,-673.756860150
1616035547194,-13.484924555,169.737553482,-209.636199880
1616035547288,198.530276891,234.263916670,-474.959712583
1616035547382,314.146909987,309.008325903,-755.501277488
1616035547476,33.605336976,174.737552669,-264.944512856
1616035547570,145.221956411,214.827820807,-391.997243073
1616035547664,304.928837148,299.790297038,-753.501277338
1616035547758,43.823385500,190.173661090,-338.688930123
1616035547852,108.349746917,188.173665277,-283.380617126
1616035547946,321.364945236,338.662501443,-751.501277365
1616035548036,102.131704215,208.609758942,-428.869451783
1616035548130,17.169237369,151.301443032,-239.508408567
1616035548224,291.710802294,320.226381861,-686.974912331
1616035548318,172.876130804,233.263904956,-543.486077791
1616035548412,32.605334287,153.301451375,-208.636199866
1616035548506,265.056653144,272.136112789,-635.666599414
1616035548600,201.530283102,244.481961835,-624.448547216
1616035548694,17.169232328,140.083396549,-200.418147721
1616035548788,208.748324690,254.700025909,-548.704129846
1616035548882,266.056637122,282.354183001,-706.411016592
1616035548976,-2.266863668,134.865335005,-218.854252105
1616035549070,201.530276507,253.700021426,-447.305556095
1616035549164,284.492747533,326.444436952,-744.283225283
1616035549256,71.477537775,179.955613672,-217.854251990
1616035549350,135.003927724,206.609742198,-337.688930273
1616035549444,299.928858751,308.008324861,-765.719329656
1616035549538,81.695589473,185.173666356,-339.688930090
1616035549632,80.695610014,188.173643215,-261.944512944
1616035549726,300.928854111,308.008330088,-725.847120976
1616035549820,135.003914137,236.263913991,-451.305556115
1616035549914,53.041451378,159.519489152,-249.508408605
1616035550008,285.492742485,308.008338316,-700.192964437
1616035550102,169.876115611,245.481974234,-561.922182004
1616035550196,14.169221846,125.647304035,-147.109834675
1616035550290,289.710800437,288.572227468,-635.666599347
1616035550384,200.530267939,252.700031079,-517.831921166
1616035550477,19.169229271,150.301452155,-184.982043376
1616035550571,218.966363342,237.263936806,-544.486077586
1616035550665,243.620528959,282.354187326,-712.411016564
1616035550759,15.169226136,154.301455687,-222.854252000
1616035550853,170.876111070,233.263927188,-435.869451707
1616035550947,311.146909921,306.008325978,-758.501277487
1616035551041,42.823389145,178.955604822,-268.944512856
1616035551135,156.439999690,205.609778653,-349.906982200
1616035551229,319.364945370,325.444449130,-763.501277366
1616035551323,88.913646269,187.173661136,-376.343086608
1616035551417,79.695613486,157.519482818,-260.508408646
1616035551511,309.146894330,327.444447866,-768.501277374
1616035551605,105.349748577,236.263924215,-492.959712535
1616035551693,37.605339587,153.301445404,-192.763991257
1616035551787,309.146908648,290.572223089,-723.192964508
1616035551881,153.440005663,252.700032732,-602.140234125
1616035551975,3.951181266,152.301447472,-209.763991244
1616035552069,255.838581408,257.918082680,-621.358286301
1616035552163,236.402475386,281.354188917,-707.320755745
1616035552257,-14.484919607,179.955600070,-225.982043431
1616035552351,199.530287859,233.263904314,-555.613869148
1616035552445,264.056647725,289.572223217,-826.501277477
1616035552539,14.169230660,144.083398428,-356.726460680
1616035552633,188.312226325,248.700019196,-771.666599345
1616035552727,281.492732573,333.662505967,-885.847120851
1616035552821,41.823378407,160.519512596,-431.380617102
1616035552921,121.785854980,204.391713225,-429.816721477
1616035553015,298.928837197,297.790296982,-865.719329500
1616035553109,48.041438039,195.391712827,-460.215295258
1616035553203,78.695596100,176.955606729,-244.290356358
1616035553297,315.364941577,298.790296919,-703.847120853
1616035553391,121.785860589,231.263915553,-466.831921238
1616035553485,29.605345808,129.865334072,-128.418147788
1616035553579,311.364944577,277.354189215,-565.320755743
1616035553673,188.312219879,249.700026458,-472.140234166
1616035553767,37.823378521,156.519512468,-237.470877911
1616035553861,237.620533341,255.918078067,-490.358286331
1616035553955,212.966383680,276.354174701,-580.320755836
1616035554049,-38.921027755,154.519500055,-106.763991241
1616035554138,187.530269271,227.263925255,-419.741660366
1616035554232,275.492748734,292.790279113,-678.411016645
1616035554326,13.387278645,129.083403133,-229.508408488
1616035554420,169.094180211,203.827803736,-393.215295345
1616035554514,286.928845701,285.790287402,-737.283225238
1616035554608,77.913663607,161.955589440,-336.688930249
1616035554702,99.349751085,159.173660580,-309.034773642
1616035554796,279.710796200,290.226388727,-751.501277419
1616035554890,3.169230779,127.737554780,-171.763991225
1616035554984,30.823386819,121.737555281,-244.508408516
1616035555078,287.710805921,262.444429937,-694.192964519
1616035555172,150.221963638,166.481969151,-534.268025552
1616035555266,72.605338977,50.301446090,-189.200095576
1616035555359,363.710790282,134.481978100,-662.320755759
1616035555453,295.530267193,140.481979758,-594.794390616
1616035555547,115.951174386,28.647298737,-128.673730385
1616035555641,354.402479400,190.136132233,-568.140234156
1616035555735,358.620537567,209.354177629,-670.538807979
1616035555829,108.951166345,128.173672929,-180.982043298
1616035555923,291.530259516,199.481988407,-496.395816781
1616035556017,235.440006327,187.827823337,-346.906982248
1616035556111,78.169235261,167.955601891,-244.508408551
1616035556205,186.221967287,224.827808554,-384.779190990
1616035556299,313.710793518,328.008339586,-751.501277400
1616035556393,50.041450470,249.827803145,-330.470878055
1616035556487,70.913647902,225.173659296,-264.944512841
1616035556578,278.146899980,314.354180692,-751.501277415
1616035556673,60.131690678,263.263930679,-428.869451685
1616035556768,-5.394665475,192.737555430,-199.418147706
1616035556863,262.928840892,314.790292819,-725.847120880
1616035556958,113.221961246,257.481971845,-511.831921211
1616035557053,3.605345103,151.083387027,-172.763991297
1616035557148,288.146896970,292.572236246,-690.974912261
1616035557243,180.530269019,266.918082025,-623.448547114
1616035557338,-0.830778057,154.301460411,-161.545938999
1616035557433,231.620534389,253.700024724,-542.486077692
1616035557528,243.838585567,283.354182318,-686.974912273
1616035557623,26.605328927,144.083405251,-190.200095503
1616035557718,185.312208358,226.045882953,-432.869451656
1616035557810,278.492744486,327.444440384,-703.411016614
1616035557904,29.605327253,142.083407138,-256.726460624
1616035557998,120.785867272,227.045855862,-365.343086698
1616035558092,315.364938141,292.572248627,-752.501277314
1616035558186,68.477542033,190.173661037,-349.906982286
1616035558280,259.056652424,299.790270085,-710.629068864
1616035558374,326.582993951,300.790296679,-750.501277340
1616035558468,105.349751704,236.263920692,-450.305556072
1616035558562,27.605336758,189.173657238,-209.636199884
1616035558656,289.710793046,298.790287957,-714.629068749
1616035558750,135.003901959,263.918084197,-542.486077645
1616035558844,31.605325005,145.083409670,-191.200095475
1616035558938,280.492741603,262.918078501,-622.448547137
1616035559029,197.530275841,263.918074338,-623.448547164
1616035559123,13.169236766,125.647287226,-170.763991268
1616035559217,215.966386110,254.700015479,-522.049973428
1616035559311,259.056636481,280.354183724,-709.411016587
1616035559405,107.349745415,236.263927777,-485.177764674
1616035559499,197.530268611,205.609769514,-430.869451715
1616035559593,262.056637203,335.662495880,-723.847120916
1616035559687,34.605333027,152.301452794,-274.162564989
1616035559781,143.221949299,179.955620173,-335.688930051
1616035559875,290.710800044,319.226384396,-753.501277447
1616035559969,51.041444339,210.609757891,-339.688930172
1616035560063,97.131699103,169.737556055,-272.162564996
1616035560157,319.364957137,328.444435873,-714.629068804
1616035560249,110.349755622,214.827811954,-466.741660424
1616035560343,32.605337574,190.173656319,-207.636199890
1616035560437,250.838603911,301.790265974,-717.629068891
1616035560531,13.169235061,160.519497794,-209.636199903
1616035560625,45.823385162,179.955609309,-198.418147695
1616035560719,262.056640284,279.354179439,-633.666599321
1616035560813,199.530279878,298.790278438,-623.448547193
1616035560907,7.951178030,162.519503279,-180.982043382
1616035561001,200.530277289,262.918072707,-539.486077719
1616035561095,264.056646062,278.354172930,-743.283225303
1616035561189,23.387278958,151.301454943,-198.418147681
1616035561283,158.658058989,215.827822774,-387.779190899
1616035561377,291.710795150,317.226389910,-750.501277412
1616035561468,31.605339230,189.173654453,-300.816721519
1616035561562,106.349746033,185.173666272,-331.470877928
1616035561656,45.823390939,154.301446316,-247.508408545
1616035561750,79.695590325,216.827821881,-376.561138743
1616035561844,109.349764745,179.955593030,-244.508408608
1616035561938,310.146918438,326.444420706,-724.847121064
1616035562032,109.349742786,225.045878577,-465.741660331
1616035562126,31.605348207,171.737540016,-180.982043481
1616035562220,282.492747889,290.572227903,-668.538807991
1616035562314,170.876116352,238.263921238,-585.576338495
1616035562408,7.951185590,133.865338277,-182.982043437
1616035562502,264.056650031,269.136116296,-613.230495068
1616035562596,215.966392768,310.008320948,-659.320755902
1616035562686,-11.484925505,170.737554553,-199.418147711
1616035562781,226.184428117,243.481974757,-587.576338486
1616035562876,265.056636663,318.226392165,-714.629068750
1616035562971,33.605342188,188.173651121,-239.290356408
1616035563066,155.440017341,227.045863091,-375.561138813
1616035563161,294.710795435,307.008337427,-751.501277414
1616035563256,33.605339276,199.391706563,-322.252825843
1616035563351,105.349763218,208.609751235,-272.162565082
1616035563446,298.928859095,319.226376635,-753.501277497
1616035563541,88.913650365,218.827813006,-403.215295285
1616035563636,33.605329634,143.083404456,-238.290356317
1616035563731,289.710790663,298.790290641,-725.847120894
1616035563826,169.876109251,255.700033562,-535.268025473
1616035563920,310.146904178,291.572228125,-752.501277446
1616035564014,264.056633390,281.354187206,-680.756860079
1616035564108,204.748327310,252.700022957,-617.230494997
1616035564202,-20.702962625,144.083381122,-198.418147820
1616035564296,244.620529592,263.918082290,-557.922181980
1616035564390,228.184432323,282.354178665,-686.974912296
1616035564484,15.169239668,151.301440442,-236.290356421
1616035564578,170.876119715,233.263917448,-459.523608255
1616035564672,283.492732962,299.790296882,-762.719329501
1616035564766,15.169225993,178.955612333,-270.162564969
1616035564860,124.785850766,217.827822296,-310.034773608
1616035564954,292.710806181,305.008325321,-769.937381815
1616035565048,225.184438096,271.136120000,-670.538808014
1616035565139,79.695608074,189.173645401,-252.726460769
1616035565234,340.801057035,314.226388698,-724.847120934
1616035565329,105.349756964,234.263914766,-493.395816919
1616035565424,31.605329060,142.083405102,-210.636199828
1616035565519,306.146897418,299.790287902,-699.192964426
