1618477288608	-13.311387	250.861206	382.127685
1618477288691	-9.465793	227.860736	370.051063
1618477288784	-20.052607	271.240581	386.576658
1618477288877	-26.225936	224.059604	390.042515
1618477288970	-14.197733	278.401702	387.560672
1618477289063	-3.278153	278.549238	380.722885
1618477289156	-24.2822	254.36967	385.551285
1618477289249	-11.714221	235.810789	391.782128
1618477289342	10.739556	227.832108	371.221315
1618477289435	-14.597243	254.306233	373.868744
1618477289528	-35.13997	234.465139	374.605977
1618477289621	8.732286	259.96029	375.136463
1618477289714	-4.03894	261.960248	374.432314
1618477289807	2.178606	247.166508	394.74322
1618477289906	-18.07214	283.091041	360.958471
1618477290001	-6.081544	269.294852	388.148972
1618477290096	-13.843976	256.280071	396.423426
1618477290191	-5.983132	263.988399	377.999646
1618477290286	-11.465041	295.428256	390.366159
1618477290381	17.390907	241.036807	372.587359
1618477290476	-10.237777	303.359712	379.544676
1618477290571	-3.823047	304.118661	361.222017
1618477290666	-20.560154	259.47681	371.304669
1618477290761	15.181503	239.414	381.154585
1618477290856	1.937185	273.15771	376.67174
1618477290951	-21.583055	244.975147	367.007507
1618477291046	-9.872629	286.379094	402.197009
1618477291146	-22.899899	264.627097	372.633555
1618477291239	18.039426	274.787749	385.641349
1618477291332	-40.170352	255.934291	374.694784
1618477291425	-10.119967	287.298635	376.468406
1618477291518	-18.749276	280.912713	374.068792
1618477291611	-20.910139	236.07613	390.085727
1618477291704	-13.172682	242.617942	379.628278
1618477291797	-2.832463	263.354318	374.959063
1618477291890	1.497703	281.024568	389.478402
1618477291983	-6.729372	261.786679	381.563542
1618477292076	4.304258	311.269225	367.582032
1618477292169	5.526975	260.691779	394.829716
1618477292262	5.223416	278.725095	378.601481
1618477292361	11.928335	263.58236	397.884843
1618477292456	-19.036314	281.950619	371.022965
1618477292551	-5.504971	236.523553	370.086756
1618477292646	-6.61763	253.184556	362.905548
1618477292741	-26.634449	216.825186	397.315659
1618477292836	-32.464211	248.971808	388.051625
1618477292931	0.221849	244.756167	389.809841
1618477293026	-3.333022	246.475372	382.394117
1618477293121	7.912104	295.696839	380.729775
1618477293216	-16.584274	267.923896	366.087802
1618477293311	-1.676112	249.902768	385.519544
1618477293406	-30.678291	268.747436	372.27986
1618477293501	-12.868495	263.470599	361.957734
1618477293595	-19.359802	259.423546	370.63746
1618477293689	7.91301	267.229426	376.271924
1618477293783	-19.9709	277.833291	371.478807
1618477293877	-25.448907	285.268978	378.410997
1618477293971	-16.729738	289.908779	364.981191
1618477294065	-11.922204	277.253216	394.955398
1618477294159	-5.138086	265.438645	387.698895
1618477294253	-12.077206	259.560782	382.12364
1618477294347	-18.117956	261.560295	381.980602
1618477294441	-21.707006	256.754447	380.21646
1618477294535	-2.461714	232.16037	389.515569
1618477294629	-5.446878	242.628075	362.44818
1618477294723	-32.952822	252.611897	362.281595
1618477294814	-22.068781	298.13092	383.781949
1618477294909	-5.458799	280.737534	371.376015
1618477295004	-13.610131	223.641948	388.778815
1618477295099	1.467196	248.636304	381.324695
1618477295194	-31.042359	250.84783	362.914198
1618477295289	-29.793514	250.692531	378.150326
1618477295384	12.225072	255.48799	380.669932
1618477295479	-15.587499	248.843386	392.072942
1618477295574	-3.303989	250.056146	398.21133
1618477295669	-24.353694	269.925761	373.736025
1618477295764	-28.333175	233.114536	384.559035
1618477295859	9.028805	269.050011	374.511395
1618477295954	1.592209	241.972598	369.190163
1618477296047	-0.950276	267.012446	364.216515
1618477296141	-7.245192	285.109722	380.618711
1618477296235	-11.138701	230.979447	381.17814
1618477296329	-7.198206	249.06591	400.112023
1618477296423	-17.575722	221.906071	360.876701
1618477296517	0.110711	266.701538	380.555964
1618477296611	0.075556	255.188388	360.938386
1618477296705	-7.233437	293.022165	357.404234
1618477296799	-12.53277	253.487473	393.52035
1618477296893	-11.703846	280.208719	369.927129
1618477296987	6.614223	224.805244	373.66869
1618477297081	3.654726	270.327607	349.675406
1618477297175	-6.318165	201.260682	347.429074
1618477297268	-6.068544	262.298367	312.302837
1618477297363	-6.231545	248.123907	323.077887
1618477297458	-12.050062	232.206049	325.356612
1618477297553	-33.34659	241.174599	344.50478
1618477297648	5.421672	251.852822	392.017937
1618477297743	-30.053936	279.750251	414.614593
1618477297838	-18.035975	230.311055	398.211155
1618477297933	-10.741271	252.219445	373.274366
1618477298028	-13.659177	230.023208	353.244412
1618477298123	-11.22221	236.332502	342.610855
1618477298218	-15.560253	247.119383	312.981319
1618477298313	-13.568605	281.29628	281.125908
1618477298408	-15.465426	285.108309	263.656642
1618477298499	-2.707071	261.412297	307.236135
1618477298593	-22.804194	265.536461	425.429265
1618477298687	-20.865398	238.63666	434.928384
1618477298781	-20.22894	248.251002	472.606283
1618477298875	-17.772997	211.40415	465.111853
1618477298969	-29.109137	249.244659	459.446218
1618477299063	-55.990679	265.151538	418.921172
1618477299157	-36.936397	302.831533	426.632532
1618477299251	-60.90762	352.138587	414.263844
1618477299345	-0.21924	408.86594	394.734781
1618477299439	-59.337389	310.363071	395.536188
1618477299533	-92.971529	386.816196	402.194195
1618477299627	6.103671	398.70867	385.521317
1618477299726	79.685354	270.488242	399.271849
1618477299820	26.746785	249.67186	398.076481
1618477299914	-32.504397	198.090967	381.127957
1618477300008	-29.828714	262.491456	383.742214
1618477300102	-74.735245	286.437643	380.18923
1618477300196	-120.853885	342.942857	366.6024
1618477300290	-155.204554	483.146174	377.071
1618477300384	-67.004153	547.392535	385.106054
1618477300478	-72.843279	537.548138	376.30547
1618477300572	41.672121	480.450681	380.883187
1618477300666	41.583962	393.065761	383.329658
1618477300760	67.856614	363.396386	394.886991
1618477300854	57.267491	305.142941	383.007085
1618477300943	46.346242	263.231375	369.311487
1618477301037	39.982497	325.596522	373.955418
1618477301131	12.272375	241.433572	382.162192
1618477301225	11.137936	243.466224	370.435219
1618477301319	20.723947	269.309451	377.798442
1618477301413	5.74355	284.500714	392.122311
1618477301507	3.095763	260.750778	377.491208
1618477301601	7.414432	276.40591	397.65234
1618477301695	5.963905	273.253824	374.055924
1618477301789	2.704363	271.819703	385.302207
1618477301883	-21.582595	278.525523	390.712063
1618477301977	-3.110965	284.664212	371.774019
1618477302071	19.72435	251.72261	387.300029
1618477302161	-4.776934	283.353435	382.620928
1618477302255	-6.337206	254.550919	367.954584
1618477302349	-0.850838	246.244107	367.78557
1618477302443	0.29572	240.589865	368.541393
1618477302537	-14.936041	290.73346	397.425737
1618477302631	-15.067604	226.291362	370.299539
1618477302725	-10.981303	261.680596	371.329039
1618477302819	-4.902258	246.176671	386.431616
1618477302913	6.037415	262.106188	376.448521
1618477303007	-24.559285	261.991601	367.131591
1618477303101	0.10516	286.555197	396.8408
1618477303195	-13.623893	266.587173	375.396222
1618477303289	-23.978591	257.038608	390.12703
1618477303379	-3.298362	223.410285	370.229722
1618477303474	-13.283695	238.755926	379.947889
1618477303569	-29.184312	251.266817	381.23973
1618477303664	-12.30151	261.788396	372.163527
1618477303759	3.874814	261.699264	377.58152
1618477303854	-13.950503	266.88182	371.140568
1618477303949	-22.217541	235.987484	379.268533
1618477304044	-2.373205	270.915712	370.485701
1618477304139	-25.225565	269.293076	363.501543
1618477304234	-2.457268	270.292652	385.614144
1618477304329	-4.077945	247.362504	380.79015
1618477304424	13.069901	268.514674	389.480422
1618477304519	-0.555863	264.558179	388.165994
1618477304608	11.652495	272.889867	390.731587
1618477304703	2.916691	212.635783	371.35789
1618477304798	-15.004109	254.551179	385.936627
1618477304893	-4.169575	249.948664	382.053185
1618477304988	12.034772	241.558294	382.775187
1618477305083	-18.18862	227.124736	387.488711
1618477305178	-20.058576	290.950968	390.642168
1618477305273	-0.072764	298.676671	380.108153
1618477305368	-9.005031	239.292396	375.73425
1618477305463	-16.083228	263.797157	366.254913
1618477305558	0.57814	250.568769	397.174431
1618477305653	-14.141768	257.548805	373.667023
1618477305748	-5.792197	272.556764	365.53426
1618477305844	3.353095	239.277425	378.470326
1618477305938	-3.471597	239.331207	371.01717
1618477306032	-0.160775	248.562743	384.365413
1618477306126	-12.890821	235.936354	387.181372
1618477306220	-8.761681	221.058465	369.398129
1618477306314	5.018459	238.38505	386.004818
1618477306408	-0.104521	255.806467	372.63711
1618477306502	-7.946745	258.111219	363.522547
1618477306596	-30.392358	271.278575	379.037267
1618477306690	-11.603831	232.297522	365.233647
1618477306784	-12.384013	291.280444	374.100809
1618477306878	-11.069814	224.140384	398.702039
1618477306972	-7.280502	292.839328	382.955843
1618477307060	-17.407096	275.33438	365.489232
1618477307154	-5.468311	243.857713	400.196019
1618477307248	-15.950569	220.113295	374.24094
1618477307342	-9.349408	255.848737	386.68275
1618477307436	-12.73298	260.044396	383.025339
1618477307530	-11.594354	244.743632	371.843464
1618477307624	-16.215721	248.563945	380.778843
1618477307718	-0.661602	249.097004	385.265536
1618477307812	-9.03154	254.158198	388.200012
1618477307906	-4.383873	275.96069	385.774974
1618477308000	-5.673993	287.003333	374.025296
1618477308094	-17.280178	258.949596	392.73663
1618477308188	5.024818	236.281056	397.263143
1618477308277	-12.727238	241.490211	379.932098
1618477308371	-6.968169	273.517327	391.874176
1618477308465	-9.943982	281.806703	385.433512
1618477308559	-6.629583	250.112354	386.441339
1618477308653	-6.261183	240.494575	360.615258
1618477308747	-0.959837	254.121036	390.364657
1618477308841	-3.955515	273.859951	377.868122
