1610678477762,163.014554934,208.992713047,440.000031703
1610678477856,167.014546525,209.992717257,440.000031684
1610678477950,162.014542383,211.992719330,436.000031675
1610678478041,167.014543298,207.992718872,437.000031677
1610678478134,165.014544475,210.992718283,435.000031680
1610678478227,165.014554819,208.992713104,439.000031702
1610678478320,164.014560792,208.992710114,437.000031715
1610678478413,162.014552501,210.992714265,435.000031697
1610678478506,166.014549270,207.992715882,435.000031690
1610678478599,165.014547064,208.992716987,435.000031685
1610678478692,165.014561698,211.992709660,439.000031717
1610678478785,166.014542606,209.992719219,444.000031676
1610678478878,165.014561698,211.992709660,439.000031717
1610678478971,162.014557029,208.992711998,436.000031707
1610678479064,168.014558850,207.992711086,439.000031711
1610678479157,165.014543412,207.992718815,438.000031677
1610678479256,163.014557935,211.992711544,438.000031709
1610678479350,164.014551962,211.992714534,440.000031696
1610678479444,161.014553522,213.992713753,438.000031700
1610678479538,165.014552880,208.992714075,438.000031698
1610678479632,167.014556643,208.992712191,439.000031706
1610678479726,166.014550559,209.992715237,437.000031693
1610678479820,165.014554819,208.992713104,439.000031702
1610678479914,164.014561442,206.992709788,436.000031717
1610678480008,166.014554210,210.992713409,434.000031701
1610678480102,163.014560524,209.992710248,438.000031715
1610678480196,163.014552769,209.992714130,434.000031698
1610678480290,165.014557820,211.992711601,437.000031709
1610678480384,162.014546911,209.992717063,437.000031685
1610678480474,165.014555881,211.992712572,436.000031705
1610678480568,165.014557408,206.992711808,439.000031708
1610678480662,162.014558968,208.992711027,437.000031711
1610678480756,163.014557523,206.992711750,440.000031708
1610678480850,165.014542762,209.992719140,439.000031676
1610678480944,162.014546261,211.992717389,438.000031684
1610678481038,166.014560027,210.992710497,437.000031714
1610678481132,165.014548352,210.992716342,437.000031688
1610678481226,167.014560521,208.992710249,441.000031715
1610678481320,165.014554169,210.992713430,440.000031701
1610678481414,165.014557408,206.992711808,439.000031708
1610678481508,163.014542877,209.992719083,440.000031676
1610678481602,165.014550291,210.992715371,438.000031692
1610678481694,164.014560792,208.992710114,437.000031715
1610678481788,165.014543186,208.992718928,433.000031677
1610678481882,164.014551324,207.992714854,437.000031695
1610678481976,167.014550827,208.992715103,436.000031694
1610678482070,167.014547175,207.992716931,439.000031686
1610678482164,164.014540555,210.992720245,439.000031671
1610678482258,164.014542268,211.992719388,435.000031675
1610678482352,165.014553943,211.992713543,435.000031700
1610678482446,164.014555202,207.992712912,439.000031703
1610678482540,164.014560792,208.992710114,437.000031715
1610678482634,162.014561557,206.992709731,437.000031717
1610678482728,165.014547928,211.992716554,443.000031687
1610678482822,165.014540823,209.992720111,438.000031672
1610678482913,163.014549117,208.992715959,437.000031690
1610678483007,164.014543145,208.992718949,439.000031677
1610678483101,167.014543298,207.992718872,437.000031677
1610678483195,162.014549500,207.992715767,437.000031691
1610678483289,165.014547064,208.992716987,435.000031685
1610678483383,167.014544586,209.992718227,439.000031680
1610678483477,164.014544207,211.992718417,436.000031679
1610678483571,163.014547829,206.992716604,435.000031687
1610678483665,166.014543030,208.992719006,438.000031677
1610678483759,165.014541247,208.992719899,432.000031673
1610678483853,164.014549385,207.992715825,436.000031690
1610678483947,161.014541465,214.992719790,438.000031673
1610678484041,163.014561175,207.992709922,437.000031716
1610678484131,166.014560027,210.992710497,437.000031714
1610678484225,167.014552341,209.992714345,443.000031697
1610678484319,165.014549003,208.992716016,436.000031690
1610678484413,166.014552498,209.992714266,438.000031697
1610678484507,164.014549385,207.992715825,436.000031690
1610678484601,164.014556264,210.992712381,436.000031705
1610678484695,164.014544207,211.992718417,436.000031679
1610678484789,164.014548735,209.992716150,437.000031689
1610678484883,163.014551056,208.992714988,438.000031694
1610678484977,164.014550674,209.992715179,438.000031693
1610678485071,164.014558853,208.992711084,436.000031711
1610678485165,165.014554169,210.992713430,440.000031701
1610678485259,166.014560677,208.992710171,436.000031715
1610678485351,167.014548888,208.992716074,435.000031689
1610678485445,162.014545610,213.992717714,439.000031682
1610678485539,165.014555243,207.992712892,433.000031703
1610678485633,167.014549114,207.992715960,440.000031690
1610678485727,165.014553107,207.992713961,443.000031699
1610678485821,165.014547064,208.992716987,435.000031685
1610678485915,163.014548467,210.992716284,438.000031688
1610678486009,166.014556149,210.992712438,435.000031705
1610678486103,162.014549500,207.992715767,437.000031691
1610678486197,166.014547558,206.992716739,439.000031687
1610678486291,165.014561060,207.992709980,436.000031716
1610678486385,162.014560907,208.992710056,438.000031716
1610678486479,166.014550559,209.992715237,437.000031693
1610678486568,164.014543795,206.992718623,438.000031678
1610678486662,162.014544322,211.992718360,437.000031679
1610678486756,165.014554593,209.992713217,434.000031702
1610678486850,164.014560792,208.992710114,437.000031715
1610678486944,165.014554593,209.992713217,434.000031702
1610678487038,164.014548735,209.992716150,437.000031689
1610678487132,167.014541997,211.992719524,439.000031674
1610678487226,165.014541049,208.992719998,443.000031672
1610678487320,165.014557820,211.992711601,437.000031709
1610678487414,166.014543030,208.992719006,438.000031677
1610678487508,165.014547064,208.992716987,435.000031685
1610678487602,166.014541091,208.992719977,437.000031672
1610678487696,164.014543795,206.992718623,438.000031678
1610678487789,163.014559236,207.992710893,436.000031712
1610678487883,167.014541359,207.992719843,436.000031673
1610678487977,165.014556532,209.992712247,435.000031706
1610678488071,165.014560409,209.992710305,437.000031715
1610678488165,162.014558968,208.992711027,437.000031711
1610678488259,164.014558853,208.992711084,436.000031711
1610678488353,163.014552119,211.992714456,435.000031696
1610678488447,163.014551056,208.992714988,438.000031694
1610678488541,81.892316157,250.108661002,439.816802275
1610678488635,165.014543412,207.992718815,438.000031677
1610678488729,163.014551056,208.992714988,438.000031694
1610678488823,166.014546031,211.992717504,436.000031683
1610678488917,164.014543795,206.992718623,438.000031678
1610678489007,167.014554704,208.992713162,438.000031702
1610678489101,162.014550789,209.992715122,439.000031694
1610678489195,167.014550176,210.992715428,437.000031692
1610678489289,168.014554322,209.992713353,438.000031701
1610678489383,165.014541474,207.992719786,437.000031673
1610678489477,165.014555881,211.992712572,436.000031705
1610678489571,162.014558318,210.992711352,438.000031710
1610678489665,164.014548735,209.992716150,437.000031689
1610678489759,163.014557297,207.992711864,435.000031708
1610678489853,164.014544857,209.992718091,435.000031681
1610678489947,161.014550945,209.992715044,434.000031694
1610678490041,166.014544092,211.992718475,435.000031679
1610678490135,164.014560792,208.992710114,437.000031715
1610678490227,163.014558812,208.992711105,442.000031711
1610678490321,164.014542918,209.992719062,434.000031676
1610678490415,164.014556264,210.992712381,436.000031705
1610678490509,165.014543412,207.992718815,438.000031677
1610678490603,165.014558471,209.992711276,436.000031710
1610678490697,164.014549385,207.992715825,436.000031690
1610678490791,164.014543145,208.992718949,439.000031677
1610678490885,162.014546911,209.992717063,437.000031685
1610678490979,166.014558088,210.992711467,436.000031709
1610678491073,166.014542379,210.992719332,439.000031675
1610678491167,164.014556914,208.992712055,435.000031707
1610678491261,164.014548735,209.992716150,437.000031689
1610678491355,165.014547290,207.992716873,440.000031686
1610678491445,161.014545355,208.992717842,436.000031682
1610678491539,167.014561171,206.992709924,440.000031716
1610678491633,167.014549114,207.992715960,440.000031690
1610678491727,165.014542762,209.992719140,439.000031676
1610678491821,166.014556149,210.992712438,435.000031705
1610678491915,165.014545351,207.992717844,439.000031682
1610678492009,163.014557523,206.992711750,440.000031708
1610678492103,165.014558471,209.992711276,436.000031710
1610678492197,164.014544207,211.992718417,436.000031679
1610678492291,165.014560409,209.992710305,437.000031715
1610678492385,163.014556647,209.992712189,436.000031706
1610678492479,166.014545619,206.992717710,438.000031682
1610678492573,167.014540708,209.992720169,437.000031672
1610678492663,165.014540823,209.992720111,438.000031672
1610678492757,167.014540708,209.992720169,437.000031672
1610678492851,165.014543412,207.992718815,438.000031677
1610678492945,162.014557029,208.992711998,436.000031707
1610678493039,165.014556532,209.992712247,435.000031706
1610678493133,167.014558582,208.992711220,440.000031711
1610678493227,164.014554325,210.992713351,435.000031701
1610678493321,164.014541856,206.992719594,437.000031674
1610678493415,164.014561442,206.992709788,436.000031717
1610678493509,167.014555355,206.992712836,437.000031703
1610678493603,162.014544322,211.992718360,437.000031679
1610678493697,163.014543527,207.992718757,439.000031678
1610678493791,162.014545622,207.992717708,435.000031682
1610678493883,165.014550291,210.992715371,438.000031692
1610678493977,164.014553263,207.992713883,438.000031699
1610678494071,164.014544857,209.992718091,435.000031681
1610678494165,163.014554708,209.992713160,435.000031702
1610678494259,165.014542536,210.992719254,434.000031676
1610678494353,166.014550559,209.992715237,437.000031693
1610678494447,162.014556379,210.992712323,437.000031706
1610678494541,163.014552119,211.992714456,435.000031696
1610678494635,162.014555090,208.992712968,435.000031703
1610678494729,164.014543145,208.992718949,439.000031677
1610678494823,164.014549385,207.992715825,436.000031690
1610678494917,164.014550674,209.992715179,438.000031693
1610678495011,165.014552654,209.992714188,433.000031698
1610678495102,164.014541206,208.992719920,438.000031673
1610678495196,163.014553645,206.992713692,438.000031700
1610678495290,166.014543680,206.992718681,437.000031678
1610678495384,162.014552501,210.992714265,435.000031697
1610678495478,165.014555469,206.992712778,438.000031704
1610678495572,166.014561327,206.992709846,435.000031717
1610678495666,162.014557029,208.992711998,436.000031707
1610678495760,166.014552922,208.992714054,432.000031698
1610678495854,162.014543033,209.992719005,435.000031677
1610678495948,164.014544857,209.992718091,435.000031681
1610678496042,165.014554819,208.992713104,439.000031702
1610678496136,166.014541091,208.992719977,437.000031672
1610678496230,164.014550674,209.992715179,438.000031693
1610678496321,162.014543033,209.992719005,435.000031677
1610678496415,163.014544589,210.992718226,436.000031680
1610678496509,162.014550789,209.992715122,439.000031694
1610678496603,165.014543412,207.992718815,438.000031677
1610678496697,167.014543936,211.992718553,440.000031679
1610678496791,163.014541588,207.992719728,438.000031674
1610678496885,168.014552383,209.992714324,437.000031697
1610678496979,164.014543145,208.992718949,439.000031677
1610678497073,165.014546413,210.992717312,436.000031684
1610678497167,166.014552498,209.992714266,438.000031697
1610678497261,164.014546796,209.992717121,436.000031685
1610678497355,165.014550941,208.992715045,437.000031694
1610678497449,164.014546796,209.992717121,436.000031685
1610678497539,167.014554704,208.992713162,438.000031702
1610678497633,166.014552498,209.992714266,438.000031697
1610678497727,164.014544857,209.992718091,435.000031681
1610678497821,165.014549003,208.992716016,436.000031690
1610678497915,163.014560524,209.992710248,438.000031715
1610678498009,163.014552995,208.992714017,439.000031698
1610678498103,163.014561175,207.992709922,437.000031716
1610678498197,165.014553304,207.992713862,432.000031699
1610678498291,166.014557224,207.992711900,428.000031708
1610678498385,165.014547233,209.992716902,408.000031686
1610678498479,166.014556840,208.992712092,323.000031707
1610678498573,164.014554106,208.992713461,156.000031701
1610678498667,165.014548477,207.992716279,374.000031689
1610678498759,167.014544643,207.992718199,471.000031680
1610678498854,167.014551013,207.992715010,552.000031694
1610678498949,166.014558642,210.992711190,514.000031711
1610678499044,167.014558808,207.992711107,445.000031711
1610678499139,172.014543109,207.992718967,429.000031677
1610678499234,171.014552011,207.992714510,373.000031696
1610678499329,170.014548475,206.992716280,482.000031689
1610678499424,174.014544877,209.992718082,397.000031681
1610678499519,176.014551427,207.992714802,387.000031695
1610678499614,180.014558585,206.992711219,427.000031711
1610678499709,195.014560242,203.992710389,441.000031714
1610678499804,205.014557955,202.992711534,440.000031709
1610678499899,225.014551031,195.992715001,439.000031694
1610678499993,260.014556157,159.992712434,440.000031705
1610678500088,411.014560504,58.992710258,437.000031715
1610678500183,429.014560358,265.992710331,439.000031714
1610678500278,107.014553811,273.992713609,437.000031700
1610678500373,185.014549995,219.992715519,440.000031692
1610678500468,108.014542267,334.992719388,438.000031675
1610678500563,73.014553145,276.992713942,438.000031699
1610678500658,100.014557293,214.992711866,436.000031708
1610678500753,189.014561411,213.992709804,440.000031717
1610678500848,207.014561661,289.992709679,438.000031717
1610678500943,205.014544463,319.992718289,439.000031680
1610678501038,101.014547962,466.992716537,438.000031687
1610678501133,63.014544445,349.992718298,437.000031680
1610678501228,31.014560711,199.992710154,438.000031715
1610678501322,111.014553315,150.992713857,436.000031699
1610678501416,149.014560379,163.992710320,436.000031714
1610678501510,160.014545164,184.992717938,437.000031681
1610678501604,164.014553101,189.992713964,437.000031699
1610678501698,167.014557544,193.992711740,435.000031708
1610678501792,167.014549776,199.992715629,435.000031691
1610678501886,165.014560648,202.992710186,438.000031715
1610678501980,169.014543833,205.992718604,435.000031678
1610678502074,167.014554066,204.992713481,435.000031701
1610678502168,167.014543298,207.992718872,437.000031677
1610678502262,165.014553531,206.992713749,437.000031700
1610678502356,167.014543948,205.992718547,436.000031679
1610678502446,166.014546269,204.992717385,437.000031684
1610678502540,167.014560295,209.992710363,436.000031714
1610678502634,167.014553416,206.992713807,436.000031699
1610678502728,166.014541741,206.992719651,436.000031674
1610678502822,163.014543301,208.992718871,434.000031677
1610678502916,164.014556914,208.992712055,435.000031707
1610678503010,166.014540441,210.992720303,438.000031671
1610678503104,163.014550406,210.992715313,439.000031693
1610678503198,163.014558585,209.992711218,437.000031711
1610678503292,165.014544063,205.992718489,437.000031679
1610678503386,166.014544969,208.992718036,439.000031681
1610678503480,165.014553531,206.992713749,437.000031700
1610678503574,162.014556379,210.992712323,437.000031706
1610678503665,162.014542383,211.992719330,436.000031675
1610678503760,164.014557565,206.992711729,434.000031708
1610678503855,166.014556799,208.992712113,434.000031707
1610678503950,167.014540708,209.992720169,437.000031672
1610678504045,162.014543033,209.992719005,435.000031677
1610678504140,168.014540976,208.992720035,436.000031672
1610678504235,164.014558853,208.992711084,436.000031711
1610678504330,165.014547064,208.992716987,435.000031685
1610678504425,163.014560750,208.992710134,443.000031715
1610678504520,166.014544969,208.992718036,439.000031681
1610678504615,163.014549768,206.992715633,436.000031691
1610678504710,164.014546796,209.992717121,436.000031685
1610678504805,165.014545775,206.992717632,433.000031683
1610678504901,165.014551592,206.992714720,436.000031695
1610678504996,166.014550559,209.992715237,437.000031693
1610678505091,163.014549117,208.992715959,437.000031690
1610678505186,166.014556149,210.992712438,435.000031705
1610678505281,164.014540555,210.992720245,439.000031671
1610678505376,241.555300852,170.171801157,437.168925763
1610678505471,165.014550941,208.992715045,437.000031694
1610678505566,164.014561442,206.992709788,436.000031717
1610678505661,158.014547552,214.992716742,437.000031687
1610678505756,163.014543301,208.992718871,434.000031677
1610678505851,164.014557791,205.992711616,439.000031709
1610678505946,166.014545619,206.992717710,438.000031682
1610678506041,163.014540712,210.992720167,434.000031672
1610678506133,167.014552765,208.992714132,437.000031698
1610678506227,164.014561442,206.992709788,436.000031717
1610678506321,166.014559389,206.992710816,434.000031712
1610678506415,167.014554704,208.992713162,438.000031702
1610678506509,166.014556149,210.992712438,435.000031705
1610678506603,163.014561175,207.992709922,437.000031716
1610678506697,164.014545734,206.992717653,439.000031683
1610678506791,164.014548735,209.992716150,437.000031689
1610678506885,162.014552501,210.992714265,435.000031697
1610678506979,163.014549768,206.992715633,436.000031691
1610678507073,165.014552880,208.992714075,438.000031698
1610678507167,166.014543030,208.992719006,438.000031677
1610678507261,163.014554708,209.992713160,435.000031702
1610678507351,167.014541359,207.992719843,436.000031673
1610678507445,164.014545734,206.992717653,439.000031683
1610678507539,165.014555231,213.992712898,437.000031703
1610678507633,163.014556647,209.992712189,436.000031706
1610678507727,164.014559503,206.992710759,435.000031713
1610678507821,163.014556647,209.992712189,436.000031706
1610678507915,162.014552501,210.992714265,435.000031697
1610678508009,163.014561175,207.992709922,437.000031716
1610678508103,165.014559121,207.992710950,435.000031712
1610678508197,164.014561442,206.992709788,436.000031717
1610678508291,165.014540823,209.992720111,438.000031672
1610678508385,166.014552498,209.992714266,438.000031697
1610678508479,163.014551707,206.992714662,437.000031696
1610678508569,162.014554440,210.992713294,436.000031702
1610678508663,162.014545622,207.992717708,435.000031682
1610678508757,163.014546528,210.992717255,437.000031684
1610678508851,166.014547332,207.992716853,434.000031686
1610678508945,164.014558853,208.992711084,436.000031711
1610678509039,163.014558585,209.992711218,437.000031711
1610678509133,164.014558853,208.992711084,436.000031711
1610678509227,165.014555469,206.992712778,438.000031704
1610678509321,165.014550941,208.992715045,437.000031694
1610678509415,165.014548579,209.992716228,442.000031689
1610678509509,166.014551209,207.992714911,436.000031694
1610678509603,165.014540823,209.992720111,438.000031672
1610678509697,165.014553531,206.992713749,437.000031700
1610678509789,167.014541359,207.992719843,436.000031673
1610678509884,167.014552765,208.992714132,437.000031698
1610678509979,165.014548352,210.992716342,437.000031688
1610678510074,165.014553943,211.992713543,435.000031700
1610678510169,164.014545083,208.992717978,440.000031681
1610678510264,162.014551439,207.992714796,438.000031695
1610678510359,167.014561583,211.992709718,438.000031717
1610678510454,164.014556914,208.992712055,435.000031707
1610678510549,163.014559874,211.992710573,439.000031713
1610678510644,162.014557029,208.992711998,436.000031707
1610678510739,164.014554975,208.992713026,434.000031703
1610678510834,164.014543795,206.992718623,438.000031678
1610678510929,165.014547714,206.992716661,434.000031687
1610678511024,162.014561557,206.992709731,437.000031717
1610678511118,163.014561175,207.992709922,437.000031716
1610678511212,166.014544969,208.992718036,439.000031681
1610678511306,164.014548735,209.992716150,437.000031689
1610678511400,162.014557029,208.992711998,436.000031707
1610678511494,166.014558088,210.992711467,436.000031709
1610678511588,165.014540823,209.992720111,438.000031672
1610678511682,167.014555355,206.992712836,437.000031703
1610678511776,162.014557029,208.992711998,436.000031707
1610678511870,165.014561060,207.992709980,436.000031716
1610678511964,165.014547064,208.992716987,435.000031685
1610678512058,162.014545622,207.992717708,435.000031682
1610678512152,163.014550830,209.992715101,433.000031694
1610678512243,163.014559236,207.992710893,436.000031712
1610678512338,163.014551707,206.992714662,437.000031696
1610678512433,164.014546146,211.992717446,437.000031683
1610678512528,163.014561175,207.992709922,437.000031716
1610678512623,165.014551592,206.992714720,436.000031695
1610678512718,167.014556643,208.992712191,439.000031706
1610678512813,163.014559236,207.992710893,436.000031712
1610678512908,165.014541885,212.992719579,435.000031674
1610678513003,165.014556758,208.992712133,440.000031707
1610678513098,165.014552880,208.992714075,438.000031698
1610678513193,164.014546146,211.992717446,437.000031683
1610678513288,165.014557820,211.992711601,437.000031709
1610678513383,167.014552765,208.992714132,437.000031698
1610678513477,163.014552995,208.992714017,439.000031698
1610678513571,163.014549117,208.992715959,437.000031690
1610678513665,164.014551324,207.992714854,437.000031695
1610678513759,165.014545775,206.992717632,433.000031683
1610678513853,167.014554704,208.992713162,438.000031702
1610678513947,165.014545125,208.992717957,434.000031681
1610678514041,164.014542918,209.992719062,434.000031676
1610678514135,164.014542268,211.992719388,435.000031675
1610678514229,165.014555881,211.992712572,436.000031705
1610678514323,167.014555355,206.992712836,437.000031703
1610678514417,165.014547290,207.992716873,440.000031686
1610678514511,165.014560409,209.992710305,437.000031715
1610678514605,165.014546413,210.992717312,436.000031684
1610678514694,164.014560792,208.992710114,437.000031715
1610678514788,165.014558697,208.992711163,441.000031711
1610678514882,163.014554057,211.992713485,436.000031701
1610678514976,162.014561557,206.992709731,437.000031717
1610678515070,163.014558585,209.992711218,437.000031711
1610678515164,165.014549653,206.992715690,435.000031691
1610678515258,163.014549117,208.992715959,437.000031690
1610678515352,164.014561442,206.992709788,436.000031717
1610678515446,166.014543030,208.992719006,438.000031677
1610678515540,161.014556111,211.992712457,438.000031705
1610678515634,167.014549538,206.992715748,434.000031691
1610678515728,165.014540597,210.992720224,433.000031671
1610678515822,165.014549003,208.992716016,436.000031690
1610678515913,162.014546911,209.992717063,437.000031685
1610678516007,163.014546528,210.992717255,437.000031684
1610678516101,162.014544972,209.992718034,436.000031681
1610678516195,165.014548352,210.992716342,437.000031688
1610678516289,164.014560142,210.992710439,438.000031714
1610678516383,165.014555469,206.992712778,438.000031704
1610678516477,162.014558968,208.992711027,437.000031711
1610678516571,162.014559618,206.992710701,436.000031713
1610678516665,164.014556914,208.992712055,435.000031707
1610678516759,162.014546911,209.992717063,437.000031685
1610678516853,163.014540712,210.992720167,434.000031672
1610678516947,168.014554746,208.992713141,432.000031702
1610678517041,160.014548088,212.992716474,435.000031688
1610678517133,163.014553645,206.992713692,438.000031700
1610678517227,163.014545890,206.992717574,434.000031683
1610678517321,165.014560409,209.992710305,437.000031715
1610678517415,164.014545083,208.992717978,440.000031681
1610678517509,163.014553419,207.992713805,433.000031699
1610678517603,164.014551324,207.992714854,437.000031695
1610678517697,166.014559389,206.992710816,434.000031712
1610678517791,162.014559618,206.992710701,436.000031713
1610678517885,166.014556149,210.992712438,435.000031705
1610678517979,164.014556264,210.992712381,436.000031705
1610678518073,162.014544972,209.992718034,436.000031681
1610678518167,162.014544972,209.992718034,436.000031681
1610678518261,166.014556799,208.992712113,434.000031707
1610678518350,165.014547064,208.992716987,435.000031685
1610678518444,166.014544092,211.992718475,435.000031679
1610678518538,161.014554172,211.992713428,437.000031701
1610678518632,162.014559618,206.992710701,436.000031713
1610678518726,162.014551439,207.992714796,438.000031695
1610678518820,164.014556914,208.992712055,435.000031707
1610678518914,164.014560792,208.992710114,437.000031715
1610678519008,164.014548735,209.992716150,437.000031689
1610678519102,164.014551324,207.992714854,437.000031695
1610678519196,163.014546528,210.992717255,437.000031684
1610678519290,165.014540823,209.992720111,438.000031672
1610678519384,166.014549270,207.992715882,435.000031690
1610678519478,164.014548509,210.992716263,432.000031689
1610678519572,162.014546911,209.992717063,437.000031685
1610678519667,166.014553148,207.992713941,437.000031699
1610678519762,167.014540708,209.992720169,437.000031672
1610678519857,165.014543186,208.992718928,433.000031677
1610678519952,166.014551209,207.992714911,436.000031694
1610678520047,160.014542498,211.992719273,437.000031675
1610678520142,163.014548891,209.992716072,432.000031689
