1618477263397,-92.859194534,223.516196838,237.112269534
1618477263491,-96.993639065,247.527756024,235.207733918
1618477263585,-95.390841307,236.894426068,236.688367414
1618477263679,-94.472846570,253.980958522,235.825643614
1618477263773,-95.235450542,248.793301449,234.014928464
1618477263867,-99.809063914,240.271857248,230.354902681
1618477263961,-93.137395156,249.063608097,232.093111739
1618477264055,-92.715321687,224.978285179,237.226984807
1618477264145,-96.554773199,255.426141208,231.760320408
1618477264239,-96.327003463,234.768328892,234.739267746
1618477264333,-89.567566038,205.731918372,236.142133882
1618477264427,-95.955687552,246.858292749,234.237994098
1618477264521,-94.515122531,239.086742226,232.589273284
1618477264615,-90.615336800,241.854518183,236.509368650
1618477264709,-91.541405727,274.830302176,232.973640903
1618477264803,-93.046860407,247.466578505,237.165298525
1618477264897,-93.176187587,194.828017099,238.454194753
1618477264991,-95.346426336,236.110947640,232.723781154
1618477265085,-93.178488357,230.148527948,231.857684469
1618477265179,-93.792521756,225.340091527,234.165430266
1618477265273,-95.502687414,238.867387226,232.599188274
1618477265364,-98.827097796,262.229936926,234.543185687
1618477265458,-93.421803502,217.800635356,237.461017979
1618477265552,-92.531921106,203.103143100,235.170554937
1618477265646,-87.978114982,191.334023744,236.612125547
1618477265740,-95.684668419,224.437562676,235.251425820
1618477265834,-92.054602011,245.603140109,234.159125851
1618477265928,-94.434112402,250.297689241,229.856527834
1618477266022,-95.866168142,244.279173700,234.309371315
1618477266116,-92.058392726,213.390082822,236.750779164
1618477266210,-90.884585489,227.964092333,237.092024363
1618477266304,-92.703549722,242.410590841,234.439033144
1618477266398,-93.251337772,216.793626234,236.596936766
1618477266492,-94.667381572,258.412548707,235.670533484
1618477266584,-97.978466252,264.900070847,234.422493880
1618477266678,-91.559651069,221.232261289,236.351106891
1618477266772,-92.212605184,198.470422157,237.425157623
1618477266866,-92.491830121,219.035902295,237.405183103
1618477266960,-91.834769552,209.445378377,235.929082395
1618477267054,-91.893314616,210.478111130,236.882402196
1618477267148,-92.178536428,210.509413239,232.654984037
1618477267242,-91.602731830,237.632166981,235.519419071
1618477267336,-94.995739284,264.204766494,234.408721437
1618477267430,-95.484191738,220.901161510,233.411273475
1618477267524,-89.941437456,243.606921592,234.249356239
1618477267618,-93.165865747,231.925865584,235.867748954
1618477267712,-96.699880208,224.705898073,234.239296884
1618477267803,-90.834697388,189.804142736,234.726477830
1618477267897,-93.192117503,228.388945588,233.846817434
1618477267991,-95.703535278,239.410336053,232.439044661
1618477268085,-95.271776277,234.794123383,231.783302475
1618477268179,-94.278785944,216.277810969,235.575051298
1618477268273,-89.790675535,191.027598896,233.761578122
1618477268367,-94.720707441,240.713252356,236.425352645
1618477268461,-93.820661849,225.836481714,237.142993104
1618477268555,-91.761658445,189.515738508,233.784714547
1618477268649,-93.990702169,226.835986599,235.007413513
1618477268743,-91.933044812,228.818912984,235.053385909
1618477268837,-95.743734281,257.759407646,233.609654576
1618477268931,-92.551144439,220.082204647,235.357889549
1618477269020,-100.145384549,282.484466060,234.492065700
1618477269114,-94.360278527,216.715337100,236.510074173
1618477269208,-93.867961937,208.030890811,236.902616848
1618477269302,-91.856140889,172.542442621,239.506718010
1618477269396,-92.142160998,230.507714698,235.886649649
1618477269490,-95.444740966,236.845214040,231.645391174
1618477269584,-97.441706920,237.791693591,234.647810333
1618477269678,-96.539772771,254.161534208,235.772280818
1618477269772,-96.193778719,233.418249365,230.845492884
1618477269866,-96.079923339,208.769882040,233.733611989
1618477269960,-96.215755474,268.085843865,232.233294191
1618477270054,-93.407945743,183.276259648,237.066743089
1618477270148,-97.772048028,222.978935721,234.181754746
1618477270242,-97.689889637,242.169627449,235.449924848
1618477270336,-97.820552275,226.834548835,237.143080471
1618477270430,-104.098313903,249.374216255,235.124272703
1618477270524,-101.369347167,215.875307564,237.502843403
1618477270618,-99.923574574,216.011895664,235.858274785
1618477270712,-101.409467144,186.303097102,234.065530018
1618477270806,-106.930836137,228.779952033,237.055146969
1618477270900,-108.858171808,264.778081340,235.518409199
1618477270994,-117.416889278,237.353911307,234.667598380
1618477271088,-118.425008346,221.217206011,237.255800532
1618477271182,-105.764417216,234.204365804,237.985176978
1618477271276,-124.092406044,270.630039175,233.926321159
1618477271370,-93.115506907,213.757612171,236.502577759
1618477271460,-177.891345820,258.443381645,235.883971992
1618477271554,-164.659614224,425.995607621,232.271402478
1618477271648,9.561400656,248.456950695,232.244963915
1618477271742,-21.848037276,172.319383226,234.121165638
1618477271836,-81.150346157,115.012137918,232.677461208
1618477271930,-116.367464738,162.842101589,232.504344335
1618477272024,-136.156070544,177.393041245,232.078221144
1618477272118,-187.685973732,220.100551029,233.453047148
1618477272212,-208.515813225,248.539075316,234.778074155
1618477272306,-189.791982793,449.410696191,234.557873692
1618477272400,-104.972068920,516.507296798,232.022270508
1618477272494,-87.544988734,457.693692888,229.957473519
1618477272588,-31.508124248,416.323330096,227.392191177
1618477272677,-23.346547135,414.393003895,223.129009043
1618477272771,-3.124992577,337.204864394,227.900338682
1618477272865,-8.936185314,287.874311312,214.050881868
1618477272959,-23.651622463,270.494595922,194.480436716
1618477273053,-39.779890511,200.837351474,150.770177430
1618477273147,-54.518988597,261.794902154,157.788852827
1618477273241,-67.536652349,202.186602052,206.166782538
1618477273335,-69.119684750,193.831309158,227.499246607
1618477273429,-75.327082228,227.769718300,281.739204944
1618477273523,-75.148029795,194.331314705,278.476646028
1618477273617,-78.609008630,179.823001475,214.906428029
1618477273711,-85.617695424,236.896124224,190.507488030
1618477273805,-86.173797858,211.425825045,174.658762278
1618477273899,-88.075684347,243.975031744,133.142316105
1618477273993,-86.498031628,218.145296647,133.400238406
1618477274087,-85.813062236,222.702424815,149.149052564
1618477274181,-91.344179082,252.711268832,235.928235078
1618477274275,-89.802390543,219.514176552,295.157561509
1618477274369,-87.942278545,243.621758360,299.248685607
1618477274463,-90.266985680,232.709617429,321.787122200
1618477274557,-96.201032486,265.826130911,309.245033387
1618477274651,-93.080239051,226.415413865,303.936022364
1618477274745,-92.471392380,215.675381318,290.421478888
1618477274839,-92.655466015,258.202358731,274.680034209
1618477274933,-90.097956215,214.087981302,265.719233694
1618477275027,-91.811530174,246.315361976,256.352936238
1618477275118,-91.469223499,197.997159645,252.220546116
1618477275212,-94.821551628,259.132102735,242.547607856
1618477275306,-92.433550610,237.647816576,245.654313669
1618477275400,-90.639420785,202.999433418,243.084841370
1618477275494,-88.985707814,208.107923689,240.808733598
1618477275588,-93.971822971,245.142920941,238.225128716
1618477275682,-93.217416666,232.835221880,238.826645453
1618477275776,-95.223358924,246.580005768,238.024569569
1618477275870,-89.552590758,203.467754988,237.154074241
1618477275964,-94.898818430,263.495086235,235.486000107
1618477276058,-96.156399081,250.398836635,236.077959189
1618477276152,-94.347665645,252.772771686,233.925455109
1618477276246,-91.736471621,222.351369232,236.210121163
1618477276345,-91.846978075,224.300698956,236.122010180
1618477276439,-91.443717140,235.827153793,231.646207509
1618477276533,-92.606713556,210.422479125,232.110920083
1618477276627,-96.717388193,222.014738265,236.225337104
1618477276721,-91.181016456,230.193123523,234.855668720
1618477276815,-88.663419366,206.422767493,234.065706392
1618477276909,-91.651886606,206.219330034,238.074901898
1618477277003,-95.572269418,257.734773860,234.746370009
1618477277097,-95.968474050,245.083846091,234.227798938
1618477277191,-92.261919674,249.260215958,233.993823621
1618477277285,-86.762599054,190.532330817,237.783964564
1618477277379,-90.460679608,186.206483049,237.024696380
1618477277473,-89.745680773,222.513818328,234.202778357
1618477277561,-89.783936882,244.828617346,233.374937415
1618477277656,-91.261333171,214.969944702,234.588967056
1618477277751,-95.624110588,256.649250166,231.705035080
1618477277846,-93.992986874,211.236326033,236.802929728
1618477277941,-89.353882553,165.682624304,233.907187616
1618477278036,-90.844258935,226.252733424,235.124178253
1618477278131,-98.448776793,258.556368556,231.844835359
1618477278226,-92.689359459,259.800237807,234.653009682
1618477278321,-91.550530244,234.711332957,234.561041373
1618477278416,-92.616138913,258.508630105,233.711391199
1618477278511,-96.966299578,264.685451175,233.432194830
1618477278606,-96.429174404,254.210583153,235.860465087
1618477278701,-98.639617861,241.282835202,231.490008440
1618477278794,-92.534274044,255.064536873,235.776665161
1618477278888,-90.592885599,221.818517156,236.324607740
1618477278982,-90.533689732,219.774304270,236.371806848
1618477279076,-90.822720765,226.872800906,237.141351453
1618477279170,-91.376789502,198.366627395,237.294247244
1618477279264,-89.927590234,227.722694439,235.057735050
1618477279358,-92.399820627,234.052820937,236.681207862
1618477279452,-92.095395368,230.682770723,234.923937658
1618477279546,-92.737627224,221.371754024,237.209199757
1618477279640,-94.942943604,243.633489983,230.248155330
1618477279734,-86.661435709,204.387775856,238.067288037
1618477279828,-96.145733583,229.570734957,234.883801092
1618477279922,-96.436644567,234.702393862,234.651846740
1618477280014,-93.960805337,261.588532972,235.436575597
1618477280109,-92.659131430,242.627053820,234.474449532
1618477280204,-91.783070727,205.533413038,233.970303827
1618477280299,-95.334688156,270.183811933,233.138464657
1618477280394,-90.855452343,245.090147403,232.317915428
1618477280489,-89.263294503,234.644505203,235.790065315
1618477280584,-93.410897024,236.248208176,235.672376231
1618477280679,-93.879558498,243.515379080,231.298694677
1618477280774,-90.985529008,229.744732233,233.011538271
1618477280869,-93.007423225,194.851020047,237.588756975
1618477280964,-92.679456945,240.985595158,231.458243228
1618477281059,-93.840954318,261.474365456,232.532137357
1618477281154,-94.453827553,251.645463769,234.840808197
1618477281252,-94.353814008,235.241265900,236.717890683
1618477281345,-94.726375502,224.173274064,236.218171182
1618477281438,-93.278272732,217.268757925,237.575460502
1618477281531,-90.753430384,260.930446541,235.601923506
1618477281624,-89.827715904,226.960914977,236.137368639
1618477281717,-92.053823231,227.949439793,233.957084698
1618477281810,-94.610942334,222.137037286,236.310210421
1618477281903,-97.282755325,230.987793382,234.774548464
1618477281996,-92.144879694,249.195635075,235.087144033
1618477282089,-91.429458217,203.295701561,238.252252482
1618477282182,-92.345661020,216.457484809,236.521729266
1618477282275,-93.427618640,234.543176859,236.659043453
1618477282368,-92.767073908,261.171117782,234.591045007
1618477282467,-93.204896092,214.974396739,233.633966477
1618477282562,-91.687183959,206.841974027,237.046757981
1618477282657,-95.012825632,230.226243675,235.989773637
1618477282752,-91.641865483,203.042557806,234.082892119
