1610679342413,-2.600010
1610679342507,-2.398251
1610679342601,1.843322
1610679342695,2.080047
1610679342789,0.247705
1610679342883,-0.845773
1610679342977,-1.997792
1610679343071,-1.696250
1610679343165,2.544605
1610679343256,2.454906
1610679343350,-1.641751
1610679343444,-1.812736
1610679343538,-0.298795
1610679343632,0.016080
1610679343726,2.188283
1610679343820,1.653955
1610679343914,-2.545587
1610679344008,-2.546152
1610679344102,1.405244
1610679344196,1.678391
1610679344290,0.602426
1610679344384,0.038108
1610679344477,-2.098375
1610679344571,-1.744377
1610679344665,2.475358
1610679344759,2.239170
1610679344853,-1.361957
1610679344947,-1.700839
1610679345041,-0.720509
1610679345135,-0.143484
1610679345229,2.212129
1610679345323,1.929283
1610679345417,-2.604219
1610679345511,-2.495924
1610679345605,1.218754
1610679345694,2.021674
1610679345788,0.921238
1610679345882,0.433755
1610679345976,-2.308137
1610679346070,-1.932410
1610679346164,2.519037
1610679346258,2.656176
1610679346352,-1.033734
1610679346446,-1.566829
1610679346540,-0.837826
1610679346634,-0.334480
1610679346728,2.241479
1610679346822,2.093094
1610679346915,-2.429137
1610679347009,-2.433223
1610679347103,1.167251
1610679347197,1.457400
1610679347291,0.954812
1610679347385,0.341832
1610679347479,-2.318489
1610679347573,-2.055295
1610679347667,2.302983
1610679347761,2.748093
1610679347855,-1.165229
1610679347949,-1.329094
1610679348043,-0.871392
1610679348132,-0.399260
1610679348226,2.387207
1610679348320,2.120404
1610679348414,-2.383296
1610679348508,-2.718215
1610679348602,1.096887
1610679348696,1.743620
1610679348790,1.179012
1610679348884,0.368085
1610679348978,-2.439449
1610679349072,-2.194420
1610679349166,2.214147
1610679349260,2.525490
1610679349350,-1.207787
1610679349444,-1.711820
1610679349538,-1.331488
1610679349632,-1.184364
1610679349726,1.119799
1610679349820,1.964084
1610679349914,-1.765926
1610679350008,-2.129654
1610679350102,7.102925
1610679350196,6.837501
1610679350290,9.035536
1610679350384,5.986603
1610679350478,-0.387040
1610679350569,-2.821557
1610679350663,1.864826
1610679350757,2.105975
1610679350851,-1.458758
1610679350945,-1.946837
1610679351039,-0.662760
1610679351133,-0.303414
1610679351227,2.255075
1610679351321,1.324766
1610679351415,-2.453281
1610679351509,-2.441751
1610679351603,1.399406
1610679351697,1.683633
1610679351788,0.305826
1610679351882,0.149215
1610679351976,-2.185876
1610679352070,-1.664600
1610679352164,2.297749
1610679352258,2.594690
1610679352352,-1.444197
1610679352446,-1.805177
1610679352540,-0.514014
1610679352634,0.275324
1610679352728,2.258577
1610679352822,1.829736
1610679352916,-2.530732
1610679353009,-2.616761
1610679353103,1.422367
1610679353197,2.111765
1610679353291,0.231568
1610679353385,-0.257093
1610679353479,-1.823096
1610679353573,-1.281537
1610679353667,2.488915
1610679353761,2.437657
1610679353855,-1.683454
1610679353949,-2.191026
1610679354043,-0.100038
1610679354137,1.052855
1610679354228,1.898519
1610679354322,1.272281
1610679354416,-2.460050
1610679354510,-2.443787
1610679354604,1.935999
1610679354698,2.235615
1610679354792,-0.265241
1610679354886,-0.734703
1610679354980,-1.522813
1610679355074,-1.103292
1610679355168,2.469425
1610679355262,2.332576
1610679355356,-1.938770
1610679355444,-2.419346
1610679355538,0.404431
1610679355632,1.238053
1610679355726,1.476738
1610679355820,0.944719
1610679355914,-2.399927
1610679356008,-2.347583
1610679356102,2.034843
1610679356196,2.399134
1610679356290,-0.607237
1610679356384,-1.265557
1610679356478,-1.041950
1610679356572,-0.596930
1610679356665,2.487996
1610679356759,2.213898
1610679356853,-2.140725
1610679356947,-2.407141
1610679357041,1.081105
1610679357135,1.421332
1610679357229,0.892342
1610679357323,0.370164
1610679357417,-2.279874
1610679357511,-1.859547
1610679357605,2.326459
1610679357699,2.698603
1610679357793,-1.144341
1610679357884,-1.789342
1610679357978,-0.522405
1610679358072,-0.181896
1610679358166,2.189138
1610679358260,1.716083
1610679358354,-2.562910
1610679358448,-2.457983
1610679358542,1.471394
1610679358636,1.842068
1610679358730,0.199783
1610679358824,-0.443487
1610679358918,-1.923046
1610679359012,-1.437133
1610679359103,2.419229
1610679359197,2.307470
1610679359291,-1.804896
1610679359385,-2.249161
1610679359479,0.076585
1610679359573,0.626028
1610679359667,1.733060
