1618478075468,-93.894227660,227.928087062,240.087098798
1618478075562,-93.894224701,224.928093918,232.087098510
1618478075656,-92.894220301,225.928104114,232.087098082
1618478075750,-91.894226240,224.928090352,230.087098660
1618478075844,-93.894229905,225.928081862,230.087099017
1618478075938,-94.894223747,227.928096129,236.087098417
1618478076032,-95.894216404,224.928113143,233.087097702
1618478076126,-91.894227863,227.928086593,231.087098818
1618478076220,-94.894220536,223.928103570,233.087098104
1618478076314,-97.894230072,231.928081475,236.087099033
1618478076408,-95.894221355,224.928101671,236.087098184
1618478076502,-96.894226041,226.928090814,230.087098641
1618478076593,-90.894226825,227.928088998,232.087098717
1618478076686,-94.894223965,226.928095623,232.087098438
1618478076779,-95.894216437,226.928113066,232.087097705
1618478076872,-91.894220818,224.928102915,236.087098132
1618478076965,-95.894216219,227.928113572,236.087097684
1618478077058,-91.894226055,227.928090781,233.087098642
1618478077151,-94.894223747,227.928096129,236.087098417
1618478077244,-93.894215917,225.928114271,237.087097655
1618478077337,-92.894228648,226.928084773,235.087098895
1618478077430,-94.894227294,223.928087910,234.087098763
1618478077523,-96.894226041,226.928090814,230.087098641
1618478077616,-94.894216988,227.928111789,235.087097759
1618478077709,-25.297504769,383.865731212,225.405699420
1618478077808,-97.894225120,231.928092947,233.087098551
1618478077902,-91.894229418,226.928082990,234.087098970
1618478077996,-92.894221890,226.928100432,234.087098236
1618478078090,-95.894216404,224.928113143,233.087097702
1618478078184,-91.894220818,224.928102915,236.087098132
1618478078278,-94.894229068,221.928083801,233.087098935
1618478078372,-94.894225554,227.928091942,234.087098593
1618478078466,-91.894219045,226.928107024,237.087097959
1618478078560,-95.894221422,228.928101516,234.087098191
1618478078654,-95.894221641,227.928101010,230.087098212
1618478078748,-93.894224516,227.928094346,235.087098492
1618478078842,-93.894217758,227.928110006,234.087097834
1618478078936,-95.894216404,224.928113143,233.087097702
1618478079030,-94.894225739,224.928091514,231.087098611
1618478079124,-93.894222928,226.928098028,233.087098337
1618478079218,-92.894222075,223.928100004,231.087098254
1618478079312,-97.894221758,232.928100738,232.087098223
1618478079406,-87.894218508,226.928108267,237.087097907
1618478079500,-94.894222124,224.928099888,235.087098259
1618478079594,-94.894216988,227.928111789,235.087097759
1618478079688,-93.894226324,227.928090159,233.087098668
1618478079782,-95.894216437,226.928113066,232.087097705
1618478079876,-93.894224735,226.928093840,231.087098513
1618478079970,-92.894227060,225.928088454,233.087098740
1618478080064,-93.894219531,225.928105896,233.087098007
1618478080158,-92.894225252,225.928092641,235.087098564
1618478080249,-100.894216272,230.928113449,231.087097689
1618478080343,-93.894219565,227.928105819,232.087098010
1618478080437,-93.894222961,228.928097950,232.087098341
1618478080531,-93.894221339,225.928101709,231.087098183
1618478080625,-92.894230456,226.928080585,233.087099071
1618478080719,-98.894215903,224.928114305,234.087097653
1618478080813,-93.894224516,227.928094346,235.087098492
1618478080907,-89.894224165,224.928095161,232.087098458
1618478081001,-93.894219531,225.928105896,233.087098007
1618478081095,-94.894228883,224.928084229,236.087098917
1618478081189,-95.894218026,227.928109384,234.087097860
1618478081283,-95.894221422,228.928101516,234.087098191
1618478081377,-95.894226558,225.928089615,234.087098691
1618478081466,-97.894221657,226.928100972,235.087098214
1618478081560,-96.894224200,224.928095079,233.087098461
1618478081654,-94.894229068,221.928083801,233.087098935
1618478081748,-95.894221540,221.928101243,233.087098202
1618478081842,-94.894222309,221.928099460,232.087098277
1618478081936,-95.894217993,225.928109462,235.087097857
1618478082030,-97.894230441,225.928080619,230.087099069
1618478082124,-99.894215385,225.928115504,230.087097603
1618478082218,-99.894220303,223.928104109,234.087098082
1618478082312,-106.894225390,229.928092322,235.087098577
1618478082406,-103.894220907,227.928102710,232.087098141
1618478082500,-106.894223801,228.928096003,233.087098422
1618478082594,-107.894221443,227.928101467,232.087098193
1618478082686,-109.894218131,229.928109142,235.087097870
1618478082779,-112.894221210,227.928102007,233.087098170
1618478082872,-115.894222315,243.928099448,233.087098278
1618478082965,-99.894225271,238.928092598,234.087098566
1618478083058,-101.894216822,271.928112174,232.087097743
1618478083151,-88.894228095,239.928086055,233.087098841
1618478083244,-167.894222028,297.928100112,232.087098250
1618478083337,-106.894222205,427.928099702,228.087098267
1618478083430,2.105781023,364.928107180,233.087097953
1618478083523,-7.894228405,233.928085337,232.087098871
1618478083616,-58.894216395,138.928113163,235.087097701
1618478083709,-123.894219193,162.928106681,230.087097974
1618478083802,-128.894218926,160.928107299,232.087097948
1618478083901,-197.894218629,197.928107987,229.087097919
1618478083995,-213.894218044,296.928109343,231.087097862
1618478084089,-173.894224616,482.928094116,230.087098502
1618478084183,-113.894216567,482.928112766,230.087097718
1618478084277,-69.894227796,482.928086748,228.087098812
1618478084371,-39.894215844,408.928114440,230.087097647
1618478084465,-20.894228506,357.928085103,225.087098881
1618478084559,-8.894215942,304.928114213,216.087097657
1618478084653,-22.894226410,259.928089959,190.087098677
1618478084747,-43.894224918,239.928093416,162.087098531
1618478084841,-52.894225306,230.928092518,163.087098569
1618478084935,-66.894228194,229.928085825,209.087098850
1618478085029,-72.894217366,224.928110914,237.087097796
1618478085125,-77.894220169,222.928104419,278.087098069
1618478085219,-82.894219144,222.928106794,229.087097969
1618478085313,-85.894218751,224.928107705,195.087097931
1618478085407,-86.894226951,220.928088706,188.087098729
1618478085501,-87.894221523,219.928101283,148.087098201
1618478085595,-89.894221388,223.928101596,155.087098187
1618478085689,-89.894216470,225.928112990,151.087097708
1618478085783,-89.894225679,225.928091652,268.087098605
1618478085877,-88.894221927,227.928100346,288.087098240
1618478085971,-91.894221536,224.928101252,320.087098202
1618478086065,-92.894218093,224.928109229,307.087097866
1618478086159,-91.894227714,227.928086938,299.087098804
1618478086253,-96.894230195,225.928081188,281.087099045
1618478086348,-92.894218453,227.928108395,267.087097902
1618478086442,-93.894226904,224.928088813,255.087098725
1618478086536,-92.894217587,227.928110403,251.087097817
1618478086630,-24.408237778,383.292178420,241.513886087
1618478086724,-91.894227325,223.928087839,242.087098766
1618478086818,-92.894218242,224.928108885,239.087097881
1618478086912,-94.894223713,225.928096207,237.087098414
1618478087006,-95.894222944,225.928097990,238.087098339
1618478087100,-89.894223946,225.928095668,236.087098437
1618478087194,-89.894215380,225.928115514,237.087097602
1618478087288,-90.894218192,223.928109000,235.087097876
1618478087382,-94.894225487,223.928092098,236.087098587
1618478087476,-94.894223781,229.928096051,235.087098420
1618478087565,-93.894226256,223.928090315,235.087098662
1618478087659,-92.894221890,226.928100432,234.087098236
1618478087753,-98.894215903,224.928114305,234.087097653
1618478087847,-91.894215901,226.928114309,232.087097653
1618478087941,-93.894219565,227.928105819,232.087098010
1618478088035,-89.894223980,227.928095590,235.087098440
1618478088129,-92.894223697,226.928096245,232.087098412
1618478088223,-98.894221072,223.928102326,233.087098157
1618478088317,-91.894220852,226.928102837,235.087098135
1618478088411,-94.894229101,223.928083723,232.087098939
1618478088505,-94.894218762,225.928107679,234.087097932
1618478088599,-94.894217173,224.928111361,232.087097777
1618478088693,-94.894223965,226.928095623,232.087098438
1618478088788,-97.894226860,227.928088916,233.087098720
1618478088882,-93.894217758,227.928110006,234.087097834
1618478088976,-93.894222928,226.928098028,233.087098337
1618478089070,-93.894226324,227.928090159,233.087098668
1618478089164,-93.894224701,224.928093918,232.087098510
1618478089258,-92.894220267,223.928104191,233.087098078
1618478089352,-92.894221856,224.928100510,235.087098233
1618478089446,-92.894227060,225.928088454,233.087098740
1618478089540,-91.894224433,224.928094540,232.087098484
1618478089634,-91.894226022,225.928090859,234.087098639
1618478089728,-91.894222659,226.928098649,233.087098311
1618478089822,-92.894223512,229.928096673,235.087098394
1618478089916,-94.894220536,223.928103570,233.087098104
1618478090006,-89.894225602,230.928091831,236.087098598
1618478090100,-95.894219766,223.928105353,234.087098029
1618478090194,-93.894229871,223.928081940,231.087099014
1618478090288,-96.894217257,227.928111167,235.087097785
1618478090382,-93.894228131,227.928085972,231.087098844
1618478090476,-91.894227795,223.928086749,233.087098811
1618478090570,-94.894220603,227.928103414,231.087098111
1618478090664,-93.894219531,225.928105896,233.087098007
1618478090758,-29.565136547,374.660702316,225.918772788
1618478090852,-91.894215901,226.928114309,232.087097653
1618478090946,-93.894216169,226.928113687,232.087097679
1618478091040,-95.894221422,228.928101516,234.087098191
1618478091134,-92.894223697,226.928096245,232.087098412
1618478091226,-95.894224785,227.928093725,235.087098518
1618478091320,-93.894229653,224.928082446,235.087098992
1618478091414,-93.894222928,226.928098028,233.087098337
1618478091508,-91.894229485,230.928082834,232.087098976
1618478091602,-93.894229686,226.928082368,234.087098996
1618478091696,-94.894227361,227.928087755,232.087098769
1618478091790,-92.894218527,227.928108223,233.087097909
1618478091884,-96.894215668,226.928114848,233.087097630
1618478091978,-94.894229169,227.928083567,230.087098945
1618478092072,-90.894228414,228.928085317,234.087098872
1618478092166,-94.894215400,226.928115470,233.087097604
1618478092260,-90.894223429,226.928096866,232.087098386
1618478092354,-92.894220049,224.928104697,237.087098057
1618478092443,-93.894215917,225.928114271,237.087097655
1618478092537,-94.894220351,226.928103998,236.087098086
1618478092631,-94.894223965,226.928095623,232.087098438
1618478092725,-94.894227361,227.928087755,232.087098769
1618478092819,-91.894222441,227.928099155,237.087098290
1618478092913,-89.894220769,223.928103030,232.087098127
1618478093007,-92.894226942,232.928088727,234.087098728
1618478093101,-95.894218026,227.928109384,234.087097860
1618478093195,-92.894230456,226.928080585,233.087099071
1618478093289,-93.894217758,227.928110006,234.087097834
1618478093383,-92.894225286,227.928092564,234.087098567
1618478093477,-91.894224467,226.928094462,231.087098487
1618478093571,-91.894215867,224.928114387,233.087097650
1618478093662,-96.894220871,227.928102792,231.087098137
1618478093756,-93.894226290,225.928090237,234.087098665
1618478093850,-96.894215449,227.928115354,237.087097609
1618478093944,-94.894218796,227.928107601,233.087097935
1618478094038,-94.894216988,227.928111789,235.087097759
1618478094132,-91.894229636,225.928082484,230.087098991
1618478094226,-94.894215400,226.928115470,233.087097604
1618478094320,-90.894219814,226.928105241,236.087098034
1618478094414,-93.894215951,227.928114193,236.087097658
1618478094508,-90.894226674,232.928089348,234.087098702
1618478094602,-93.894217758,227.928110006,234.087097834
1618478094696,-90.894229969,227.928081713,237.087099023
1618478094790,-93.894215984,229.928114115,235.087097661
1618478094879,-95.894216437,226.928113066,232.087097705
1618478094975,-93.894219565,227.928105819,232.087098010
1618478095071,-96.894222426,226.928099189,234.087098289
1618478095167,-92.894227093,227.928088376,232.087098743
1618478095263,-93.894222928,226.928098028,233.087098337
1618478095359,-91.894217674,224.928110199,231.087097826
1618478095455,-91.894223996,226.928095552,240.087098441
1618478095551,-89.894222391,226.928099271,233.087098285
1618478095647,-92.894221890,226.928100432,234.087098236
1618478095743,-93.894229686,226.928082368,234.087098996
1618478095839,-94.894222158,226.928099811,234.087098262
1618478095935,-89.894219028,227.928107062,232.087097958
1618478096031,-92.894223546,231.928096595,234.087098398
1618478096133,-93.894219531,225.928105896,233.087098007
1618478096225,-94.894229135,225.928083645,231.087098942
1618478096317,-91.894217456,225.928110705,235.087097804
nan,nan,nan,nan
