1618478185965,0.175343
1618478186059,-0.034208
1618478186153,0.071363
1618478186247,0.127667
1618478186341,-0.097548
1618478186435,-0.088654
1618478186523,-0.046155
1618478186617,-0.036067
1618478186711,0.018776
1618478186805,0.184368
1618478186899,0.011342
1618478186993,0.008291
1618478187087,0.121296
1618478187181,-0.203517
1618478187275,0.172024
1618478187369,0.021032
1618478187463,0.066851
1618478187557,-0.090512
1618478187651,0.016918
1618478187743,-0.096485
1618478187837,0.172422
1618478187931,-0.037795
1618478188025,-0.094229
1618478188119,-0.044694
1618478188213,0.064594
1618478188307,-0.041642
1618478188401,-0.040182
1618478188495,0.132577
1618478188589,0.024749
1618478188683,0.064594
1618478188777,0.018776
1618478188871,0.069107
1618478188960,-0.037925
1618478189055,0.002317
1618478189150,0.013866
1618478189245,-0.140843
1618478189340,0.174946
1618478189435,0.011610
1618478189530,-0.208030
1618478189625,0.117579
1618478189720,-0.037527
1618478189815,-0.086795
1618478189910,-0.094229
1618478190005,0.074415
1618478190100,0.016918
1618478190197,0.060082
1618478190291,-0.150931
1618478190385,0.119437
1618478190479,0.177997
1618478190573,0.075080
1618478190667,0.016918
1618478190761,-0.197544
1618478190855,0.122757
1618478190949,0.012803
1618478191043,0.125411
1618478191137,-0.048809
1618478191231,0.173485
1618478191325,-0.203120
1618478191414,-0.041244
1618478191508,-0.090114
1618478191602,-0.042438
1618478191696,-0.197544
1618478191790,-3.676552
1618478191884,0.111208
1618478191978,-0.037527
1618478192072,0.065390
1618478192166,0.008688
1618478192260,0.072159
1618478192354,0.004574
1618478192448,-0.003656
1618478192542,0.120233
1618478192633,0.006830
1618478192727,-0.049076
1618478192821,0.000857
1618478192915,0.053444
1618478193009,-0.163144
1618478193103,-0.001667
1618478193197,-0.114274
1618478193291,-0.063546
1618478193385,-0.007242
1618478193479,-0.121708
1618478193573,-0.073236
1618478193667,-0.099146
1618478193761,0.088481
1618478193859,0.013201
1618478193953,-0.046963
1618478194047,0.012110
1618478194141,0.009204
1618478194235,0.375545
1618478194329,0.608657
1618478194423,0.375506
1618478194517,0.144169
1618478194611,0.192219
1618478194705,0.055927
1618478194799,-0.117776
1618478194893,-0.167551
1618478194987,-0.194349
1618478195082,0.209659
1618478195176,0.213785
1618478195270,0.650596
1618478195364,0.677945
1618478195458,0.888379
1618478195552,0.866364
1618478195646,0.941843
1618478195740,0.929005
1618478195834,1.388653
1618478195928,1.943381
1618478196022,3.436419
1618478196116,4.047155
1618478196210,2.424969
1618478196306,1.702313
1618478196400,1.959541
1618478196494,-0.170065
1618478196588,-1.166141
1618478196682,-0.461672
1618478196776,0.903973
1618478196870,1.494244
1618478196964,2.967318
1618478197058,3.775767
1618478197152,5.132387
1618478197246,4.756180
1618478197340,-0.579457
1618478197434,-1.896629
1618478197524,-4.457017
1618478197619,-3.843917
1618478197714,-3.888939
1618478197809,-2.701629
1618478197904,-1.838336
1618478197999,-1.405428
1618478198094,-1.079154
1618478198189,-0.691666
1618478198284,-0.469771
1618478198379,-0.471231
1618478198474,-0.417184
1618478198569,-0.200198
1618478198664,-0.144560
1618478198762,-0.153187
1618478198856,-0.306037
1618478198950,-0.195288
1618478199044,-0.202454
1618478199138,-0.089717
1618478199232,0.030853
1618478199326,-0.140843
1618478199420,-0.148276
1618478199514,-0.042836
1618478199608,-0.196749
1618478199702,-0.093166
1618478199796,0.012803
1618478199890,-0.052923
1618478199978,0.016122
1618478200073,0.186227
1618478200168,0.018776
1618478200263,-0.205376
1618478200358,0.012405
1618478200453,0.069107
1618478200548,0.067248
1618478200643,-0.090114
1618478200738,0.069505
1618478200833,0.063134
1618478200928,0.009751
1618478201023,-0.039386
1618478201118,0.013201
1618478201207,0.018776
1618478201301,-0.026644
1618478201395,0.022493
1618478201489,0.013866
1618478201583,-0.086795
1618478201677,0.067248
1618478201771,-0.255309
1618478201865,-0.136330
1618478201959,-0.095025
1618478202053,-0.033811
1618478202147,0.017583
1618478202241,0.011610
1618478202335,0.009751
1618478202423,0.185431
1618478202517,0.127269
1618478202611,-0.034208
1618478202705,0.075080
1618478202799,0.013866
1618478202893,-0.034208
1618478202987,-0.090114
1618478203081,0.013866
1618478203175,-0.095690
1618478203269,-0.092371
1618478203363,-0.086397
1618478203457,-0.195288
1618478203551,-0.088256
1618478203641,-0.098344
1618478203735,-0.147214
1618478203829,-0.203517
1618478203923,-0.033811
1618478204017,0.075478
1618478204111,0.022891
1618478204205,-0.034208
1618478204299,-0.096485
1618478204393,-0.247347
1618478204487,0.068709
1618478204581,0.058621
1618478204675,0.020635
1618478204769,0.018378
1618478204861,0.062338
1618478204955,0.073222
1618478205049,0.081451
1618478205143,-0.040579
1618478205237,-0.208030
1618478205331,-0.086795
1618478205425,0.069107
1618478205519,0.128730
1618478205613,-0.092768
1618478205707,0.014264
1618478205801,-0.036465
1618478205895,-0.088921
1618478205989,-0.035669
1618478206081,-0.042040
1618478206175,-0.036067
1618478206269,0.068709
1618478206363,-0.144560
1618478206457,0.070965
1618478206551,0.175343
1618478206645,0.117181
1618478206739,0.074682
1618478206833,0.018378
1618478206927,-0.036465
1618478207021,-0.102458
1618478207115,-0.095025
1618478207209,0.067646
1618478207297,-0.086397
1618478207391,-0.025848
1618478207485,0.021032
