1618478185959,-16.003045948,260.998753216,375.648166094
1618478186054,-17.003045993,262.998753197,378.648160853
1618478186149,-17.003045967,259.998753208,379.648163840
1618478186244,-20.003045904,259.998753234,376.648171174
1618478186339,-17.003045875,263.998753245,379.648174457
1618478186434,-19.003045966,264.998753208,376.648163951
1618478186529,-17.003045862,260.998753251,375.648175939
1618478186623,-18.003045892,259.998753238,375.648172481
1618478186717,-15.003045977,262.998753204,379.648162762
1618478186811,-17.003045855,260.998753254,378.648176842
1618478186905,-16.003045937,260.998753220,379.648167298
1618478186999,-18.003045885,259.998753242,378.648173384
1618478187093,-17.003045975,259.998753205,376.648162937
1618478187187,-15.003045864,263.998753250,378.648175764
1618478187281,-16.003046012,261.998753190,377.648158702
1618478187375,-16.003045873,259.998753246,377.648174691
1618478187469,-18.003045910,262.998753231,377.648170397
1618478187563,-19.003045935,261.998753221,379.648167541
1618478187657,-16.003045932,260.998753222,381.648167900
1618478187751,-16.003045966,263.998753208,377.648164010
1618478187839,-15.003045907,261.998753232,379.648170756
1618478187933,-17.003045908,261.998753232,384.648170654
1618478188027,-17.003045886,263.998753241,375.648173253
1618478188121,-16.003046012,261.998753190,377.648158702
1618478188215,-16.003045899,262.998753236,376.648171703
1618478188309,-18.003045885,259.998753242,378.648173384
1618478188403,-15.003045999,257.998753195,379.648160140
1618478188497,-15.003045900,261.998753236,382.648171660
1618478188591,-20.003045988,263.998753199,379.648161397
1618478188685,-17.003045975,259.998753205,376.648162937
1618478188779,-18.003045951,260.998753214,379.648165690
1618478188873,-16.003046006,261.998753192,379.648159304
1618478188967,-18.003045916,262.998753229,375.648169795
1618478189058,-19.003045986,259.998753200,377.648161630
1618478189152,-17.003045924,261.998753226,378.648168847
1618478189246,-18.003045885,259.998753242,378.648173384
1618478189340,-19.003045984,259.998753201,378.648161931
1618478189434,-17.003045926,261.998753225,377.648168546
1618478189528,-15.003046023,260.998753185,379.648157454
1618478189622,-16.003045966,263.998753208,377.648164010
1618478189716,-19.003046010,262.998753191,377.648158944
1618478189810,-16.003045942,260.998753218,377.648166696
1618478189904,-16.003045942,260.998753218,377.648166696
1618478189998,-16.003045904,257.998753234,383.648171189
1618478190092,-16.003045891,262.998753239,379.648172607
1618478190186,-15.003045915,261.998753229,376.648169853
1618478190286,-15.003045961,259.998753210,376.648164545
1618478190380,-20.003045991,263.998753198,378.648161095
1618478190474,-15.003045982,262.998753202,377.648162160
1618478190568,-15.003046028,260.998753183,377.648156851
1618478190662,-15.003045959,259.998753211,377.648164846
1618478190756,-16.003045961,263.998753211,379.648164612
1618478190850,-17.003045924,261.998753226,378.648168847
1618478190944,-18.003045954,260.998753213,378.648165389
1618478191038,-20.003045850,261.998753256,379.648177386
1618478191132,-15.003045987,262.998753200,375.648161558
1618478191226,-16.003045942,260.998753218,377.648166696
1618478191320,-20.003045945,265.998753217,378.648166404
1618478191414,-15.003045874,263.998753246,374.648174559
1618478191507,-15.003045961,259.998753210,376.648164545
1618478191601,-16.003045891,262.998753239,379.648172607
1618478191695,-16.003045894,262.998753238,378.648172306
1618478191789,-14.003045926,260.998753225,378.648168605
1618478191883,-17.003045970,259.998753207,378.648163539
1618478191977,-16.003045873,259.998753246,377.648174691
1618478192071,-15.003045959,259.998753211,377.648164846
1618478192165,-19.003045946,261.998753217,375.648166336
1618478192259,-15.003046025,260.998753184,378.648157152
1618478192353,-16.003045966,263.998753208,377.648164010
1618478192447,-16.003045881,259.998753243,374.648173787
1618478192541,-18.003046000,258.998753195,378.648160081
1618478192635,-15.003045961,259.998753210,376.648164545
1618478192731,-17.003045932,261.998753222,375.648167944
1618478192825,-18.003045895,259.998753237,374.648172180
1618478192919,-19.003045951,261.998753215,373.648165734
1618478193013,-17.302460153,265.285520863,455.572022966
1618478193107,-17.003045988,259.998753199,371.648161432
1618478193201,-17.003045876,260.998753245,370.648174433
1618478193295,-18.003045903,259.998753234,371.648171276
1618478193389,-17.003045993,259.998753197,369.648160829
1618478193483,-16.003045848,261.998753257,369.648177590
1618478193577,-16.003045890,264.998753240,362.648172797
1618478193671,-17.003046010,261.998753190,345.648158912
1618478193765,-15.003046006,261.998753192,341.648159315
1618478193859,-17.003045926,259.998753225,324.648168578
1618478193948,-20.003045851,261.998753256,308.648177306
1618478194042,-15.003045886,259.998753241,334.648173197
1618478194136,-19.003045892,261.998753239,325.648172580
1618478194230,-18.003045918,260.998753228,321.648169525
1618478194324,-19.003045868,261.998753248,334.648175289
1618478194418,-22.003045931,259.998753223,371.648168061
1618478194512,-19.003045874,259.998753246,420.648174577
1618478194606,-19.003046030,259.998753182,431.648156591
1618478194700,-20.003045887,260.998753241,409.648173115
1618478194794,-20.003045873,261.998753246,370.648174676
1618478194888,-22.003045975,259.998753205,354.648162942
1618478194982,-24.003045872,259.998753247,328.648174804
1618478195076,-19.003045987,259.998753200,306.648161551
1618478195168,-26.003046012,261.998753189,262.648158633
1618478195262,-26.003045873,260.998753247,289.648174756
1618478195356,-27.003045858,259.998753253,377.648176496
1618478195450,-28.003045943,260.998753218,409.648166684
1618478195544,-29.003045858,262.998753253,462.648176497
1618478195638,-37.003045995,266.998753196,466.648160589
1618478195732,-34.003045872,263.998753247,461.648174830
1618478195826,-45.003045967,267.998753208,454.648163848
1618478195920,-47.003045924,284.998753225,432.648168791
1618478196014,-36.003045917,267.998753229,414.648169688
1618478196108,-39.003045899,294.998753236,403.648171736
1618478196202,-63.003045893,278.998753238,398.648172362
1618478196296,-106.003045864,341.998753250,393.648175718
1618478196385,-46.003045851,480.998753256,392.648177287
1618478196480,72.996953980,421.998753186,388.648157746
1618478196575,76.996954009,285.998753198,385.648161143
1618478196670,41.996954072,194.998753224,385.648168339
1618478196765,-37.003045945,185.998753217,386.648166432
1618478196860,-45.003045961,203.998753210,384.648164580
1618478196955,-82.003046021,196.998753186,380.648157646
1618478197050,-127.003045972,256.998753206,379.648163285
1618478197145,-151.003046031,353.998753182,379.648156528
1618478197240,-90.003045979,533.998753203,382.648162440
1618478197335,-12.003045932,516.998753222,377.648167871
1618478197430,8.996953968,513.998753181,380.648156396
1618478197525,53.996954054,435.998753216,379.648166272
1618478197622,64.996954087,389.998753230,379.648170157
1618478197716,70.996954043,345.998753212,380.648164984
1618478197810,60.996954037,304.998753210,377.648164355
1618478197904,40.996954138,282.998753251,380.648175977
1618478197998,30.996954143,270.998753253,373.648176575
1618478198092,15.996954032,261.998753207,379.648163732
1618478198186,4.996953976,262.998753184,378.648157242
1618478198280,2.996954057,258.998753218,379.648166616
1618478198374,-4.003046015,257.998753188,379.648158334
1618478198468,-3.003045872,259.998753247,378.648174794
1618478198562,-6.003045983,259.998753201,379.648162035
1618478198656,-8.003045971,256.998753206,380.648163414
1618478198750,-10.003045941,258.998753218,379.648166813
1618478198841,-10.003045944,258.998753217,378.648166512
1618478198935,-12.003045848,259.998753257,376.648177605
1618478199029,-14.003045859,259.998753252,377.648176298
1618478199123,-11.003045856,258.998753253,379.648176658
1618478199217,-13.003045870,258.998753248,379.648175050
1618478199311,-12.003045848,259.998753257,376.648177605
1618478199405,-15.003045948,259.998753216,381.648166050
1618478199499,-15.003045964,259.998753209,375.648164244
1618478199593,-15.003045984,262.998753201,376.648161859
1618478199687,-16.003046004,261.998753193,380.648159605
1618478199781,-15.003045915,261.998753229,376.648169853
1618478199875,-14.003045862,259.998753251,376.648175997
1618478199969,-15.003045907,261.998753232,379.648170756
1618478200057,-16.003045966,263.998753208,377.648164010
1618478200151,-15.003045913,261.998753230,377.648170154
1618478200245,-20.003045919,262.998753228,379.648169391
1618478200339,-17.003045970,259.998753207,378.648163539
1618478200433,-19.003045946,261.998753217,375.648166336
1618478200527,-16.003045940,260.998753219,378.648166997
1618478200621,-16.003045868,259.998753248,379.648175293
1618478200715,-16.003045871,259.998753247,378.648174992
1618478200809,-15.003045961,259.998753210,376.648164545
1618478200903,-15.003045913,261.998753230,377.648170154
1618478200997,-17.003045921,261.998753227,379.648169149
1618478201091,-16.003045873,259.998753246,377.648174691
1618478201185,-18.003045892,259.998753238,375.648172481
1618478201278,-18.003045943,260.998753218,382.648166594
1618478201372,-15.003045910,261.998753231,378.648170455
1618478201466,-19.003046007,262.998753192,378.648159245
1618478201560,-15.003046025,260.998753184,378.648157152
1618478201654,-14.003045929,260.998753224,377.648168304
1618478201748,-19.003046015,262.998753188,375.648158342
1618478201842,-14.003045993,261.998753197,379.648160912
1618478201936,-15.003045979,262.998753203,378.648162461
1618478202030,-14.003045854,259.998753254,379.648176901
1618478202124,-15.003045951,259.998753215,380.648165749
1618478202218,-14.003045880,262.998753244,378.648173913
1618478202312,-17.003045852,260.998753255,379.648177143
1618478202406,-13.003045963,262.998753210,379.648164370
1618478202498,-18.003045905,262.998753233,379.648170999
1618478202592,-17.003045972,259.998753206,377.648163238
1618478202686,-19.003045984,259.998753201,378.648161931
1618478202780,-16.003045961,263.998753211,379.648164612
1618478202874,-15.003045913,261.998753230,377.648170154
1618478202968,-17.003045860,260.998753252,376.648176240
1618478203062,-17.003045855,260.998753254,378.648176842
1618478203156,-15.003046025,260.998753184,378.648157152
1618478203250,-18.003045951,260.998753214,379.648165690
1618478203344,-16.003045940,260.998753219,378.648166997
1618478203438,-15.003045959,259.998753211,377.648164846
1618478203532,-16.003046006,261.998753192,379.648159304
1618478203626,-16.003045871,259.998753247,378.648174992
1618478203714,-15.003045892,258.998753239,376.648172539
1618478203808,-16.003046014,261.998753189,376.648158401
1618478203902,-20.003045893,259.998753238,380.648172378
1618478203996,-20.003045963,260.998753210,380.648164384
1618478204090,-15.003045907,261.998753232,379.648170756
1618478204184,-15.003046007,257.998753192,376.648159236
1618478204278,-17.003045855,260.998753254,378.648176842
1618478204372,-15.003045961,262.998753210,385.648164568
1618478204466,-15.003045923,261.998753226,373.648168950
1618478204560,-15.003045959,259.998753211,377.648164846
1618478204654,-15.003045881,258.998753243,380.648173744
1618478204748,-16.003045937,260.998753220,379.648167298
1618478204842,-16.003045937,260.998753220,379.648167298
1618478204935,-15.003045907,261.998753232,379.648170756
1618478205029,-15.003046023,260.998753185,379.648157454
1618478205123,-16.003046017,261.998753188,375.648158099
1618478205217,-19.003045964,264.998753209,377.648164252
1618478205311,-17.003045862,260.998753251,375.648175939
1618478205405,-15.003045956,259.998753213,378.648165147
1618478205499,-17.003045852,260.998753255,379.648177143
1618478205593,-15.003045884,258.998753242,379.648173443
1618478205687,-15.003046028,260.998753183,377.648156851
1618478205781,-16.003045942,260.998753218,377.648166696
1618478205875,-16.003045860,259.998753252,382.648176196
1618478205969,-20.003045991,263.998753198,378.648161095
1618478206063,-15.003046025,260.998753184,378.648157152
1618478206151,-15.003046023,260.998753185,379.648157454
1618478206245,-17.003045996,262.998753196,377.648160552
1618478206339,-15.003045953,259.998753214,379.648165448
1618478206433,-17.003045862,260.998753251,375.648175939
1618478206527,-14.003045854,259.998753254,379.648176901
1618478206621,-15.003046028,260.998753183,377.648156851
1618478206715,-16.003046009,261.998753191,378.648159003
1618478206809,-17.003045849,260.998753256,380.648177444
1618478206903,-18.003045879,259.998753244,380.648173986
1618478206997,-17.003045998,262.998753195,376.648160251
1618478207091,-15.003046023,260.998753185,379.648157454
1618478207185,-17.003045929,261.998753223,376.648168245
1618478207279,-23.003045850,262.998753256,378.648177327
1618478207375,-19.003045968,259.998753208,384.648163738
1618478207469,-17.003045926,261.998753225,377.648168546
