1618476199438,244.115332413,435.862137986,101.211978836
1618476199532,-267.385167412,85.597751633,653.021459839
1618476199626,277.665927989,412.828407639,158.796311187
1618476199720,32.053326003,304.418189420,249.931168962
1618476199814,-318.211059773,77.839318732,679.055223857
1618476199908,197.047873166,360.002514007,252.931283046
1618476200002,146.221979311,378.277812026,175.071628244
1618476200096,-341.244790371,88.356184008,668.296777521
1618476200190,93.396085606,286.142891141,345.824580496
1618476200286,225.840035418,431.103705109,87.695144912
1618476200380,-326.969491081,104.631481046,606.954088028
1618476200474,-12.014132147,233.316997543,462.993279280
1618476200568,-73.598458458,263.109160654,354.583034015
1618476200662,-245.351434245,145.940508677,526.336069020
1618476200756,-119.665918553,157.457374185,550.369761838
1618476200850,306.458090333,447.379003279,70.419800492
1618476200944,-159.974947016,218.041700090,416.925792265
1618476201038,-230.834570957,119.148346615,633.987774543
1618476201132,306.458091764,445.379002668,105.970458272
1618476201226,-38.047862538,286.142890724,327.790892801
1618476201320,-282.660463491,82.839318365,669.296828723
1618476201414,261.390630598,378.277812079,174.071622878
1618476201503,78.120787180,353.244082292,233.655897978
1618476201596,-331.727924631,59.564020900,675.055236181
1618476201689,-332.727923241,95.114615730,627.229403599
1618476201782,173.255709720,399.311542254,127.004173206
1618476201875,-330.727924557,95.114616291,640.504643962
1618476201968,55.087057124,272.626026209,380.375154627
1618476202061,262.390630548,433.862137805,101.211997280
1618476202154,-291.418895702,126.906778776,563.645058090
1618476202247,-50.564728699,194.007970032,502.302258042
1618476202340,301.699658568,465.654300646,49.386105280
1618476202433,-206.800840026,175.732672043,499.543853704
1618476202526,-171.491811058,143.182076204,573.403519588
1618476202619,317.974955656,447.379003201,89.695106111
1618476202718,-107.149052970,243.833862554,384.375236554
1618476202812,-205.042407726,130.665211595,601.195628192
1618476202906,284.424360222,415.586840353,154.037863908
1618476203000,21.536462355,308.176621353,289.240262005
1618476203094,-315.452626993,64.564020931,678.055232961
1618476203188,216.323170765,361.002514055,216.380682722
1618476203282,116.429817644,357.244081238,182.830112459
1618476203376,-338.486356020,84.597750678,670.296855075
1618476203470,128.946680735,311.176621549,320.032404841
1618476203564,215.323170776,410.828407185,106.970464368
1618476203658,-327.969492208,84.597751245,616.470904063
1618476203752,-3.497269131,255.350728732,431.201023831
1618476203846,289.182793756,444.620570224,78.178282482
1618476203945,141.463547126,317.935053586,304.515594177
1618476204039,-112.907486468,173.732672104,518.577577828
1618476204133,323.733389324,446.379002732,56.902991106
1618476204227,-182.008676189,197.766401905,447.718003467
1618476204321,-223.317705230,128.665211506,625.229367488
1618476204415,300.699659944,425.345272065,103.970490969
1618476204509,-65.840026461,266.867593469,334.307711319
1618476204603,-303.935761337,78.839318423,658.538390276
1618476204697,247.873767008,396.553109128,170.071690441
1618476204791,76.120787272,333.210351971,208.380604267
1618476204885,-342.244789869,79.839318653,683.330529644
1618476204979,168.255709978,340.727216439,259.964998703
1618476205073,317.974956285,459.137435503,76.453566080
1618476205165,-326.969491290,83.597750853,636.779972053
1618476205259,44.570192729,263.109160749,356.133619735
1618476205353,260.390631822,416.586839550,58.970485365
1618476205447,-315.452626284,104.631481193,506.920342745
1618476205541,-56.323160352,204.524834781,388.302298055
1618476205635,293.941226987,463.654300224,54.386148395
1618476205729,-223.317704349,176.732671694,616.819187031
1618476205823,-171.491810915,141.182076143,586.920390939
1618476205917,300.699659495,446.379002539,82.178308520
1618476206011,-125.424351510,241.075430337,601.650498180
1618476206105,-272.385166967,103.873049154,991.504614105
1618476206199,174.014141778,405.069975043,535.037881172
1618476206293,6.019598115,291.901323257,647.723436132
1618476206389,-323.211059015,80.839318409,1129.813689436
1618476206483,192.047873521,360.002513855,666.139135682
1618476206577,107.671382098,362.002515078,427.071550267
1618476206671,-343.486356828,75.080885881,836.296819879
1618476206765,105.671382955,288.901323867,476.066132127
1618476206859,204.323170974,420.586839671,70.487338117
1618476206953,-336.969492117,102.873048918,541.470908010
1618476207047,-22.255701526,235.316998375,395.234761745
1618476207141,267.424360454,456.137435677,24.419818051
1618476207235,-287.626732499,156.940508909,500.852910509
1618476207329,-184.974947885,241.316998173,402.201052110
1618476207423,264.941226724,467.137435195,42.661434643
1618476207517,-215.250245375,226.524835226,427.717926906
1618476207609,-284.076139311,154.389914440,607.229301679
1618476207704,209.458091524,505.586839918,112.245745528
1618476207799,-50.323160129,430.901323243,321.549330628
1618476207894,-305.660462647,182.839318005,658.538432909
1618476207989,166.390629569,448.553110230,185.346875737
1618476208084,-160.120778531,526.244081559,227.655972843
1618476208179,-293.969492055,416.080886039,689.330534115
1618476208274,217.255709791,514.968783948,282.481855695
1618476208369,159.014142333,391.311542236,138.521040188
1618476208464,-428.486356419,57.839318277,667.296837705
1618476208559,-68.671374288,309.109160573,400.408935412
1618476208654,121.390630134,533.620570552,86.695114080
1618476208749,-330.660464419,170.631481614,564.645001988
1618476208844,-66.323161522,175.007970139,493.543814486
1618476208938,345.941226619,408.654300381,69.419862640
1618476209032,-134.042407226,120.732671945,489.785431143
1618476209126,-39.767110163,-0.301058060,583.678756558
1618476209220,407.458089711,198.862138403,80.936638526
1618476209314,-58.907485581,64.592295142,379.375234790
1618476209408,-281.418895203,-81.885384289,656.780000961
1618476209502,225.390631255,312.620570074,162.554786378
1618476209596,-209.491812514,57.940509397,587.678753841
1618476209690,-363.969491843,11.839318518,690.330543373
1618476209784,162.047873599,300.485648681,247.931301895
1618476209878,95.946681845,338.519379351,175.071638942
1618476209972,-370.244790557,55.839318947,679.813634526
1618476210061,101.188249018,279.659756044,364.099902575
1618476210156,219.356899588,412.345272954,110.728832870
1618476210251,-329.452627373,97.631481657,611.954025582
1618476210346,-16.497267588,223.558565221,474.510119047
1618476210441,282.941227435,463.412732603,69.419898229
1618476210536,-255.351435637,131.423644130,524.336008357
1618476210631,-166.216513948,153.698941602,567.645060777
1618476210726,136.221978254,317.693486772,306.515531325
1618476210821,-148.699648835,230.316997601,433.201110450
1618476210916,-245.593002819,100.873048602,640.504670538
1618476211011,291.941226091,412.828407472,109.728867636
1618476211106,-21.014132246,288.901323290,308.515595525
1618476211201,-331.969490487,78.839317940,692.330602431
1618476211297,228.598466821,369.519379903,208.622177998
1618476211391,73.879221452,349.485648996,191.346944094
1618476211485,-350.003221963,78.839318449,651.021522426
1618476211579,141.221979292,312.935053759,311.274009092
1618476211673,184.531008209,420.586839634,110.728909371
1618476211767,-344.244789135,98.114616051,638.504668497
1618476211861,313.974955841,445.379003122,90.453546767
1618476211955,279.424360488,437.862137951,86.695117240
1618476212049,-287.660463134,136.423643918,564.645058003
1618476212143,-98.632189452,186.491104971,535.852845267
1618476212237,306.458090199,446.379003336,57.902929511
1618476212331,-191.767110620,195.007970129,445.717922407
1618476212425,-223.317703850,125.906778347,622.229427633
1618476212515,317.974956082,427.345272737,116.487287540
1618476212610,-86.115324446,262.109161016,334.307699411
1618476212705,-298.177327534,91.356183038,676.055309114
1618476212800,260.390630015,394.553110039,173.071597467
1618476212895,41.570192673,327.451919049,237.414370447
1618476212990,182.531007051,390.794677275,133.762589201
1618476213085,168.255709693,318.693486278,285.481851429
1618476213180,150.980412383,389.794676953,150.037919823
1618476213275,-361.520085703,85.597750422,670.296881197
1618476213370,76.120788225,279.384458430,374.616757747
1618476213465,237.356900132,435.862137862,75.178261164
1618476213560,-293.418896153,130.665211539,605.954066437
1618476213655,-58.323160611,221.041700032,489.785421607
1618476213746,306.458091051,454.137435543,87.695129491
1618476213840,-230.076137837,178.732672086,478.268551670
1618476213934,-197.525542229,140.182076584,594.437211111
1618476214028,300.699658550,442.620570372,92.453565075
1618476214122,-206.042407228,185.249537087,479.268565887
1618476214216,-269.385166587,103.873048992,638.504630642
1618476214310,281.424361183,412.828407372,144.279473232
1618476214404,16.536462114,304.418188885,276.723386365
1618476214498,-326.969492505,77.839318801,666.296784254
1618476214592,217.081602692,363.760946900,248.931250104
1618476214686,127.946680786,374.519379803,173.071592795
1618476214780,-332.727922717,78.839317794,662.296887010
1618476214874,110.671383530,291.901323621,336.307724616
1618476214969,226.840035616,419.586839884,105.970451232
1618476215064,-310.694194607,99.873049003,610.954034101
1618476215159,-22.014131551,226.800132147,475.510170370
1618476215254,-327.969492950,78.839318991,668.538332268
1618476215349,-250.351435236,145.940509100,520.577593281
1618476215444,-127.424350771,167.215806605,553.128209778
1618476215539,312.216524156,441.620570173,86.695152777
1618476215634,-150.458082708,228.558565587,422.684188553
1618476215729,-255.109869249,98.873049152,625.229316682
1618476215824,298.699660329,429.103704471,121.245805445
1618476215919,-44.806295476,280.384458311,306.515579086
1618476216014,-293.418896942,73.080886171,674.055222910
1618476216109,248.873766056,381.036244393,212.380676983
1618476216202,92.396085045,349.485649656,208.622174371
1618476216296,-348.244789236,61.564020671,691.330557241
1618476216390,-191.767110080,139.182076764,605.954057875
1618476216484,192.047873307,400.311541940,115.487340077
1618476216578,-324.211058747,88.356183435,624.229375425
1618476216672,16.536463557,262.109160275,420.684263530
1618476216766,280.424359496,464.654301227,70.419776283
1618476216860,-277.143597260,123.906778464,550.369792221
1618476216954,-102.632189499,193.007970132,512.819112911
1618476217048,308.216524186,467.412733013,82.178288943
1618476217142,-191.767108182,194.007969088,463.993326310
1618476217236,-211.042408019,114.148346579,621.229345679
1618476217330,nan,nan,nan
