1610679483725,158.864956450,203.895502914,443.463659377
1610679483819,161.116769575,201.225675757,399.576103363
1610679483909,160.998936075,202.007055114,421.176977285
1610679484003,157.142253616,206.056685582,394.336990732
1610679484097,162.049472292,202.671938559,412.770590187
1610679484191,162.048660356,202.677322684,410.905650779
1610679484285,165.095564920,204.366288403,410.103366684
1610679484379,161.991945073,205.053413962,422.339887367
1610679484473,156.911349773,202.587858782,437.746417041
1610679484567,162.064416203,201.572842260,409.284762993
1610679484661,160.045326550,205.699429870,414.460208761
1610679484755,161.891622008,202.718677843,441.028008631
1610679484849,160.079518413,202.472696248,409.772603764
1610679484943,163.979747524,201.134298538,424.368874139
1610679485037,160.971518101,205.188869617,423.737787756
1610679485134,161.892166077,202.715070007,439.937506183
1610679485229,163.133505978,203.114693057,396.792106201
1610679485324,157.140150708,200.070630424,399.686796600
1610679485419,158.946807685,203.352729714,429.848212580
1610679485514,159.047803844,204.683002401,410.048126289
1610679485609,164.039747255,203.736427379,412.388289987
1610679485704,161.071834660,205.523648872,407.050748559
1610679485799,157.964040065,204.238458089,427.981712846
1610679485894,160.014698954,201.902528064,419.554919894
1610679485989,162.857281151,203.946399477,443.740397868
1610679486084,161.962239750,206.250396365,431.281184085
1610679486179,158.036217481,205.759834067,413.975445952
1610679486274,160.914384406,203.567735472,436.241624513
1610679486370,157.000150003,205.999005297,419.975047907
1610679486464,161.898498967,202.673075247,439.884069106
1610679486558,161.933332964,205.442083495,434.089649060
1610679486652,162.093044161,199.383004099,405.522679340
1610679486746,162.005728470,199.962013277,419.047104386
1610679486840,161.020827844,201.861886072,418.535416925
1610679486934,162.131804220,202.125977782,399.075183136
1610679487028,161.957858561,200.279448975,431.009967780
1610679487122,160.071687704,201.524623372,406.075193859
1610679487216,161.929982633,202.464300264,430.646955918
1610679487310,161.989908292,204.066920293,421.678693212
1610679487404,161.998086784,208.012686948,422.318251643
1610679487498,161.037137264,202.753734792,411.822445844
1610679487591,161.095132461,202.369156128,413.175303471
1610679487685,161.991759877,204.054642033,420.370693481
1610679487779,162.011885726,204.921183190,418.022883063
1610679487873,162.029025966,202.807522560,416.171710135
1610679487967,161.004528765,202.969968782,419.246667952
1610679488061,161.990206307,202.064944093,423.629120300
1610679488155,161.997386300,206.017332010,421.434772866
1610679488249,162.027662801,206.816561998,414.398464124
1610679488343,161.029081459,203.807154571,419.162479140
1610679488437,159.938785633,203.405925673,428.182631346
1610679488531,161.051698804,203.657174077,410.400223679
1610679488625,161.939852347,205.398852059,430.005189999
1610679488719,160.899313363,200.667674809,440.748599288
1610679488813,160.109853851,201.271535413,400.726491244
1610679488907,160.055999320,209.628656428,412.684859453
1610679489001,161.965612309,203.228032200,430.720179795
1610679489095,161.959293357,204.269934530,428.771298259
1610679489189,159.920270820,203.528701395,434.262456061
1610679489283,161.916832589,204.551501041,434.834384387
1610679489377,162.061676880,204.591007301,408.740432411
1610679489471,162.119204492,202.209529297,400.171069994
1610679489565,161.006425698,200.957389810,421.931124879
1610679489659,162.012044506,201.920130284,415.996470953
1610679489753,160.083273314,202.447796688,408.147999184
1610679489847,163.886563698,204.752220588,436.869427216
1610679489941,162.032382718,203.785263209,414.613335090
1610679490041,159.032136853,201.786893596,415.654233285
1610679490137,161.049212134,202.673663722,409.813865849
1610679490233,160.067547084,202.552080718,407.763960424
1610679490329,158.929165152,204.469721156,430.782938807
1610679490425,161.965983621,203.225569946,426.658414239
1610679490521,157.876178158,208.821089345,440.596997591
1610679490617,161.920038140,204.530244345,435.301160900
1610679490713,161.031677578,203.789939148,418.730630845
1610679490809,161.014208004,199.905783661,418.636586419
1610679490905,161.998683551,201.008729659,422.218983187
1610679491001,160.949227452,207.336683716,430.445699262
1610679491097,158.897922593,203.676897303,443.979945250
1610679491193,161.913029576,205.576719645,437.466992182
1610679491283,160.977808977,204.147153459,423.691339387
1610679491377,158.865596310,210.891259861,440.357222520
1610679491471,161.931550706,203.453902036,434.386116747
1610679491565,160.887562900,204.745594667,439.703216214
1610679491659,165.018118368,200.879853192,416.986121501
1610679491753,157.968725558,205.207387572,425.202310015
1610679491847,158.060010141,203.602059811,411.017684242
1610679491941,158.935728764,206.426196431,432.691122601
1610679492035,159.053875130,202.642742392,414.038205369
1610679492129,160.054585898,200.638029134,413.919973443
1610679492223,157.062267858,205.587088399,408.642126897
1610679492317,158.169718578,204.874559497,392.768364233
1610679492411,155.934356609,203.435295484,429.919372046
1610679492502,152.024336794,205.838617471,416.951724895
1610679492597,148.063759659,204.577195945,414.393975022
1610679492692,140.022091528,207.853506313,415.325210973
1610679492787,134.893259624,231.707818458,438.755601323
1610679492882,130.017194348,370.885980571,416.139826591
1610679492977,1.022389675,170.851529237,418.275616092
1610679493072,164.021619797,166.856634465,415.403680564
1610679493167,22.069441156,146.539520713,406.448893145
1610679493262,-34.940392864,161.604732222,409.084721568
1610679493357,166.956614128,174.287701074,424.216971405
1610679493452,218.985421043,45.096676207,418.425119282
1610679493547,147.987809884,122.080835289,410.027750399
1610679493642,143.995848674,179.027528341,370.690547468
1610679493736,152.906821186,195.617888814,368.499719342
1610679493830,157.028145051,198.813364095,558.318244833
1610679493924,155.989048395,200.072622454,424.821731722
1610679494018,155.978105071,200.145190000,740.642086097
1610679494112,157.023457062,200.844451164,874.098062868
1610679494206,160.947127954,201.350605940,556.794937786
1610679494300,159.964938573,204.232499884,368.832251486
1610679494394,161.037296584,204.752678307,377.795943952
1610679494488,161.906784399,205.618132762,414.505838773
1610679494582,157.978607871,204.141855820,412.558448303
1610679494676,162.124748614,202.172765031,393.248839647
1610679494770,160.936009280,207.424336268,427.644460479
1610679494864,162.104577721,202.306522573,399.604142942
1610679494954,155.940570847,205.394087531,431.885671978
1610679495049,160.966663773,203.221059715,423.545275240
1610679495144,161.982006022,203.119321952,424.993187003
1610679495239,162.019906618,200.867994924,415.688657280
1610679495334,160.062561144,203.585143561,408.593340687
1610679495429,162.015708009,202.895836802,419.387069799
1610679495524,161.091719351,202.391789198,405.743053247
1610679495619,160.058593753,199.611452187,409.253291652
1610679495714,160.017807007,203.881917893,416.037914470
1610679495809,161.921635469,202.519652109,434.035455031
1610679495904,157.999333431,204.004420163,421.110879622
1610679495999,161.979806463,200.133907703,423.359070055
1610679496094,162.106086470,203.296517729,404.353171763
1610679496191,161.988633174,204.075375877,423.890801253
1610679496285,162.010679499,203.929181937,421.223531357
1610679496379,162.020416421,206.864614306,419.603854578
1610679496473,162.990860464,201.060606232,423.520305228
1610679496567,159.979673512,205.134789328,424.381185590
1610679496661,162.109664390,198.272791771,403.758006927
1610679496755,161.968156440,207.211161515,427.296979242
1610679496849,161.975460587,204.162726141,427.081979570
1610679496943,161.089612559,206.405759789,406.093505037
1610679497037,161.928532829,206.473914228,431.888121888
1610679497131,160.922914568,203.511170131,437.822684899
1610679497225,162.063665439,202.577820742,409.409648026
1610679497319,160.054736280,200.637031921,412.894958398
1610679497409,159.931781992,203.452368327,436.347643702
1610679497504,161.991010061,204.059614222,420.495420689
1610679497599,163.850212474,203.993273400,444.916228605
1610679497694,162.963234947,204.243796997,428.115639164
1610679497789,162.026892806,205.821668003,418.526548087
1610679497884,162.958342154,202.276242162,424.929525008
1610679497979,161.061841156,201.589917952,410.713106125
1610679498074,160.032685470,204.783255594,416.562974143
1610679498169,164.031731917,202.789578811,414.721591807
1610679498264,161.962943696,202.245728348,427.164087046
1610679498359,159.029942946,201.801441868,415.019176172
1610679498454,160.968413316,203.209458113,425.254249454
1610679498549,162.010727892,203.928861034,419.215481524
1610679498645,162.051376110,206.659313932,414.453901855
1610679498738,160.926555061,204.487029236,434.217111409
1610679498831,162.906080898,200.622797829,437.622861828
1610679498924,161.885986281,203.756049569,437.965477075
1610679499017,162.016934883,202.887701137,418.182986935
1610679499110,161.992659112,201.048679014,421.221111375
1610679499203,162.064275305,201.573776586,408.308200536
1610679499296,160.089987710,205.403272083,409.031101024
1610679499389,161.931202709,203.456209675,432.444003783
1610679499482,161.880942633,206.789495085,439.804456672
1610679499575,163.016785052,200.888694698,418.207910381
1610679499668,159.024420257,207.838064009,413.937841326
1610679499761,159.897713528,202.678283659,438.014721918
1610679499860,160.964000479,204.238720590,425.988297678
1610679499956,161.976107191,202.158438370,426.974420995
1610679500052,161.083466827,201.446513465,404.115809573
1610679500148,162.952933161,202.312110365,429.829277618
1610679500244,161.973222515,204.177567282,425.454269065
1610679500340,161.029276434,204.805861648,417.130046210
1610679500436,160.070731282,204.530965613,408.234288751
1610679500532,160.015083062,201.899980962,418.491025918
1610679500628,162.007431108,203.950722717,421.763881086
1610679500724,161.877879190,204.809809438,441.314041518
1610679500820,160.872902487,200.842811025,440.141885170
1610679500916,161.976134636,200.158256377,425.969855695
1610679501012,159.101278747,203.328398780,406.152906822
1610679501111,162.064391078,204.573008870,408.288942390
1610679501205,163.065722099,198.564182586,409.067535358
1610679501299,162.112641988,201.253046676,406.262701916
