1610678972810	-89	577	716
1610678972904	-86	584	720
1610678972998	-91	585	721
1610678973092	-92	584	719
1610678973186	-91	587	720
1610678973280	-94	594	722
1610678973374	-93	599	723
1610678973468	-102	593	719
1610678973562	-118	585	723
1610678973656	-196	568	726
1610678973750	-279	573	722
1610678973844	-59	646	723
1610678973935	-58	587	722
1610678974030	-26	630	725
1610678974125	-94	574	724
1610678974220	-180	684	726
1610678974315	-78	744	734
1610678974410	31	827	734
1610678974505	69	651	735
1610678974600	-22	603	738
1610678974695	-51	607	774
1610678974790	-59	614	814
1610678974885	-67	614	950
1610678974980	-67	618	641
1610678975075	-62	617	629
1610678975169	-59	620	607
1610678975263	-57	622	677
1610678975357	-53	625	706
1610678975451	-50	624	622
1610678975545	-55	625	749
1610678975639	-53	633	762
1610678975733	-52	630	741
1610678975827	-50	633	737
1610678975921	-50	635	731
1610678976015	-54	635	726
1610678976109	-55	631	719
1610678976203	-51	631	720
1610678976297	-60	634	715
1610678976388	-60	632	716
1610678976482	-58	632	705
1610678976576	-59	633	692
1610678976670	-63	632	680
