1618478000563,-1.119039
1618478000657,-0.973681
1618478000751,1.559252
1618478000845,-0.718492
1618478000939,-1.386768
1618478001034,1.895026
1618478001127,0.687737
1618478001220,-1.687696
1618478001313,0.889233
1618478001406,0.817827
1618478001499,-1.626236
1618478001592,0.244443
1618478001685,1.286579
1618478001778,-1.296745
1618478001871,-0.702619
1618478001964,2.050694
1618478002057,-1.127337
1618478002150,1.565533
1618478002247,1.839393
1618478002341,-0.448625
1618478002435,-1.481704
1618478002529,1.520511
1618478002623,0.442612
1618478002717,-1.732629
1618478002811,0.969831
1618478002905,1.082690
1618478002999,-2.110997
1618478003093,0.299487
1618478003187,1.501306
1618478003281,0.289510
1618478003375,-0.878846
1618478003468,1.587016
1618478003562,-0.749234
1618478003656,-0.942417
1618478003750,2.132020
1618478003844,-0.249410
1618478003938,-1.753877
1618478004032,1.404856
1618478004126,0.640050
1618478004220,-2.058195
1618478004314,0.608721
1618478004408,-1.086623
1618478004502,-1.128690
1618478004596,0.102013
1618478004687,1.744335
1618478004781,-1.557086
1618478004875,-0.728243
1618478004969,1.769403
1618478005063,-0.663915
1618478005157,-1.333836
1618478005251,1.942662
1618478005345,-0.111548
1618478005439,-2.186528
1618478005533,-1.729268
1618478005627,0.720811
1618478005721,-1.703177
1618478005815,0.576862
1618478005904,1.409367
1618478005998,-1.348097
1618478006092,-0.217922
1618478006186,1.955341
1618478006280,-0.987476
1618478006374,-1.089453
1618478006468,1.571839
1618478006562,-0.199733
1618478006656,-0.849658
1618478006750,1.361916
1618478006844,0.373744
1618478006938,-1.502907
1618478007032,0.704054
1618478007125,0.862789
1618478007219,-1.126799
1618478007313,0.327469
1618478007407,1.663154
1618478007501,-0.975346
1618478007595,-0.130526
1618478007689,2.012234
1618478007783,0.188837
1618478007877,-1.100235
1618478007971,1.545025
1618478008065,0.176052
1618478008159,-1.808729
1618478008253,1.452881
1618478008342,0.350868
1618478008436,-1.269910
1618478008530,0.452078
1618478008624,1.319330
1618478008718,-1.142785
1618478008812,-0.276403
1618478008906,0.734131
1618478009000,-1.149355
1618478009094,-1.309515
1618478009188,1.089229
1618478009282,-0.959467
1618478009376,-5.866515
1618478009470,-1.830070
1618478009563,1.324541
1618478009657,-0.218854
1618478009751,2.285075
1618478009845,2.448533
1618478009939,-2.275457
1618478010033,-3.021304
1618478010127,-5.461903
1618478010221,-7.098695
1618478010315,-4.875655
1618478010409,-0.950820
1618478010503,-2.553744
1618478010597,-2.624428
1618478010691,0.492204
1618478010783,-0.372725
1618478010876,-1.370333
1618478010969,0.528102
1618478011062,1.324947
1618478011155,1.506244
1618478011248,-0.092515
1618478011341,1.585883
1618478011434,-1.402160
1618478011527,-0.921117
1618478011620,1.064069
1618478011713,-0.280544
1618478011806,-1.104852
1618478011899,1.344837
1618478011998,0.385686
1618478012092,-1.525312
1618478012186,0.834715
1618478012280,0.631412
1618478012374,-1.895444
1618478012468,0.128106
1618478012562,1.337534
1618478012656,-1.440322
1618478012750,-0.462894
1618478012844,1.678351
1618478012938,-0.574385
1618478013032,-1.045066
1618478013126,1.477688
1618478013217,-0.127129
1618478013311,-1.781255
1618478013405,-0.275800
1618478013499,0.424135
1618478013593,-2.124699
1618478013687,0.264375
1618478013781,1.614316
1618478013875,-1.722901
1618478013969,0.080279
1618478014063,1.851775
1618478014157,-1.215710
1618478014251,-1.201644
1618478014345,1.712745
1618478014436,-0.225826
1618478014530,-1.112909
1618478014624,1.072140
1618478014718,0.636093
1618478014812,-1.990278
1618478014906,0.692910
1618478015000,1.293663
1618478015094,-1.810857
1618478015188,-0.373296
1618478015282,1.604936
1618478015376,-0.816915
1618478015470,-0.629412
1618478015564,1.757543
1618478015654,-1.801868
1618478015748,-1.232579
1618478015842,1.496423
1618478015936,0.510133
1618478016030,-1.887565
1618478016124,0.897664
1618478016218,1.190592
1618478016312,-1.455776
1618478016406,-0.086665
1618478016500,1.899636
1618478016594,-1.015213
1618478016688,-0.391257
1618478016782,-1.820899
1618478016873,-0.201716
1618478016967,-1.579168
1618478017061,1.294710
1618478017155,0.218726
1618478017249,-1.788524
1618478017343,0.590577
1618478017437,0.979226
1618478017531,-1.411636
1618478017625,0.140313
1618478017719,1.533859
1618478017813,-1.214730
1618478017907,-0.338215
1618478018001,1.507045
1618478018091,-0.623276
1618478018185,-1.073052
1618478018279,1.558453
1618478018373,0.080999
1618478018467,-1.658714
1618478018561,1.234462
1618478018655,0.808270
1618478018749,-1.199614
1618478018843,0.191582
1618478018937,1.247021
1618478019031,0.269678
1618478019125,-0.097042
1618478019219,1.241250
1618478019311,-0.477382
1618478019405,-0.994127
1618478019499,nan
