1610678994253,2.097269
1610678994347,-2.018555
1610678994436,0.713495
1610678994531,2.480449
1610678994626,-1.617428
1610678994721,-0.360921
1610678994816,2.849139
1610678994911,-0.666341
1610678995006,-0.070370
1610678995101,2.337811
1610678995196,0.702765
1610678995291,-2.035075
1610678995386,1.604684
1610678995481,1.561053
1610678995576,-2.280165
1610678995671,0.883680
1610678995765,2.171002
1610678995859,-1.830798
1610678995953,-0.566679
1610678996047,2.719532
1610678996141,-1.391844
1610678996235,-1.346348
1610678996329,2.430223
1610678996423,0.168274
1610678996517,-2.091804
1610678996611,2.106147
1610678996705,1.220918
1610678996799,-2.331885
1610678996889,1.052270
1610678996983,2.159300
1610678997077,-2.033732
1610678997171,-0.091013
1610678997265,-2.380237
1610678997359,-1.400216
1610678997453,-1.137766
1610678997547,2.757748
1610678997641,-0.213820
1610678997735,-1.985249
1610678997829,2.413627
1610678997923,1.006225
1610678998017,-1.953827
1610678998107,1.498054
1610678998202,1.590151
1610678998297,-2.183700
1610678998392,-2.126919
1610678998487,2.518687
1610678998582,1.028394
1610678998677,-0.643559
1610678998772,1.537992
1610678998867,-0.138948
1610678998962,-1.854694
1610678999057,2.904612
1610678999152,3.274859
1610678999247,2.200123
1610678999342,-3.456540
1610678999437,0.818023
1610678999532,-2.580630
1610678999627,1.243336
1610678999722,-2.771151
1610678999817,-7.578646
1610678999912,-5.391290
1610679000007,2.139641
1610679000102,2.640735
1610679000197,-1.218889
1610679000292,-1.648688
1610679000387,0.296333
1610679000482,0.559343
1610679000577,2.151537
1610679000671,1.867527
1610679000765,-2.228369
1610679000859,-2.531440
1610679000953,2.020376
1610679001047,2.318695
1610679001141,0.061240
1610679001235,-0.245485
1610679001329,-1.484355
1610679001423,-0.663662
1610679001517,2.702493
1610679001611,2.713069
1610679001705,-1.650274
1610679001797,-2.034981
1610679001891,0.662037
1610679001985,1.357005
1610679002079,1.803222
1610679002173,1.152509
1610679002267,-2.155121
1610679002361,-1.778259
1610679002455,2.564466
1610679002549,2.852535
1610679002643,-0.401518
1610679002737,-0.821276
1610679002831,-1.003115
1610679002925,-0.223655
1610679003015,2.671313
1610679003110,2.044054
1610679003205,-1.986437
1610679003300,-2.163798
nan,nan
