1618476652294,2.666756417,270.988838274,381.257244089
1618476652389,-16.536250067,246.640775116,380.687266156
1618476652483,-14.270126162,252.049920520,379.813891978
1618476652577,-8.216054493,256.458128334,383.963905432
1618476652671,-15.450838904,248.284929964,379.749164711
1618476652765,-29.419843673,229.037353783,379.275177456
1618476652859,-9.569922315,257.009448796,380.953402032
1618476652953,-24.323792809,236.766718014,378.456118626
1618476653047,-4.865206179,265.974698337,380.093046019
1618476653141,-4.583306692,274.671775819,381.249821790
1618476653235,5.233586682,276.243398722,382.333431982
1618476653329,-4.271876974,266.726998087,380.110657040
1618476653423,-16.725689993,247.668508345,378.711324959
1618476653517,-18.872975598,247.481760545,377.706953272
1618476653606,-0.381529563,271.391755549,382.196447473
1618476653700,-21.746974196,247.641521471,380.710693208
1618476653794,-7.838090306,260.205290118,377.004805755
1618476653888,-6.436777925,267.517915265,380.105762499
1618476653982,-24.958231970,241.766082972,379.526332500
1618476654076,22.073105934,299.862655860,384.862939292
1618476654170,10.099874337,293.289017831,380.685643606
1618476654264,-17.907187901,249.706311496,378.735619495
1618476654358,10.582686424,284.561540902,380.551565777
1618476654452,-17.110955185,249.447948895,379.729571335
1618476654546,-21.810908333,241.952878994,379.530705317
1618476654640,11.653342244,287.186987012,385.613026368
1618476654734,-6.744867524,261.055560308,380.977891063
1618476654822,-14.458870737,255.274746164,379.748926312
1618476654916,-19.121916312,247.898191461,379.669882585
1618476655010,-10.919144419,259.566659702,382.943036526
1618476655104,-5.013224008,266.054951876,381.118334300
1618476655198,-5.165599322,264.861750682,380.113811542
1618476655292,-22.050925526,240.648554054,386.523581198
1618476655386,-4.230414857,265.511639391,380.082206003
1618476655480,-20.760640362,244.820404491,380.621242464
1618476655574,-26.021086046,241.150528923,377.465103479
1618476655668,-6.593838673,267.854632765,379.160464074
1618476655762,-2.092155939,274.026590722,381.234718278
1618476655856,-6.019670290,268.046778443,379.118142964
1618476655950,5.242508489,279.058500189,377.422741905
1618476656043,-10.490586384,259.110041182,377.955756858
1618476656137,6.798208892,281.566878503,385.528281148
1618476656231,13.655816839,286.190124624,380.613099818
1618476656325,-12.347306272,253.487921058,379.870964547
1618476656419,-29.337024874,232.946151444,382.366680767
1618476656513,-9.380667780,259.517339997,379.988701132
1618476656607,11.049113460,282.617078121,380.506046720
1618476656701,16.784078676,288.888611118,381.676270254
1618476656795,-36.987614467,224.441952072,379.050553132
1618476656889,-1.703617421,266.715441025,380.157205654
1618476656983,-25.036203934,242.399290251,379.494336457
1618476657077,12.630423580,287.425857503,380.642027806
1618476657171,-0.660053269,271.842396299,380.277225524
1618476657261,-20.235152971,249.022545080,379.696203231
1618476657356,-4.208267609,264.539720545,381.082863371
1618476657451,-9.120088881,266.115665482,380.026117260
1618476657546,1.621770235,272.199728703,383.285590525
1618476657641,0.023708717,277.245217955,384.356884150
1618476657736,-8.855054421,261.915851064,379.974620529
1618476657831,-1.723518642,269.690207674,380.156614952
1618476657926,-1.781523188,271.420451228,380.243938387
1618476658021,-6.504799000,258.092020584,383.955335003
1618476658116,10.075704541,286.454582985,386.595881097
1618476658211,-11.299400702,256.816591702,382.902068169
1618476658306,-6.833662828,264.014693090,380.093982279
1618476658401,8.877852908,284.667861520,381.530645118
1618476658495,17.543603487,294.655424462,380.787859352
1618476658589,-30.384914448,233.617501081,379.335577620
1618476658683,-8.534300914,260.322543978,379.984141039
1618476658777,7.185273877,281.253860469,380.450724787
1618476658871,6.169905624,275.430585362,380.361223523
1618476658965,-31.290034720,231.934012669,380.249348704
1618476659059,-10.322127995,262.055704838,379.931075287
1618476659153,4.941871801,277.141454495,381.354455091
1618476659247,11.371345928,288.097365242,380.634337940
1618476659341,-16.806282454,251.834252513,378.738614541
1618476659435,-6.392512506,268.574040707,380.107076372
1618476659529,-17.148850068,251.131971098,379.698764848
1618476659623,-10.713725185,259.095046606,380.978815421
1618476659718,-0.889897737,268.747180418,378.181358240
1618476659811,-28.931923845,239.727720837,379.408386559
1618476659904,-11.112981640,257.052957976,380.907601404
1618476659997,-27.847071534,233.567377859,379.381223417
1618476660090,5.768651809,272.653893966,380.319631923
1618476660183,-7.074764968,257.369343778,379.938417443
1618476660276,-1.221354666,263.255197329,380.052793222
1618476660369,-17.881995695,242.398604706,380.587958728
1618476660462,-8.823826464,253.883726930,379.856820616
1618476660555,-13.477430055,249.251214253,379.748375440
1618476660648,-8.940615721,251.199786863,378.793990706
1618476660741,19.562802983,278.732540853,381.461930494
1618476660834,-0.528223273,249.722671515,379.806231217
1618476660933,22.959660459,281.699868758,379.414346494
1618476661027,20.648161724,261.018034289,379.930193435
1618476661121,28.934899193,256.970229531,381.671568966
1618476661215,74.149414538,314.208393347,387.449660421
1618476661309,64.457671626,341.240646732,379.865175959
1618476661403,57.901096163,409.338737388,381.937700960
1618476661497,28.773056741,462.157446187,381.488674989
1618476661591,-2.225777888,548.713729499,377.993298528
1618476661685,-120.614824207,417.846970791,380.605066731
1618476661779,-104.977082126,229.493198759,382.941316836
1618476661873,-37.558463263,238.435345794,383.220877482
1618476661967,27.564181109,196.036044538,388.719928827
1618476662061,114.474402305,404.639401213,388.904532154
1618476662150,-129.659991864,290.445986791,392.793142203
1618476662244,1.626788945,319.402302833,404.196694380
1618476662338,-17.548475810,298.448009183,419.221173927
1618476662432,-19.195693094,286.038750861,447.469098742
1618476662526,-14.024456766,279.452077254,477.385136219
1618476662620,-10.650211364,268.515226406,429.129109134
1618476662714,-14.537364482,263.586589336,323.013731810
1618476662808,-3.654132866,274.385762448,295.336764657
1618476662902,-30.238010917,244.679272669,326.547709888
1618476662996,0.884264999,280.872202359,357.441790331
1618476663090,-27.650813752,238.887937927,399.505775494
1618476663184,-19.137659418,250.414089804,390.728778708
1618476663278,-7.827403847,262.218839797,347.005122948
1618476663370,-1.990299106,279.691597525,305.297104968
1618476663464,-36.193489076,227.788496016,340.222532640
1618476663558,25.938458528,308.567440640,366.066714648
1618476663652,-0.000921726,272.142269294,379.237426265
1618476663746,0.369482049,276.147774754,375.307783885
1618476663840,4.091005516,278.330545568,376.358881633
1618476663934,-9.472519940,262.668807659,376.015656506
1618476664028,7.914815460,284.446797691,377.502060527
1618476664122,-3.130054814,266.906818622,380.114866563
1618476664216,-17.843550355,253.054929180,374.767190069
1618476664310,-9.477964070,258.126045390,376.956131510
1618476664404,-4.294437942,264.162532869,379.050623986
1618476664498,4.149033354,275.404120790,379.360603998
1618476664592,3.430646563,277.761186555,378.368962758
1618476664686,-12.845562373,261.124097072,379.885857160
1618476664780,-45.663211708,214.245693498,379.882091741
1618476664874,-20.941288933,251.663073783,380.734607319
1618476664968,-4.034893141,265.759547190,378.088009421
1618476665062,-15.285139812,254.762954519,379.783764645
1618476665156,-19.679717993,250.458867864,379.683007784
1618476665250,-20.492439663,246.428393882,379.658884821
1618476665344,-5.685544107,262.202497223,383.098378695
1618476665438,-21.610438969,243.207060063,385.536655589
1618476665532,-7.556741657,265.829950186,378.042838365
1618476665626,0.246457166,270.455928351,378.244768891
1618476665720,-21.339883643,242.550105210,380.544686132
1618476665809,2.194827545,275.926325112,379.302599842
1618476665904,-28.941288930,240.983776314,378.437790290
1618476665999,-9.047707385,263.207440134,379.028265666
1618476666094,-21.830119260,247.000239876,381.648861915
1618476666189,-19.254370107,244.194389860,380.606587725
1618476666284,-2.926948364,267.164343331,380.120895108
1618476666379,20.953430712,307.050564822,379.007795642
1618476666474,-30.121700256,235.487097679,380.402753672
1618476666569,-24.685248803,241.308417207,376.445389997
1618476666664,-10.865265755,258.634974063,377.944635736
1618476666759,0.524174347,268.540124478,379.223330307
1618476666854,-2.971395738,269.643846679,380.178939240
1618476666949,17.105986017,302.368486000,378.804551823
1618476667044,-28.187065249,234.136289713,385.371131825
1618476667138,1.726668675,278.868592049,379.348067495
1618476667232,-5.606661877,269.106303590,380.189765163
1618476667326,15.757850635,295.659145046,381.764536869
1618476667420,-1.280182916,272.788185724,380.229137317
1618476667514,-38.390256972,223.735218905,377.127647125
1618476667608,-0.741306401,277.007302782,378.304495495
1618476667702,-5.164447026,266.131141460,379.143527447
1618476667796,3.981940029,279.728117688,381.415007790
1618476667890,8.168731596,282.768745513,379.509597190
1618476667984,-5.032371344,266.298604146,382.147447678
1618476668078,-4.821478626,264.030141803,380.094343927
1618476668172,-33.056470083,228.694296725,380.196917894
1618476668263,3.616339544,273.460772715,379.315111036
1618476668356,-1.851856843,271.795413600,380.182487358
1618476668449,-41.369389508,226.493747636,384.098584804
1618476668542,-31.943638312,232.641148726,381.289312042
1618476668635,-8.350328587,263.823737710,378.019283354
1618476668728,-24.763007787,245.281543267,379.561808789
1618476668821,-8.637182214,265.727957211,380.040450753
1618476668914,-2.007169551,272.598487997,378.177877413
1618476669007,-2.380503461,271.660986321,382.226159632
1618476669100,-28.712030425,236.274459992,379.444595073
1618476669193,-17.704681569,255.231005046,377.771311931
1618476669286,0.307244670,278.068862130,380.305936574
1618476669379,-27.150499238,239.450582593,381.401898869
1618476669467,15.143142137,293.879737856,383.746291274
1618476669561,-17.013245409,250.303908279,380.702789825
1618476669655,-2.016591961,272.122400537,380.236961145
1618476669749,-8.703958985,262.375359209,379.008787001
1618476669843,-17.308575223,255.001169812,383.812750745
1618476669937,-9.315003088,271.672317204,379.109376983
1618476670031,-16.947824799,254.190646258,378.793776729
1618476670125,-14.808770910,254.902816315,381.857267491
1618476670219,-14.102113912,260.262948250,379.818878868
1618476670313,-9.541040731,258.778138869,379.924577584
1618476670407,-14.664486368,256.085758978,377.861550102
1618476670501,8.277395086,280.370663690,380.453459102
1618476670595,-25.878612069,241.867035412,379.528695755
1618476670683,-27.942584493,242.250063378,378.467433538
1618476670796,6.102032598,281.148316375,380.448254044
1618476670909,-2.102364710,273.013646717,379.234415264
1618476671022,-22.358961624,246.329704912,380.633164973
1618476671135,-28.286305945,238.082178471,377.486913003
1618476671248,6.154332952,280.946699803,379.420124705
