1618478119427	307	19	132
1618478119518	304	15	132
1618478119612	302	16	132
1618478119706	304	13	133
1618478119800	303	8	134
1618478119894	304	10	127
1618478119988	304	12	133
1618478120082	304	10	128
1618478120176	302	14	130
1618478120270	301	12	128
1618478120364	304	15	135
1618478120458	302	19	130
1618478120552	300	13	129
1618478120646	303	15	130
1618478120735	297	14	130
1618478120829	297	14	131
1618478120923	294	19	130
1618478121017	290	14	131
1618478121111	287	20	133
1618478121205	284	17	128
1618478121299	285	16	131
1618478121393	285	16	131
1618478121487	282	15	133
1618478121581	282	18	134
1618478121675	280	15	131
1618478121769	279	21	131
1618478121863	277	16	138
1618478121956	273	22	133
1618478122050	276	23	130
1618478122144	268	19	128
1618478122238	266	17	132
1618478122332	261	22	128
1618478122426	259	19	133
1618478122520	257	23	133
1618478122614	259	21	132
1618478122708	258	21	135
1618478122802	259	18	135
1618478122896	261	15	134
1618478122990	263	12	130
1618478123084	262	14	128
1618478123175	261	10	127
1618478123269	264	1	129
1618478123363	267	-5	132
1618478123457	258	-14	122
1618478123551	260	-19	121
1618478123645	263	-23	122
1618478123739	261	-24	126
1618478123833	268	-23	125
1618478123927	272	-27	125
1618478124021	276	-29	121
1618478124115	279	-31	127
1618478124209	277	-21	125
1618478124303	281	-26	122
1618478124393	286	-24	125
1618478124488	294	-26	127
1618478124583	303	-21	127
1618478124678	303	-26	127
1618478124773	313	-25	128
1618478124868	343	-9	128
1618478124963	352	-7	128
1618478125058	386	32	129
1618478125153	389	85	129
1618478125248	395	202	124
1618478125343	312	320	128
1618478125438	220	-35	125
1618478125533	280	-50	121
1618478125634	376	-48	125
1618478125728	384	168	125
1618478125822	226	48	127
1618478125916	289	60	134
1618478126010	275	24	148
1618478126104	299	0	173
1618478126198	303	0	205
1618478126292	308	-3	182
1618478126386	311	-1	118
1618478126480	308	5	19
1618478126574	314	-4	60
1618478126668	319	-2	107
1618478126762	326	1	159
1618478126852	328	-1	76
1618478126946	326	-4	64
1618478127040	327	-2	54
1618478127134	323	-1	102
1618478127228	325	-1	118
1618478127322	327	-1	121
1618478127416	323	-2	123
1618478127510	321	0	117
1618478127604	326	0	122
1618478127698	327	3	122
1618478127792	335	0	127
1618478127886	344	0	125
1618478127980	347	6	128
1618478128071	349	2	123
1618478128165	348	0	127
1618478128259	356	5	127
1618478128353	356	12	127
1618478128447	355	8	125
1618478128541	355	5	127
1618478128635	351	10	128
1618478128729	348	13	135
1618478128823	340	18	138
1618478128917	340	20	134
1618478129011	338	18	136
1618478129105	337	22	140
1618478129199	333	19	133
1618478129291	338	19	134
1618478129385	334	19	133
1618478129479	331	18	134
1618478129573	330	22	137
1618478129667	328	18	127
1618478129761	324	22	137
1618478129855	319	28	136
1618478129949	311	18	133
1618478130043	311	21	129
1618478130137	312	25	134
1618478130231	306	24	133
1618478130325	305	22	135
1618478130419	308	24	131
1618478130511	308	24	131
1618478130605	305	28	133
1618478130699	301	24	132
1618478130793	300	21	135
1618478130887	294	22	136
1618478130981	289	23	132
1618478131075	283	18	134
1618478131169	278	22	132
1618478131263	272	19	133
1618478131357	266	25	130
1618478131451	264	20	130
