1618478115386	-23.015228	253.872749	453.22084
1618478115480	-2.530027	292.343429	430.979155
1618478115574	-36.176917	256.502636	445.439873
1618478115668	-26.225917	325.949052	429.093683
1618478115762	-32.832521	274.233841	446.175707
1618478115857	-21.289248	260.521667	431.09264
1618478115951	-32.231819	265.28052	430.796253
1618478116045	-6.859242	293.027072	434.334534
1618478116139	0.500733	286.316626	449.185297
1618478116233	-39.239368	255.893527	446.659701
1618478116327	20.11634	291.764136	445.255047
1618478116421	-20.814638	262.154584	428.119285
1618478116515	-11.68961	292.862203	440.777799
1618478116609	-16.253976	271.079886	432.132017
1618478116703	-17.071051	292.784864	451.239369
1618478116797	-14.183935	239.73962	447.6261
1618478116891	-11.721966	274.522708	419.718476
1618478116985	-15.019904	262.049961	428.420537
1618478117073	-26.541567	307.559361	440.406466
1618478117167	-39.509524	287.679517	438.420826
1618478117261	-14.303308	246.224801	440.673206
1618478117355	-24.762481	272.597068	435.086661
1618478117449	-36.262587	277.545435	441.690956
1618478117543	-6.25946	250.01114	431.052102
1618478117637	-1.741591	312.562165	421.327035
1618478117731	-19.273442	285.07768	436.724499
1618478117825	-22.956326	252.086013	430.743683
1618478117919	-28.302746	259.186029	437.326132
1618478118013	-29.08416	287.172175	440.833656
1618478118107	-9.697126	239.429105	448.00366
1618478118201	-6.069396	296.1536	428.686757
1618478118299	-12.269972	295.429232	437.818326
1618478118393	-23.185223	276.223755	435.41671
1618478118487	-26.322055	268.850628	441.034871
1618478118581	-2.482449	305.783414	439.380962
1618478118675	-12.495597	293.178354	453.059509
1618478118769	-44.946411	292.640499	443.787601
1618478118863	-31.599381	277.281569	463.397961
1618478118957	-16.271316	269.278005	440.214777
1618478119051	-48.747655	263.911524	416.364578
1618478119145	-33.994865	270.699346	433.257321
1618478119239	-8.039898	235.122123	455.973992
1618478119333	-14.298815	231.37202	433.762962
1618478119427	-10.763608	245.355387	418.639232
1618478119518	-23.889959	307.925026	423.056551
1618478119612	-22.237803	302.320544	427.404346
1618478119706	-7.38862	249.93918	439.555683
1618478119800	12.381835	253.601689	464.077304
1618478119894	-1.872795	232.832436	450.881059
1618478119988	-12.087764	280.578176	443.485392
1618478120082	-46.117209	293.793207	434.330929
1618478120176	-26.959867	237.6442	447.423315
1618478120270	-11.149242	277.030664	436.232544
1618478120364	-32.216295	252.460168	437.752459
1618478120458	-7.205799	260.261888	446.647259
1618478120552	-23.160312	318.111757	424.234183
1618478120646	-11.676563	279.383365	435.191572
1618478120735	-0.390642	291.613529	455.208768
1618478120829	-16.750222	288.353313	431.437255
1618478120923	-16.128293	291.627547	426.307607
1618478121017	-10.943543	303.809523	436.100437
1618478121111	-25.383721	255.068262	440.993571
1618478121205	-2.757609	230.266537	431.283555
1618478121299	0.122663	288.651935	436.44688
1618478121393	-28.467123	264.889286	444.479073
1618478121487	-26.238891	297.585973	439.198462
1618478121581	-22.063398	291.017493	432.944933
1618478121675	-22.311123	326.581213	433.740713
1618478121769	-16.508788	281.547694	448.843295
1618478121863	10.33581	266.798779	453.050367
1618478121956	-19.173479	274.35189	450.415007
1618478122050	-31.422621	261.346378	412.894165
1618478122144	-12.031263	287.820969	437.436389
1618478122238	-7.566556	325.376698	427.629787
1618478122332	-43.752056	229.660162	441.996367
1618478122426	-13.190062	294.575801	437.23018
1618478122520	-38.698397	290.137554	450.623701
1618478122614	-12.495978	245.396234	446.818227
1618478122708	4.19503	288.541527	432.149735
1618478122802	-27.606909	245.093192	440.218379
1618478122896	-28.220314	265.438771	433.990722
1618478122990	-10.084586	260.571104	440.542157
1618478123084	-23.431981	259.403591	416.659993
1618478123175	-12.269289	268.825051	420.239616
1618478123269	-25.566179	289.553268	419.581641
1618478123363	-17.989719	295.462213	451.110763
1618478123457	-21.900937	303.829233	429.449351
1618478123551	-9.220408	270.849488	424.767884
1618478123645	-18.294835	261.422557	435.470775
1618478123739	-7.966498	268.715032	427.186848
1618478123833	-20.919004	297.637239	438.649104
1618478123927	-1.002261	275.401121	440.029559
1618478124021	5.682825	263.141903	449.208949
1618478124115	-20.343398	262.741412	447.402162
1618478124209	-28.976187	248.661715	434.496198
1618478124303	-18.031686	297.251429	442.48694
1618478124393	9.569719	276.106947	422.100815
1618478124488	1.792707	338.344234	454.062906
1618478124583	-16.695857	243.015304	448.009961
1618478124678	-6.682322	207.338906	436.964178
1618478124773	-13.561161	277.937848	421.89148
1618478124868	25.479497	275.825734	439.292421
1618478124963	28.469069	350.100347	425.825817
1618478125058	68.652425	354.520117	415.151342
1618478125153	74.152267	438.943084	393.196256
1618478125248	69.851545	553.389816	333.348267
1618478125343	-10.570858	851.533248	275.903293
1618478125438	-110.867515	281.22222	450.449961
1618478125533	-47.883084	234.710985	460.904822
1618478125634	40.236908	200.161087	468.859245
1618478125728	39.345872	497.658238	362.653616
1618478125822	-108.461962	310.160318	411.832929
1618478125916	-27.894942	415.738807	428.833119
1618478126010	-61.823833	363.171191	480.661917
1618478126104	-39.784008	291.628425	512.318685
1618478126198	-19.603549	301.23288	551.337012
1618478126292	-32.146878	229.438723	521.787703
1618478126386	-36.517032	275.738816	427.653923
1618478126480	-35.872332	288.619912	270.599685
1618478126574	-37.887617	271.177111	326.750012
1618478126668	-25.134906	250.511009	403.59492
1618478126762	-13.440107	207.939735	499.608485
1618478126852	-7.226797	307.742134	370.753998
1618478126946	-35.245121	267.388199	349.514283
1618478127040	-23.232359	265.061701	348.370388
1618478127134	-8.89329	292.658406	408.123831
1618478127228	-19.701921	322.151143	450.492396
1618478127322	-3.901136	288.58894	423.814849
1618478127416	-24.3021	252.150519	412.750911
1618478127510	-9.329229	255.415241	424.79367
1618478127604	-21.652162	264.282293	459.958297
1618478127698	-1.022991	266.522353	414.632491
1618478127792	-32.25916	293.065451	447.361217
1618478127886	-4.439708	285.979511	417.816767
1618478127980	-28.998075	293.360296	432.591832
1618478128071	-7.517963	276.624855	436.194178
1618478128165	-17.28835	279.524939	436.453505
1618478128259	4.581314	271.709599	458.669094
1618478128353	-9.604878	274.06227	444.44991
1618478128447	-3.497203	287.476678	420.335866
1618478128541	-25.359491	295.57223	449.123801
1618478128635	-21.733958	291.476407	443.476742
1618478128729	-10.388706	277.828024	453.498827
1618478128823	-22.952317	255.624875	425.429968
1618478128917	-35.590692	256.86686	451.724888
1618478129011	-13.223609	277.256141	434.732603
1618478129105	-23.330312	257.622935	432.251766
1618478129199	-9.015632	288.543801	437.459423
1618478129291	-11.802696	269.689399	431.241043
1618478129385	-5.893975	263.255272	420.47662
1618478129479	-8.934043	236.014926	442.136844
1618478129573	-27.320247	296.966599	447.146857
1618478129667	-6.911881	289.761603	427.798464
1618478129761	-1.747304	273.742877	456.30188
1618478129855	-26.020243	309.061501	431.45195
1618478129949	-25.673325	303.687716	427.908167
1618478130043	-30.791985	266.955835	447.496403
1618478130137	-35.688216	249.939119	440.40483
1618478130231	-16.596027	280.859867	444.670474
1618478130325	-10.995942	263.666442	445.540396
1618478130419	-32.072062	248.050417	432.492889
1618478130511	-24.65431	304.878475	437.460514
1618478130605	-14.75022	289.768206	428.236996
1618478130699	-22.836535	342.935001	447.453422
1618478130793	-30.206355	294.187707	430.586231
1618478130887	-7.515112	317.408508	442.638457
1618478130981	-11.865693	281.186364	433.728118
1618478131075	-22.54549	252.21283	434.06126
1618478131169	-18.113899	273.01655	450.244574
1618478131263	-28.693449	289.74587	438.285745
1618478131357	-27.012096	250.062861	422.544197
1618478131451	-5.749541	250.836515	444.673963
1618478131545	-36.366381	268.450259	415.830098
1618478131639	-31.588609	297.693611	431.466635
1618478131727	-39.520612	295.262887	434.792099
1618478131821	-3.276585	272.912177	433.968519
1618478131915	-9.956222	276.037357	444.271828
1618478132009	-28.091494	280.778346	421.395256
1618478132103	-4.738696	261.399744	443.764597
1618478132197	-26.688045	292.225308	423.330653
1618478132291	-37.092306	254.209979	448.103955
1618478132385	-21.534577	289.782487	430.570191
1618478132479	-21.556078	261.706372	444.93973
1618478132573	-4.513548	184.297106	454.698944
1618478132667	-24.334024	262.734409	453.277399
1618478132761	-29.673582	269.410071	442.101855
1618478132855	-4.491316	286.532123	442.417934
1618478132946	-18.598128	282.1942	426.579086
1618478133040	-19.817159	274.93937	427.096414
1618478133134	-28.112374	266.755727	436.749403
1618478133228	-6.512168	281.322882	418.639015
1618478133322	-13.360571	241.229426	448.921175
1618478133416	-14.617137	316.238413	447.579146
1618478133510	4.302698	282.011705	421.982977
1618478133604	-6.601618	288.356243	428.197567
1618478133698	-34.463425	278.008604	436.007641
1618478133792	-9.511161	292.877239	427.905732
1618478133886	-22.609528	254.336804	435.746059
1618478133980	-34.897511	277.912758	441.402061
1618478134074	-24.670527	266.410828	449.941738
1618478134165	-37.05043	276.549014	428.259692
1618478134259	-26.12012	324.87564	415.33832
1618478134353	-1.726614	257.100256	426.320552
1618478134447	-22.376962	312.863225	433.35599
1618478134541	-17.065643	250.454718	437.541784
1618478134635	-18.614417	247.448692	450.738506
1618478134729	-21.492275	246.100238	421.094782
1618478134823	-10.030459	326.291142	429.914355
1618478134917	-19.236263	281.000489	421.357049
1618478135011	-30.37295	257.707831	443.845638
1618478135105	-21.47421	274.626531	430.747375
1618478135199	-15.02525	296.438088	452.361704
1618478135293	-18.054213	275.128172	432.498232
1618478135385	-25.441643	321.955232	434.454792
nan	nan	nan	nan
