1618477352293	-88.251483	220.635025	240.332237
1618477352386	-93.694507	211.351268	230.644167
1618477352479	-91.11068	247.873211	229.199619
1618477352572	-94.295113	221.420773	229.667056
1618477352665	-86.918767	241.632167	239.49436
1618477352758	-98.743846	220.869181	232.171719
1618477352851	-101.592307	233.020511	229.317768
1618477352944	-96.268788	204.62538	241.119282
1618477353037	-95.538109	249.326614	226.706655
1618477353130	-93.520371	219.4419	223.118152
1618477353223	-93.161541	223.362761	244.899302
1618477353316	-86.174803	242.540777	236.481519
1618477353415	-93.873911	214.650784	227.550556
1618477353509	-93.217472	209.742185	243.923995
1618477353603	-95.824344	221.183566	231.76093
1618477353697	-77.906803	218.28876	224.576138
1618477353791	-100.777144	216.131898	229.803829
1618477353885	-88.932205	216.687926	250.446703
1618477353979	-93.822113	229.313627	246.74913
1618477354073	-101.110934	224.173404	224.686717
1618477354167	-105.666681	221.747115	237.461668
1618477354261	-93.237761	218.073714	232.421523
1618477354355	-97.607981	240.139131	236.357861
1618477354449	-91.201037	205.016658	247.817894
1618477354543	-93.04261	233.022735	226.817392
1618477354634	-72.432527	214.912613	243.473524
1618477354728	-89.547476	202.163538	240.384113
1618477354822	-98.914355	237.295994	238.046209
1618477354916	-98.749467	220.660098	234.431165
1618477355010	-89.65077	224.732173	234.389953
1618477355104	-80.452303	227.983251	234.651024
1618477355198	-100.118991	233.141479	238.115224
1618477355292	-92.238972	226.065365	235.343161
1618477355386	-91.523595	238.806859	226.018788
1618477355480	-92.952268	225.417625	231.022836
1618477355574	-85.439571	232.379111	234.102536
1618477355668	-94.464237	263.054357	229.817032
1618477355762	-90.030912	230.295633	230.47646
1618477355853	-88.904068	244.996232	238.856263
1618477355947	-87.550483	248.644586	237.913018
1618477356041	-93.0533	235.950842	236.385045
1618477356135	-84.928418	198.769499	232.528512
1618477356229	-82.603973	235.620232	234.846226
1618477356323	-72.589455	235.563312	238.571615
1618477356417	-96.703554	206.656017	229.095077
1618477356511	-86.129809	228.374886	237.358043
1618477356605	-77.262163	247.416444	238.186592
1618477356699	-94.678149	240.366374	229.812502
1618477356793	-94.198217	249.884027	230.45859
1618477356887	-102.152378	243.026551	226.536553
1618477356981	-82.34584	218.114282	227.309401
1618477357070	-87.04557	231.228072	226.663037
1618477357164	-89.83756	258.987318	233.685726
1618477357258	-96.793648	232.951809	238.577252
1618477357352	-90.465766	203.655749	229.006333
1618477357446	-97.074957	208.663068	226.591579
1618477357540	-88.47103	225.355803	227.356452
1618477357634	-95.536448	217.485226	234.868593
1618477357728	-93.430405	216.277986	231.253869
1618477357822	-84.587564	241.513013	225.340685
1618477357916	-97.832813	242.389259	233.00357
1618477358010	-95.325607	227.957902	234.76387
1618477358104	-88.292255	241.064691	234.241946
1618477358198	-95.161667	226.603867	245.148315
1618477358291	-88.264576	240.48757	232.836709
1618477358385	-90.252159	218.387122	230.392587
1618477358479	-101.73112	219.795044	232.945331
1618477358573	-90.851258	238.536484	243.356151
1618477358667	-99.770538	221.053073	236.797808
1618477358761	-90.041525	248.497631	242.468821
1618477358855	-96.740139	227.670499	241.038259
1618477358949	-86.95871	221.958871	226.392619
1618477359043	-90.436511	244.484189	234.093111
1618477359137	-93.817179	216.978387	233.435018
1618477359231	-101.346001	255.162408	237.238738
1618477359325	-93.790185	216.955189	248.087923
1618477359419	-97.088428	215.18537	236.849209
1618477359508	-101.563374	251.744169	237.273841
1618477359602	-91.138137	221.975061	228.939967
1618477359696	-99.294537	218.032607	228.558039
1618477359790	-94.801381	214.468451	229.181942
1618477359884	-89.542741	239.01148	230.303541
1618477359978	-82.830475	224.275281	228.240225
1618477360072	-92.009697	230.018927	236.879082
1618477360166	-86.510198	204.398176	235.318762
1618477360260	-93.753347	215.440305	232.487796
1618477360354	-102.637409	213.588044	237.463755
1618477360448	-86.380887	208.82345	236.434656
1618477360542	-96.490099	244.187885	235.399519
1618477360636	-90.515254	227.294363	234.688941
1618477360730	-105.616064	269.074099	224.781957
1618477360824	-87.294702	217.217192	233.98092
1618477360918	-94.056413	231.296123	228.030458
1618477361012	-95.806964	242.171971	238.18495
1618477361106	-90.368144	241.672787	236.331581
1618477361200	-84.363571	236.885157	229.215442
1618477361294	-90.40956	227.795612	228.858473
1618477361388	-85.209771	230.306731	238.055745
1618477361482	-102.848995	229.611696	232.489528
1618477361576	-94.615986	230.621818	231.062234
1618477361670	-91.920548	216.076806	233.732005
1618477361764	-86.407624	249.59384	237.785809
1618477361858	-97.696375	222.878849	238.967517
1618477361946	-84.721525	236.928896	233.632769
1618477362040	-87.331286	234.509537	236.28522
1618477362134	-92.667798	220.328445	228.963968
1618477362228	-86.055259	241.193354	254.4774
1618477362322	-90.194197	248.870296	268.63433
1618477362416	-97.385492	223.342371	277.295172
1618477362510	-76.703784	242.709002	311.730159
1618477362604	-92.479186	214.942126	315.539672
1618477362698	-93.964042	246.727424	244.380497
1618477362792	-93.192484	217.539635	145.466979
1618477362886	-93.506894	190.177535	183.001353
1618477362980	-76.978847	251.918621	229.788355
1618477363074	-68.432943	226.861638	221.495182
1618477363172	-51.582719	262.493234	165.347117
1618477363266	-34.065424	244.85824	205.345986
1618477363360	2.326443	350.125609	218.519463
1618477363454	-42.383095	467.381375	233.001598
1618477363548	-132.081153	516.711664	226.409259
1618477363642	-140.970079	171.777723	229.823886
1618477363736	-110.777656	144.62528	239.569608
1618477363830	-19.849702	165.614766	236.252556
1618477363924	-72.709675	426.223855	233.921846
1618477364018	-145.029359	262.110802	232.554003
1618477364112	-127.783835	246.30293	236.267605
1618477364206	-102.529941	243.926133	236.15124
1618477364300	-94.263258	241.174542	227.82441
1618477364391	-97.122636	239.544862	244.062919
1618477364485	-95.554525	245.326456	236.219979
1618477364579	-94.12009	236.860437	243.06298
1618477364673	-92.687107	234.905487	250.921578
1618477364767	-97.213483	243.397639	240.243718
1618477364861	-89.617219	226.952108	233.690668
1618477364955	-81.117047	236.441356	227.579537
1618477365049	-94.811108	238.285816	237.800699
1618477365143	-97.27313	225.437032	237.331379
1618477365237	-97.39027	219.609656	233.223032
1618477365331	-102.741225	222.523174	228.716558
1618477365425	-92.853798	239.265716	233.649488
1618477365519	-90.097399	197.290248	229.54664
1618477365613	-102.957965	227.095486	228.340204
1618477365707	-97.896873	218.373604	227.986963
1618477365801	-85.85985	230.597342	240.706094
1618477365895	-86.649566	234.38856	233.408468
1618477365989	-90.367786	244.643974	249.421341
1618477366083	-95.213694	244.433663	240.688072
1618477366177	-91.737357	213.735029	236.809332
1618477366271	-99.63833	203.436596	246.422327
1618477366365	-100.008576	232.306265	231.538419
1618477366459	-82.009865	254.063523	225.203513
1618477366553	-99.160979	203.503636	233.721719
1618477366647	-102.693686	227.651182	231.217416
1618477366741	-90.916691	212.417076	229.120057
1618477366830	-88.776154	235.719749	234.448104
1618477366924	-96.081029	227.900658	237.496941
1618477367018	-88.913867	240.937266	236.573598
1618477367112	-101.491513	239.450454	244.647766
1618477367206	-92.278348	229.551448	239.629668
1618477367300	-99.386269	242.155263	229.941465
1618477367394	-97.359601	228.254126	233.940666
1618477367488	-89.822488	230.462384	232.385448
1618477367582	-82.626453	239.098516	235.987351
1618477367676	-93.594158	223.931453	237.418504
1618477367770	-76.992711	221.707509	238.935799
1618477367864	-102.707045	224.836859	230.5801
1618477367958	-94.581515	228.343667	226.379706
1618477368047	-81.114446	228.810117	232.276975
1618477368141	-100.669426	229.739112	231.589108
1618477368235	-80.797237	220.104158	225.841648
1618477368329	-96.944974	239.02168	222.11125
1618477368423	-87.390433	192.879782	233.914354
1618477368517	-90.482894	221.956356	232.430236
1618477368611	-105.294952	219.364058	232.815501
1618477368705	-100.197033	237.848126	246.38942
1618477368799	-93.017631	204.979937	234.712281
1618477368893	-100.121572	219.151305	245.421059
1618477368987	-91.530929	232.984968	237.776105
1618477369081	-96.088713	252.612235	244.829971
1618477369175	-98.611557	234.047069	238.469079
1618477369267	-84.34656	227.539353	238.336098
1618477369361	-91.551791	257.456023	242.567137
1618477369455	-94.825219	233.649094	225.308828
1618477369549	-98.71499	202.834229	237.122989
1618477369643	-90.68507	239.97897	236.293387
1618477369737	-90.027136	222.921988	238.693276
1618477369831	-89.81097	267.154624	229.75586
1618477369925	-80.059104	230.870734	244.548755
1618477370019	-94.255803	237.794009	236.360595
1618477370113	-98.519091	225.806726	226.240602
1618477370207	-88.819736	204.249269	243.383882
1618477370301	-101.666354	205.448591	232.547048
1618477370395	-94.739065	222.716646	224.536912
1618477370485	-100.708956	219.031575	222.881249
1618477370579	-84.007389	244.073913	223.340457
1618477370673	-96.509052	232.816342	243.936638
1618477370767	-97.72913	229.672073	238.666542
1618477370861	-90.070995	242.038762	229.569166
1618477370955	-96.888128	239.905878	235.821479
1618477371049	-93.381483	215.915418	236.706863
1618477371143	-90.808451	223.853888	241.135165
1618477371237	-100.619502	201.355181	235.3533
1618477371331	-93.605048	230.709531	233.655407
1618477371425	-91.241393	213.696056	228.886792
1618477371519	-90.50322	252.746703	220.725316
1618477371613	-98.823354	232.291176	241.05255
1618477371705	-92.016178	217.397145	235.251907
1618477371799	-93.772895	242.31514	246.262685
1618477371893	-86.902525	231.076752	238.680891
1618477371987	-107.084959	210.862085	230.603294
1618477372081	-91.426228	237.366824	227.359829
1618477372175	-95.511147	230.173789	243.298579
1618477372269	-94.23584	243.037299	231.940719
1618477372363	-98.317882	240.415575	nan
