1618477688069,-0.047735
1618477688161,-0.030899
1618477688255,-0.030283
1618477688349,-0.048113
1618477688443,-0.065705
1618477688537,-0.048016
1618477688631,-0.031137
1618477688725,-0.065467
1618477688819,-0.012972
1618477688913,-0.065370
1618477689007,4.139061
1618477689101,-0.065705
1618477689195,0.003377
1618477689289,0.003755
1618477689379,-0.047638
1618477689473,-0.013264
1618477689567,-0.083632
1618477689661,-0.031374
1618477689755,-0.048729
1618477689849,-0.082487
1618477689943,-0.065230
1618477690037,-0.065132
1618477690131,-0.065608
1618477690225,-0.013307
1618477690319,0.003712
1618477690413,-0.065565
1618477690507,-0.065845
1618477690598,-0.047735
1618477690693,-0.065370
1618477690788,-0.013923
1618477690883,-0.100273
1618477690978,-0.013069
1618477691073,-0.048966
1618477691168,0.038993
1618477691263,-0.013545
1618477691358,-0.065802
1618477691453,0.004188
1618477691548,-0.048016
1618477691643,-0.082638
1618477691738,-0.065467
1618477691830,-0.065943
1618477691924,-0.065467
1618477692018,-0.100456
1618477692112,-0.047217
1618477692206,-0.117530
1618477692300,-0.065705
1618477692394,-0.048308
1618477692488,-0.032087
1618477692582,-0.047735
1618477692676,0.003572
1618477692770,-0.065608
1618477692864,-0.067735
1618477692958,-0.030521
1618477693051,-0.030996
1618477693146,-0.082919
1618477693241,-0.065608
1618477693336,-0.048686
1618477693431,-0.012972
1618477693526,-0.100456
1618477693621,-0.065467
1618477693716,-0.083102
1618477693811,-0.048405
1618477693906,-0.065608
1618477694001,-0.066418
1618477694096,-0.065845
1618477694191,-0.135500
1618477694286,-0.117195
1618477694380,-0.119042
1618477694474,-0.083437
1618477694568,-0.099701
1618477694662,-0.099560
1618477694756,-0.117433
1618477694850,-0.065845
1618477694944,-0.100651
1618477695038,-0.116439
1618477695132,-0.100316
1618477695226,-0.082401
1618477695320,-0.151580
1618477695414,-0.186710
1618477695502,-0.187185
1618477695597,-0.169971
1618477695692,-0.170025
1618477695787,-0.238632
1618477695882,-0.290933
1618477695977,-0.359820
1618477696072,-0.429572
1618477696167,-0.481787
1618477696262,-0.533612
1618477696357,-0.638353
1618477696452,-0.760730
1618477696547,-0.847263
1618477696642,-0.968743
1618477696738,-1.071498
1618477696832,-1.193130
1618477696926,-1.385009
1618477697020,-1.627548
1618477697114,-1.714880
1618477697208,-1.714460
1618477697302,-0.881734
1618477697396,0.750508
1618477697490,1.705091
1618477697584,2.329187
1618477697678,3.769453
1618477697772,3.821321
1618477697866,4.271161
1618477697957,8.685578
1618477698051,4.549920
1618477698145,6.978362
1618477698239,2.554921
1618477698333,1.773838
1618477698427,3.023066
1618477698521,4.984284
1618477698615,3.925014
1618477698709,0.384880
1618477698803,-2.947241
1618477698897,-1.801157
1618477698991,0.905454
1618477699085,-0.222532
1618477699177,-1.195194
1618477699271,-0.987040
1618477699365,-0.693594
1618477699459,-0.465873
1618477699553,-0.325648
1618477699647,-0.235736
1618477699741,-0.209229
1618477699835,-0.183389
1618477699929,-0.147858
1618477700023,-0.146584
1618477700117,-0.017792
1618477700211,-0.118772
1618477700305,-0.095574
1618477700394,-0.135958
1618477700488,-0.131331
1618477700582,-0.138949
1618477700676,-0.082631
1618477700770,-0.114504
1618477700864,-0.096853
1618477700958,-0.127053
1618477701052,-0.137810
1618477701146,-0.099048
1618477701240,-0.089500
1618477701334,-0.135778
1618477701428,-0.089956
1618477701522,-0.081256
1618477701613,-0.111453
1618477701707,-0.073246
1618477701801,-0.140817
1618477701895,-0.067243
1618477701989,-0.066530
1618477702083,-0.065439
1618477702177,-0.046811
1618477702271,-0.115796
1618477702365,-0.061929
1618477702459,0.024702
1618477702553,-0.061130
1618477702647,-0.078754
1618477702741,-0.026075
1618477702832,-0.009196
1618477702926,-0.096248
1618477703020,-0.008246
1618477703114,0.008774
1618477703208,-0.095200
1618477703302,-0.008850
1618477703396,-0.060913
1618477703490,0.008937
1618477703584,-0.026247
1618477703678,-0.009033
1618477703772,-0.026290
1618477703866,-0.061365
1618477703960,-0.009972
1618477704050,-0.062499
1618477704144,-0.009442
1618477704238,-0.045004
1618477704332,-0.027790
1618477704426,-0.080231
1618477704520,-0.063297
1618477704614,-0.063632
1618477704708,-0.063297
1618477704802,-0.029625
1618477704896,0.023852
1618477704990,-0.064150
1618477705084,3.922230
1618477705178,-0.064248
1618477705269,-0.012465
1618477705363,-0.064388
1618477705457,-0.030283
1618477705551,0.005224
1618477705645,-0.029302
1618477705739,-0.065284
1618477705833,-0.047595
1618477705927,-0.047875
1618477706021,0.022816
1618477706115,0.021682
1618477706209,-0.030241
1618477706303,-0.013599
1618477706397,-0.065424
1618477706488,0.039036
1618477706582,-0.013739
1618477706676,-0.012703
1618477706770,-0.064906
1618477706864,-0.030241
1618477706958,-0.048351
1618477707052,-0.065467
1618477707146,-0.047540
1618477707240,0.004706
1618477707334,0.004047
1618477707428,-0.065089
1618477707522,-0.064711
1618477707616,-0.030899
1618477707707,-0.030716
1618477707801,-0.014495
1618477707895,-0.030241
1618477707989,-0.065230
1618477708083,-0.065187
1618477708177,-0.030521
1618477708271,-0.048826
1618477708365,-0.048826
1618477708459,-0.048351
1618477708553,-0.014020
1618477708647,-0.064852
1618477708741,-0.031374
1618477708835,0.003810
1618477708924,0.004468
1618477709018,0.021585
1618477709112,-0.064614
1618477709206,-0.047973
1618477709300,0.003993
1618477709394,0.056110
1618477709488,-0.012929
1618477709582,0.003993
1618477709676,-0.030618
1618477709770,-0.030673
1618477709864,-0.049063
1618477709958,-0.012465
1618477710052,0.004047
1618477710148,-0.047681
1618477710242,-0.065845
