1610679850062	164.383306	207.651946	425.839908
1610679850155	184.008302	198.957343	405.691075
1610679850248	162.926065	222.011144	403.792677
1610679850341	141.523905	227.724162	396.77356
1610679850434	118.162173	232.164067	431.679471
1610679850527	165.38773	191.061423	401.459445
1610679850620	127.579388	168.25149	440.484537
1610679850718	119.42772	239.288588	421.797207
1610679850813	138.608327	119.432312	426.527439
1610679850908	186.362588	229.47461	418.177392
1610679851003	171.145367	282.100739	415.681363
1610679851098	118.31965	187.71869	421.876646
1610679851193	166.302326	222.473868	411.006449
1610679851288	162.804518	189.884511	413.123163
1610679851383	102.701572	207.612253	418.330651
1610679851478	128.761971	230.612716	415.969954
1610679851573	161.787917	212.393902	409.839241
1610679851668	105.857703	225.253846	419.848749
1610679851763	164.648473	235.67703	446.583044
1610679851858	156.21093	232.271968	422.784809
1610679851950	138.973302	155.051568	415.65577
1610679852044	129.41393	218.725343	416.629488
1610679852138	178.788455	167.429358	428.958075
1610679852232	170.201073	207.367618	400.924717
1610679852326	198.682473	162.975378	409.711245
1610679852420	139.577979	219.337222	406.798167
1610679852514	175.180102	160.209272	413.72297
1610679852608	171.62105	150.20282	430.424758
1610679852702	152.555635	228.331042	425.797405
1610679852796	132.003195	188.406525	433.289279
1610679852890	220.594208	201.114505	442.270252
1610679852984	123.03399	188.502645	408.611415
1610679853078	175.327298	192.99874	422.292488
1610679853169	156.492601	237.53732	427.857537
1610679853264	184.891872	189.568543	419.72845
1610679853359	163.636137	202.475346	413.405054
1610679853454	148.589642	206.621092	418.712642
1610679853549	138.026694	233.948277	418.664222
1610679853644	179.292153	185.388067	428.850095
1610679853739	202.381455	219.383284	428.594347
1610679853834	154.685575	194.338156	404.3838
1610679853929	118.207502	219.882017	431.135586
1610679854024	199.1186	190.23561	425.523899
1610679854119	158.054738	202.062997	430.150702
1610679854214	176.984934	234.712063	430.070633
1610679854309	211.94774	221.361055	428.687227
1610679854404	166.698141	233.09118	435.314407
1610679854498	125.49827	147.157237	425.018431
1610679854592	150.960501	221.553371	435.592624
1610679854686	156.197474	224.539517	393.622491
1610679854780	135.666693	213.203778	433.435658
1610679854874	131.404389	209.805477	418.637132
1610679854968	151.043478	237.200641	391.290095
1610679855062	161.805602	193.050574	390.223424
1610679855156	213.952672	218.529366	417.558286
1610679855250	167.636149	245.072037	427.089668
1610679855344	176.423979	130.641479	429.497125
1610679855438	144.026427	214.935585	415.22609
1610679855532	191.990336	172.611787	410.43287
1610679855625	199.491259	180.022706	404.486494
1610679855720	172.248095	233.325924	404.657073
1610679855815	156.392892	167.559165	421.649804
1610679855910	128.927396	198.660753	414.392648
1610679856005	142.823043	217.484085	407.442802
1610679856100	222.454943	276.010171	429.795906
1610679856195	152.171059	226.044966	401.872161
1610679856290	192.11519	175.424926	417.035545
1610679856385	137.80467	225.653762	433.635106
1610679856480	174.234441	150.321903	425.173658
1610679856575	145.735467	218.845995	432.95375
1610679856670	162.466351	126.444959	411.586701
1610679856765	182.357481	219.143298	410.341156
1610679856859	140.661041	132.457185	406.102022
1610679856953	189.951228	248.050626	409.371491
1610679857047	165.885831	233.772701	428.413354
1610679857141	101.908549	220.503156	399.1163
1610679857235	133.312681	193.18141	446.181569
1610679857329	144.698439	210.313784	415.081203
1610679857423	152.840654	201.706765	424.173786
1610679857517	199.269154	205.230914	412.202632
1610679857611	222.945965	242.24139	426.766233
1610679857705	206.973519	226.392362	413.456677
1610679857799	184.839591	120.541628	425.920343
1610679857893	240.361422	193.402425	397.724548
1610679857987	167.964603	223.954041	428.315649
1610679858077	174.333423	157.63929	427.943075
1610679858172	206.218841	149.492397	416.792809
1610679858267	154.628184	186.688723	393.203718
1610679858362	161.15856	215.279135	413.002202
1610679858457	120.394981	223.265489	426.045244
1610679858552	144.305986	265.773007	417.085875
1610679858647	185.930734	207.14682	410.101597
1610679858742	140.259669	171.790001	394.134772
1610679858837	134.804808	264.011297	353.682069
1610679858932	123.755638	183.294362	297.206511
1610679859027	197.718126	178.342704	337.935633
1610679859122	170.517142	181.064638	366.659632
1610679859217	180.839908	206.884175	669.706995
1610679859311	194.075469	198.748343	365.145667
1610679859405	179.750515	168.440041	431.685705
1610679859499	174.367007	247.58456	302.287189
1610679859593	130.903647	198.517245	424.943751
1610679859687	182.51525	122.680242	281.233351
1610679859781	124.938511	201.130126	284.4089
1610679859875	128.362935	188.806457	352.451907
1610679859969	125.394657	187.460911	385.984531
1610679860063	171.086079	171.165242	387.196193
1610679860157	136.573063	218.649672	404.007605
1610679860251	-3.483362	231.946145	433.319107
1610679860345	-99.962202	116.777767	397.317302
1610679860439	-15.975489	-592.926893	412.43718
1610679860532	474.95653	270.904936	418.354125
1610679860626	456.609082	305.19255	419.648863
1610679860720	553.09059	683.994299	415.099436
1610679860814	242.057021	39.878717	406.199461
1610679860908	575.173181	267.340794	403.89489
1610679861002	381.057378	363.332822	394.142737
1610679861096	81.225877	413.01933	411.489863
1610679861190	125.792037	269.918945	418.180731
1610679861284	144.746389	246.313796	437.511006
1610679861378	173.985138	210.022206	404.214136
1610679861472	146.877778	167.093231	423.144074
1610679861566	180.575607	192.48214	421.274649
1610679861660	133.55077	154.111996	405.093523
1610679861751	178.70413	218.93152	430.984301
1610679861845	181.243896	233.364977	424.504811
1610679861939	178.995534	252.500427	405.246325
1610679862033	135.664031	199.639868	429.73308
1610679862127	232.099692	220.003114	419.659377
1610679862221	218.011342	173.692756	410.443549
1610679862315	199.782684	183.740513	409.926495
1610679862409	143.513488	201.55202	434.464124
1610679862503	193.997451	236.269621	425.708034
1610679862597	180.524449	218.74472	380.290935
1610679862691	186.286198	197.787117	419.36404
1610679862785	147.213486	163.399296	431.996929
1610679862879	137.454522	214.642799	410.119268
1610679862969	182.308519	194.3844	420.405585
1610679863063	196.835803	168.253409	411.048915
1610679863157	116.07989	157.209372	421.884702
1610679863251	151.841155	187.373166	435.836187
1610679863345	133.953853	193.446694	417.879436
1610679863439	166.33095	233.991637	408.266142
1610679863533	194.052863	221.791698	408.404168
1610679863627	188.082765	235.754794	408.294606
1610679863721	200.298437	199.493533	415.322709
1610679863815	203.307661	217.44815	437.177822
1610679863909	153.764055	169.531177	392.928482
1610679864003	141.651695	201.142374	425.957195
1610679864097	157.951059	246.204337	413.864911
1610679864186	137.414264	230.200807	422.215133
1610679864280	100.800367	237.258851	414.99211
1610679864374	157.82686	259.704356	406.169636
1610679864468	172.689956	173.357914	414.612159
1610679864562	112.642573	204.92277	440.55704
1610679864656	197.088347	179.31069	411.61527
1610679864750	145.616243	241.790436	423.424116
1610679864844	142.126718	197.690807	408.799735
1610679864938	121.683956	145.505101	408.21323
1610679865032	171.466066	189.96702	423.205616
1610679865126	204.995369	210.488054	415.282039
1610679865220	143.339124	227.337865	398.107312
1610679865314	134.803807	175.411047	408.671276
1610679865406	140.847066	230.676637	439.477417
1610679865500	179.026304	185.863236	412.548895
1610679865594	147.038589	200.791777	431.363087
1610679865688	117.239409	187.167312	432.482576
1610679865782	142.908598	227.863897	410.096442
1610679865876	161.060208	221.862995	424.125916
1610679865970	159.10162	178.309026	431.678615
1610679866064	151.05342	216.063874	426.266105
1610679866158	158.069258	194.588991	419.221538
1610679866252	113.595516	280.73725	414.866844
1610679866346	216.360184	170.980863	411.999413
1610679866440	172.431945	230.37787	414.736899
1610679866534	110.770715	139.791402	414.543074
1610679866625	205.832206	177.434536	404.523132
1610679866719	137.610852	163.787944	394.163532
1610679866813	215.75154	240.88951	399.543916
1610679866907	161.846335	164.856695	413.92384
1610679867001	148.503847	204.167587	439.279575
1610679867095	138.971361	212.419499	440.006118
1610679867189	146.820301	270.820056	424.256018
1610679867283	179.227542	197.253659	407.589842
1610679867377	133.029799	159.60927	415.73152
1610679867471	142.083794	165.012832	426.335803
1610679867565	126.189247	141.111	405.691041
1610679867659	124.285985	213.131021	413.784069
1610679867753	187.732627	237.269827	422.668675
1610679867843	165.767979	169.476931	435.944289
1610679867937	124.314131	195.366837	424.28029
1610679868031	184.640093	211.860629	412.514782
1610679868125	204.224616	196.034403	402.27262
1610679868219	153.39555	197.305677	416.032788
1610679868313	184.82714	258.042134	439.698613
1610679868407	152.355883	173.593915	422.084648
1610679868501	157.512558	193.636229	426.100066
1610679868595	208.200759	202.501776	398.910279
1610679868689	138.643433	162.783	409.967805
1610679868783	199.931922	210.952828	417.658968
1610679868877	127.788394	267.319625	408.028358
1610679868971	215.086896	162.67796	421.846382
1610679869060	129.695731	204.024335	420.394849
1610679869154	178.984121	203.054351	417.661162
1610679869248	150.956508	197.82503	423.737169
1610679869342	159.956094	230.922001	431.883297
1610679869436	117.494783	228.31092	411.206599
1610679869530	127.571594	158.876665	423.19824
1610679869624	187.285525	215.011553	428.002162
1610679869718	170.739319	234.680278	421.509159
1610679869812	135.774166	198.264391	415.553086
1610679869906	183.913298	186.215266	431.789262
1610679870000	135.005367	149.694776	428.991938
1610679870094	156.773875	195.521733	416.120991
1610679870188	158.648386	176.091421	429.671101
1610679870280	145.467916	203.768529	410.780925
1610679870374	166.091622	272.308622	405.343191
1610679870468	184.050104	199.753648	419.305932
1610679870562	131.644718	241.580868	427.709983
1610679870656	164.719054	147.618042	408.770621
1610679870750	176.614555	233.719108	426.550503
1610679870844	171.251568	203.962575	411.24979
1610679870938	174.434303	208.041632	424.700854
1610679871032	161.657564	211.699661	413.317512
1610679871126	165.430652	206.218712	419.024469
1610679871220	177.074044	193.074863	413.127286
1610679871314	198.147417	235.171891	417.588365
1610679871408	128.061617	182.440724	431.16891
1610679871498	235.645396	247.645268	414.96937
1610679871592	178.964146	237.466296	440.896164
1610679871686	161.892636	147.832358	437.754843
1610679871780	194.482331	172.299684	413.892809
1610679871874	108.267391	226.218464	439.962452
1610679871968	191.861812	217.652675	425.403957
1610679872062	175.856812	204.322603	413.367193
1610679872156	176.567848	166.933441	399.579405
1610679872250	191.199606	233.354195	427.717188
1610679872344	170.357987	230.896299	426.012022
1610679872438	152.93545	181.6664	404.178528
1610679872532	190.122495	226.413385	433.958068
1610679872626	180.801158	274.799852	419.86989
