1610679047997,340.178957454,308.720281089,159.679231481
1610679048091,336.985758724,318.913469372,195.838367710
1610679048185,42.905861185,110.538220604,656.134380778
1610679048279,-10.832906288,91.958645198,672.713949104
1610679048369,162.576416099,224.015624212,364.054480736
1610679048463,206.928779499,269.367954150,307.315776306
1610679048557,279.247013386,260.174760331,312.508965811
1610679048651,262.667424776,238.402000494,375.440859544
1610679048745,-13.832924393,94.958643104,679.907138535
1610679048839,-5.639709178,95.958646094,641.748002246
1610679048933,304.019785468,291.140708851,185.451989074
1610679049027,317.406200980,319.913470569,173.065610209
1610679049121,149.189996467,149.697347090,514.691025665
1610679049215,115.030925242,148.697354606,580.816108455
1610679049309,65.485396482,149.697353005,536.463782944
1610679049403,102.644487769,170.470105274,503.304646911
1610679049497,350.372076684,303.527083610,185.451989198
1610679049588,348.178905052,305.720275027,202.031557232
1610679049682,22.133135180,92.958656146,661.327570030
1610679049776,-6.832909508,88.765455460,690.293517213
1610679049870,175.769598191,215.822434005,327.895344567
1610679049964,281.860642532,270.561139974,227.804314660
1610679050058,303.440229784,244.981574092,327.895344445
1610679050152,274.281068220,210.015624328,376.440859464
1610679050246,31.167113131,59.958647444,673.713949034
1610679050340,76.360283481,28.345023977,648.941191639
1610679050434,532.406175642,88.720278272,195.645178399
1610679050528,422.792488838,23.913460057,173.065610538
1610679050622,-88.389451968,-272.302639068,521.884214599
1610679050716,15.030898386,15.697351499,558.043351089
1610679050806,-27.901027416,414.083726513,523.884215010
1610679050900,-339.935070276,149.663295803,465.145510679
1610679050994,140.985740616,453.527088545,215.224746508
1610679051088,347.792504473,695.333893768,210.031557311
1610679051182,126.939918464,208.958652982,696.100327592
1610679051276,51.360311172,122.958648448,685.713949002
1610679051370,230.735513942,264.981566605,330.315776581
1610679051464,282.860647415,269.174761807,288.190693374
1610679051558,259.281078554,248.788382987,347.281723231
1610679051652,243.894663858,228.015621363,368.020427654
1610679051746,2.553521134,106.345029562,173.134380830
1610679051840,5.553434238,107.345019510,724.782055583
1610679051934,331.792552756,307.527088719,266.065610307
1610679052026,344.178911672,316.913465159,128.679231647
1610679052120,144.996790119,156.890534491,692.043351288
1610679052214,73.871779426,137.310974761,624.816108490
1610679052308,80.064982201,155.890544410,527.111457319
1610679052402,96.644537357,195.049679108,471.759131805
1610679052496,354.565259724,301.527082878,207.838367953
1610679052590,314.406147617,304.527085665,238.997504061
1610679052684,12.939829019,92.958642635,667.327570452
1610679052778,-11.832936116,102.151831114,664.327570480
1610679052872,204.928790599,268.367955434,298.929397534
1610679052966,248.281067415,293.140707259,255.577072149
1610679053060,246.281104197,250.788385953,365.054480602
1610679053154,228.701502654,217.822435254,410.406806284
1610679053252,-11.832864081,98.151839446,660.327570219
1610679053346,-8.832867436,110.538217790,625.168434036
1610679053440,340.178942305,310.720279337,173.065610268
1610679053534,342.178922830,316.913466450,157.679231606
1610679053628,129.610454145,157.890539438,555.043351133
1610679053722,101.644543470,151.697354254,598.395676564
1610679053816,62.485397115,160.083731810,493.111457380
1610679053910,104.837678855,181.663294839,452.759131978
1610679054004,347.372051045,316.913459376,204.031557389
1610679054098,333.985713907,299.333896090,230.804314702
1610679054192,19.133060875,107.345026282,686.100327762
1610679054286,-0.446476034,82.572272426,692.293517015
1610679054380,205.928683195,252.981564278,293.736208556
1610679054474,230.701473590,269.367946820,253.577072242
1610679054569,260.860646456,245.595193598,338.281723232
1610679054664,222.508346414,223.015628452,400.213616799
1610679054759,-12.832903278,110.538213644,654.134380995
1610679054854,6.746728934,106.345031695,630.361623300
1610679054949,314.406219151,310.720283305,172.065610144
1610679055044,317.406218143,309.720283189,171.065610147
1610679055139,116.224123623,147.697355648,536.463782862
1610679055234,80.064965770,137.310974411,580.816108501
1610679055329,60.485423068,156.890545447,507.497836018
