1618476199458,-94.035588326,229.999683763,230.633453800
1618476199552,-93.717433385,230.002510876,270.669801165
1618476199646,-91.100425307,232.999107625,223.678213777
1618476199740,-94.187896279,229.998330361,212.945872905
1618476199834,-94.062317700,231.999446247,227.353865714
1618476199928,-89.715414769,230.002528813,269.917477376
1618476200022,-93.019262172,227.999828837,234.636608026
1618476200116,-94.132071563,230.998826417,217.795343884
1618476200206,-94.713522053,229.002545632,271.149706176
1618476200300,-91.111482204,229.999009373,222.321576395
1618476200394,-93.901906542,230.000871655,246.035677666
1618476200488,-88.861065769,230.001234564,252.046678202
1618476200582,-95.312838206,229.997220132,195.615994827
1618476200676,-95.910586320,230.000794527,246.970703327
1618476200770,-91.148918304,230.998676718,218.728315681
1618476200864,-88.009105857,229.999919086,231.882747495
1618476200958,-93.235947057,231.997903383,207.050233320
1618476201052,-90.124826484,230.998890797,221.684286243
1618476201146,-93.941184548,230.000522632,239.216422358
1618476201240,-94.901938857,230.000871368,248.031712774
1618476201334,-92.568675240,230.003832735,288.921834695
1618476201426,-91.888566118,232.000990197,249.672494628
1618476201520,-93.110403509,229.999018959,222.453928061
1618476201614,-93.095597894,227.999150521,224.270518163
1618476201708,-91.913040745,230.000772717,246.669555205
1618476201802,-92.973072051,229.000239281,240.303952325
1618476201896,-94.736409009,228.002342259,267.341567542
1618476201990,-92.129580040,231.998848557,219.101043884
1618476202084,-93.011606169,230.999896868,232.575969211
1618476202178,-95.944718750,234.000491227,242.782789758
1618476202272,-93.062514059,234.999444502,229.329773315
1618476202366,-93.781013020,229.001945910,259.868832614
1618476202460,-90.191698800,231.998296572,212.479318781
1618476202554,-94.045968494,229.999591526,230.359848408
1618476202643,-91.868013277,230.001172829,253.194246673
1618476202738,-92.983983453,231.000142322,235.965166702
1618476202833,-94.977640604,233.000198685,234.743409114
1618476202928,-92.808215969,231.001704186,259.531138762
1618476203023,-97.164984331,230.998533956,217.757078010
1618476203118,-94.560608357,232.995018456,164.215581561
1618476203213,-96.293161272,230.997394980,201.030276497
1618476203308,-95.968541142,230.000279542,237.859876900
1618476203403,-91.946085161,230.000479085,240.615136634
1618476203498,-91.912878973,230.000774154,247.689403949
1618476203593,-95.929122563,229.000629814,240.696379944
1618476203688,-95.088198375,233.999216273,224.178409785
1618476203783,-93.453959073,229.995966137,181.301025042
1618476203872,-93.936351959,231.000565574,244.809361780
1618476203966,-96.098895396,231.999121219,221.865927720
1618476204060,-95.015075617,230.999866039,231.150281679
1618476204154,-99.750679452,237.002215453,267.590640805
1618476204248,-98.015188096,231.999865039,232.136480899
1618476204342,-98.749076465,230.002229697,262.787320949
1618476204436,-96.110055475,229.999022051,223.496630342
1618476204530,-96.845082763,230.001376589,253.007729646
1618476204624,-100.298069260,229.997351368,194.428085825
1618476204718,-98.158751824,230.998589337,219.521781827
1618476204812,-101.021789300,229.999806381,231.326539481
1618476204906,-100.643558877,230.003167322,276.733909837
1618476205000,-106.877305698,233.001090257,248.054103487
1618476205090,-109.050480436,232.999551433,230.806251051
1618476205185,-109.111609700,233.999008240,220.305933141
1618476205280,-115.064703264,239.999425049,225.061166486
1618476205375,-116.239166620,246.997874775,205.655205716
1618476205470,-124.937948385,252.000551388,244.613486635
1618476205565,-182.924221120,300.000673368,245.297767518
1618476205660,-174.114075463,511.998986330,222.003393826
1618476205755,-131.588199887,380.003659240,285.526238072
1618476205850,-244.942999643,324.000506503,242.993717366
1618476205945,-194.841111043,625.001411881,250.495043862
1618476206040,-110.002485760,431.999977912,237.695007155
1618476206135,-150.739515886,344.002314652,268.960366013
1618476206230,-249.227369383,255.997979604,205.102679891
1618476206324,-284.899319917,316.000894639,246.353046212
1618476206418,-292.951632247,433.000429794,242.934531105
1618476206512,-126.692430935,303.002733047,267.737502547
1618476206606,-55.710456319,184.002572874,267.525859521
1618476206700,-38.205331758,159.998175430,205.806608932
1618476206794,57.061169999,4.000543554,236.505315925
1618476206888,-12.008309854,-32.000073841,228.980413864
1618476206982,-65.101468475,17.999098355,214.550221204
1618476207076,-126.866401911,95.001187148,240.391954814
1618476207170,-128.101886866,136.999094637,209.498886259
1618476207264,-131.238569586,169.997880080,181.728459498
1618476207358,-129.703103147,191.002638214,244.428064480
1618476207452,-124.217078197,202.998071051,171.365367503
1618476207543,-115.129680514,211.998847664,164.088716073
1618476207638,-112.074934714,214.999334133,142.805808230
1618476207733,-107.127129637,220.998870331,143.401698485
1618476207828,-103.986129363,223.000123254,396.701872109
1618476207923,-103.262545056,225.997667035,357.786764555
1618476208018,-101.815976321,222.001635227,337.578974439
1618476208113,-103.972337117,224.000245811,180.394125872
1618476208208,-97.322057191,221.997138212,292.484861941
1618476208303,-99.734653564,227.002357858,487.556953636
1618476208398,-96.968942256,228.000275978,605.810661846
1618476208493,-97.933748657,230.000588707,579.128776568
1618476208588,-99.135063828,226.998799828,588.428204806
1618476208683,-97.754016506,227.002185800,748.181197542
1618476208777,-97.127564208,228.998866469,716.348378435
1618476208871,-97.338291978,228.996993950,500.492918043
1618476208965,-96.925305702,231.000663731,444.164693716
1618476209059,-96.959984742,230.000355574,371.909713189
1618476209153,-98.243449743,228.997836715,320.129683623
1618476209247,-96.120037694,229.998933350,197.271851835
1618476209341,-94.906459270,230.000831199,163.477075993
1618476209435,-95.101446530,229.999098550,147.552913806
1618476209529,-96.161386249,231.998565928,153.198548347
1618476209623,-94.441667937,227.996075356,133.809098589
1618476209717,-96.883997531,227.001030794,211.233042204
1618476209811,-95.010313366,227.999908356,200.734590922
1618476209905,-94.963239874,230.000326649,213.510321390
1618476209996,-93.999744120,230.000002274,212.031395458
1618476210091,-95.858716375,230.001255441,234.334939556
1618476210186,-94.075025826,229.999333323,212.794629163
1618476210281,-98.097617188,235.999132577,211.022758748
1618476210376,-93.828907016,230.001520326,248.992429492
1618476210471,-95.030019904,229.999733244,223.316677032
1618476210566,-97.216003593,229.998080600,203.497217169
1618476210661,-95.954339326,231.000405739,240.602383319
1618476210756,-94.879010203,230.001075111,243.844967475
1618476210851,-95.824750561,229.001557260,252.502409990
1618476210946,-96.099289032,228.999117721,219.817630196
1618476211041,-96.046229436,229.999589207,229.327831784
1618476211136,-89.256218757,229.997723250,199.562976271
1618476211230,-94.927370236,230.000645385,238.911383481
1618476211324,-91.792155411,230.001846899,257.501705472
1618476211418,-95.969764494,232.000268672,235.709776491
1618476211512,-96.975193807,230.000220427,236.043621317
1618476211606,-94.090531318,229.999195542,220.892166854
1618476211700,-94.032733659,229.999709130,230.983710062
1618476211794,-94.254658475,230.997737115,200.754416737
1618476211888,-92.074305336,232.999339726,224.883030472
1618476211982,-93.949554766,231.000448254,238.189429818
1618476212076,-92.996030690,236.000035271,231.487018627
1618476212170,-94.161190318,232.998567669,219.222588224
1618476212264,-97.090168322,228.999198768,221.936705010
1618476212358,-92.033847769,227.999699230,226.847013214
1618476212452,-93.251556181,229.997764681,201.135055905
1618476212547,-94.854006893,232.001297289,250.912774344
1618476212642,-93.008933994,228.999920613,231.903834391
1618476212737,-93.926614080,233.000652104,243.004160833
1618476212832,-92.898945889,232.000897963,245.398938010
1618476212927,-92.901605751,232.000874328,244.072583546
1618476213022,-95.724496480,230.002448114,266.803187560
1618476213117,-95.231736604,230.997940797,207.566839231
1618476213212,-95.855672715,230.001282487,248.708384583
1618476213307,-95.100456321,229.999107349,220.674408472
1618476213402,-95.161467295,230.998565208,215.188604347
1618476213497,-96.750548877,230.002216613,264.606661842
1618476213592,-93.212532485,234.998111444,209.923108311
1618476213687,-90.949556719,229.000448237,245.189190155
1618476213780,-91.911485863,229.000786533,246.860332962
1618476213873,-95.765068883,230.002087589,261.825114803
1618476213966,-94.975752353,230.000215464,235.975090020
1618476214059,-96.992960291,230.000062555,236.863744391
1618476214152,-96.088870373,229.999210301,223.095958245
1618476214245,-96.036720590,229.999673702,226.494529511
1618476214338,-96.029231795,229.999740247,227.413374876
1618476214431,-96.022182760,227.999802885,230.278263418
1618476214524,-93.291943724,229.997405799,199.179664721
1618476214617,-94.001529913,230.999986405,229.812285713
1618476214710,-95.806620839,229.001718360,253.726854906
1618476214803,-94.762686988,232.002108754,262.117363840
1618476214902,-95.095824127,231.999148510,218.242760219
1618476214997,-94.046496110,227.999586837,231.295112051
1618476215092,-97.799844707,232.001778572,260.558259324
1618476215187,-88.557743254,230.003929877,293.263145906
1618476215282,-97.013800992,232.999877365,231.306673070
1618476215377,-93.016947723,230.999849403,232.920581657
1618476215472,-95.883338912,230.001036646,249.313852132
1618476215567,-94.020596364,229.999816982,232.472907989
1618476215662,-93.909687146,230.000802517,244.081028464
1618476215757,-91.814139539,230.001651549,253.804340325
1618476215852,-96.112113994,229.999003759,221.244058333
1618476215947,-94.053645822,229.999523305,225.417870759
1618476216042,-91.771447020,230.002030913,261.042542767
1618476216137,-93.892374607,230.000956355,245.205208222
1618476216231,-94.942458197,230.000511314,239.060150615
1618476216325,-94.040293262,231.999641956,228.056176790
1618476216419,-93.141858296,229.998739453,215.594550647
1618476216513,-95.270213262,229.997598895,200.845906119
1618476216607,-92.853178921,231.001304646,251.014363159
1618476216701,-95.936202753,233.000566900,243.827668796
1618476216795,-97.867616436,230.001176355,249.242937428
1618476216889,-95.882312551,230.001045766,248.439782547
1618476216983,-94.014425124,229.999871819,230.230094530
1618476217077,-92.815504854,237.001639417,256.636821511
1618476217171,-93.189246106,229.998318366,206.780254561
1618476217265,-94.141195848,228.998745339,215.675830274
nan,nan,nan,nan
