1610679538877,158.728642478,241.982192664,357.400826802
1610679538971,162.039765442,243.002609534,317.519184906
1610679539065,159.964479544,242.997669036,326.895734624
1610679539159,161.279907502,246.018368413,281.420741535
1610679539253,160.008668635,245.000568863,318.805214197
1610679539347,162.329794554,245.021642159,274.544879105
1610679539441,162.241655844,242.015858219,290.692913862
1610679539535,161.241002123,249.015815319,284.783015257
1610679539629,161.667817292,243.978201123,367.784276890
1610679539723,160.535641696,240.969527344,385.001853888
1610679539817,160.933084713,241.995608808,329.222840120
1610679539911,162.536373127,243.969575343,386.901041766
1610679540008,161.043387228,245.002847207,324.019999242
1610679540101,153.940285018,247.996081315,328.230432236
1610679540194,164.348434900,243.022865397,272.975706309
1610679540287,158.312328084,243.020495954,281.952258093
1610679540380,158.873738296,242.991714309,341.402473561
1610679540473,158.803062311,241.987076328,347.143645549
1610679540566,160.214237839,243.014058963,290.471899112
1610679540659,158.099766412,242.006546987,309.249335321
1610679540752,160.971833075,240.998151598,325.882207770
1610679540845,160.052438332,243.003441169,313.772498189
1610679540938,161.524115613,245.968770966,386.590477795
1610679541031,163.200113977,243.013132110,296.418571165
1610679541124,163.925209490,244.995092011,331.308271118
1610679541221,159.854404809,244.990445584,342.067181045
1610679541315,159.887736337,240.927009751,474.301741103
1610679541409,162.160158342,245.010510095,298.925600281
1610679541503,162.644204593,239.976651583,379.038782051
1610679541597,158.193853781,248.012721296,292.281405135
1610679541691,160.316679724,244.020781522,278.352477751
1610679541785,160.354002345,243.023230750,273.208353223
1610679541879,164.330459478,243.021685793,278.453233480
1610679541973,163.983127467,245.998892771,325.325517617
1610679542067,158.130745384,246.008579924,303.979547063
1610679542161,160.617312444,244.040509989,237.916691397
1610679542255,162.100425657,246.006590248,307.158472471
1610679542349,159.129598231,242.008504645,306.137657496
1610679542440,161.928997012,244.995340560,332.786242271
1610679542534,160.984514470,243.998983791,325.134348862
1610679542628,158.919922354,242.994745052,336.036989599
1610679542722,159.968061245,241.997904078,327.402073880
1610679542816,162.182323723,246.011964658,294.870576978
1610679542910,160.571349940,243.971870631,380.080236718
1610679543004,159.111044187,242.007287070,306.694935414
1610679543098,158.623663955,246.975303642,374.869869395
1610679543192,160.902758222,244.993618688,332.402697933
1610679543286,163.924035027,242.995014939,336.470145753
1610679543380,160.932153718,244.995547713,329.351157965
1610679543474,162.858451499,242.990711141,341.509431355
1610679543568,161.506133979,245.033214108,250.240263404
1610679543660,161.117600273,242.007717301,302.791319284
1610679543754,161.121397680,245.007966499,302.267927961
1610679543848,161.554990562,241.036420231,242.506429068
1610679543942,160.297089552,242.953872800,411.881161447
1610679544036,160.839500149,243.989467494,337.121469411
1610679544130,163.738790740,241.048481778,206.173508287
1610679544224,159.095226191,242.006249043,288.875107650
1610679544318,161.856202391,243.990563547,290.819422843
1610679544412,158.568783783,239.971702232,316.433926572
1610679544506,157.634118496,240.975989702,409.428934688
1610679544600,154.900450334,242.993467237,599.720790815
1610679544694,158.377659995,239.024783240,589.947652414
1610679544788,156.505385561,244.967541841,871.172014553
1610679544879,158.808841275,243.987455562,543.347138983
1610679544973,153.418796072,243.027482719,259.277924647
1610679545067,149.000230708,245.000015140,271.968201847
1610679545161,145.346994926,243.022770901,254.174175893
1610679545255,138.980676587,251.998731937,313.663318930
1610679545349,49.347290900,292.022790324,266.133382259
1610679545443,5.593543690,289.973327055,373.021303335
1610679545537,140.742799167,430.048744824,215.621032387
1610679545631,-34.145015240,268.990483643,339.987247181
1610679545725,82.710958439,390.981032181,357.838193088
1610679545819,198.784335865,180.985847439,349.724685288
1610679545913,131.205622960,139.947870474,431.487873519
1610679546007,135.369862313,203.024271531,270.022395994
1610679546096,141.739368018,227.982896507,355.922540672
1610679546190,150.858374301,234.990706075,339.520071511
1610679546284,154.949290202,237.996672263,325.989260390
1610679546378,157.084835140,240.005567149,311.307291642
1610679546472,158.577531924,241.037899466,245.399584770
1610679546566,158.668874192,238.043893634,227.810008037
1610679546660,158.573644138,243.972021184,378.764030614
1610679546754,161.399175412,242.026195149,263.982212746
1610679546848,159.635640695,238.976089593,370.219132126
1610679546942,160.885523204,239.992487672,333.778176214
1610679547036,159.716618956,244.981403642,361.058011925
1610679547130,161.077595603,245.005092068,310.305106785
1610679547224,158.349740616,242.957327929,415.624339059
1610679547314,159.832311304,241.988995739,342.112297844
1610679547408,159.939865122,241.996053760,328.288305863
1610679547502,158.851453668,244.990251921,344.473932659
1610679547596,159.960515449,242.997408899,327.442100365
1610679547690,158.202684764,244.013300813,295.064243230
1610679547784,158.830768425,241.988894490,344.324950672
1610679547878,159.109675352,241.007197242,306.883600046
1610679547972,161.007447898,244.000488755,318.973466647
1610679548066,162.165928146,241.010888728,297.130356330
1610679548160,161.774825037,244.985223309,355.035549437
1610679548254,159.641091412,240.976447287,369.467867359
1610679548348,163.681215344,242.979080346,364.937642152
1610679548442,162.263562428,245.017295798,285.673560068
1610679548535,160.350103454,243.022974893,272.745731918
1610679548629,160.291336968,239.019118451,284.845434157
1610679548723,160.296012908,245.019425300,287.200955995
1610679548817,160.134954613,244.008856147,300.399394875
1610679548911,159.958508728,244.997277212,327.718683851
1610679549005,161.719458532,243.981589984,361.666637179
1610679549099,163.542284702,244.969963279,383.086257671
1610679549193,163.811954514,242.053283016,210.089447872
1610679549287,162.053585634,245.003516458,313.614367153
1610679549381,162.272375724,245.017874154,284.458835878
1610679549475,159.491111108,244.032228260,252.310844575
1610679549569,159.898548256,238.993342417,333.982951595
1610679549663,163.168411801,241.011051713,296.788037646
1610679549753,165.252680998,243.016581724,288.173332292
1610679549847,157.021094935,242.001384316,320.092514622
1610679549941,161.145189863,244.009527817,300.988684703
1610679550035,160.742077203,241.983074293,356.549137384
1610679550129,157.303677692,243.019928288,279.144529487
1610679550223,162.026856723,248.001762423,320.298375529
1610679550317,160.835554816,243.989208588,344.665249137
1610679550411,160.895986160,242.993174284,337.336081776
1610679550505,160.963072984,242.997576733,329.089598900
1610679550599,158.283346272,239.952970922,417.775378435
1610679550693,161.438621297,243.028783713,261.545441680
1610679550787,161.271450174,242.017813416,290.586403104
1610679550881,160.134788867,241.943222117,439.250837225
1610679550971,157.993546404,241.999576495,324.889490072
1610679551065,162.221816092,241.014556271,292.427399119
