1618477352306,10.368206204,283.014955683,380.452860995
1618477352400,-10.156951030,260.820433258,378.996130433
1618477352494,-3.179919045,265.514626008,380.118837225
1618477352588,-16.431057925,252.642264803,379.841444763
1618477352682,-14.856856994,255.155110615,379.830946852
1618477352776,-1.044248577,270.246222041,380.220800576
1618477352870,-23.623114969,244.413875032,379.664127387
1618477352964,-12.280844164,260.678687859,380.993075896
1618477353058,-16.772751990,256.395428715,376.857675040
1618477353152,-12.353465087,256.875132373,375.868012396
1618477353246,-10.781970061,260.105352695,379.980720832
1618477353340,-11.608967120,266.591472461,376.034295376
1618477353434,0.413982644,271.914575725,383.256752700
1618477353523,0.680897256,275.219951148,381.263333377
1618477353617,3.002129564,273.875659252,379.320562458
1618477353711,-8.073361154,262.204256067,380.047500533
1618477353805,-10.048782528,257.656000071,379.949488062
1618477353899,-3.754775834,268.001029832,380.129318966
1618477353993,-5.633450680,264.707555029,377.058346355
1618477354087,-17.008688093,253.981401557,377.827203515
1618477354181,-16.744625156,252.283514395,379.833713884
1618477354275,3.632018506,277.308123324,378.286782902
1618477354369,-4.357046654,266.456069426,377.139124825
1618477354463,-22.949111533,247.329092426,377.705399293
1618477354557,-12.279452740,259.392091652,379.943800977
1618477354651,-2.403066836,267.547512073,380.162644827
1618477354743,-1.577015575,267.348498354,379.158356188
1618477354837,-12.518267649,262.551147123,378.011876924
1618477354931,-3.193758284,266.498792617,380.118496024
1618477355025,-8.817238656,259.209096169,380.004505910
1618477355119,7.407927073,279.772211965,380.404531074
1618477355213,-6.016968222,267.412868950,380.073545491
1618477355307,-13.318056464,259.636113487,379.992158441
1618477355401,-11.857334149,256.730940962,378.929553535
1618477355495,-17.278042001,252.817329414,379.845217311
1618477355589,-12.758392106,255.700045902,378.907338301
1618477355683,-7.253409478,263.142357912,381.067716123
1618477355777,-8.623019206,262.287207425,378.984639703
1618477355871,-17.880454383,250.984018919,378.805710456
1618477355960,-10.403459936,261.826592010,379.039362076
1618477356054,-9.028062746,258.823799515,378.974653512
1618477356148,-5.685169406,265.792478005,382.081725862
1618477356242,-12.015744937,258.837892247,375.974957203
1618477356336,-21.500677302,256.418519623,376.815073712
1618477356430,-10.154383578,260.823370664,379.996193733
1618477356524,-7.810130571,260.505416615,380.053990381
1618477356618,10.854469053,283.859474250,378.514158841
1618477356712,-11.183748192,257.501586657,377.946160536
1618477356806,-3.479157563,267.460457124,380.160768840
1618477356900,-26.691019215,240.903903995,376.588489399
1618477356994,-8.287839858,268.535248511,378.140831091
1618477357088,-21.358918633,249.004328620,377.719950269
1618477357179,-6.400694951,266.117943541,380.088739469
1618477357273,-18.525384014,254.246158757,377.789809966
1618477357367,-14.465781911,254.458443233,378.815934044
1618477357461,-14.684735306,255.640222146,379.884499669
1618477357555,-14.744537109,256.571803258,375.883025279
1618477357649,-0.609960090,270.743088921,377.231507790
1618477357743,-10.861799273,260.014020567,378.978752673
1618477357837,-24.938286108,255.629665858,379.754975413
1618477357931,-23.172524049,248.929393428,377.675236532
1618477358025,-21.562997653,247.914937087,379.739573392
1618477358119,14.037229303,285.924475103,379.494010112
1618477358213,-15.129316041,256.275674029,380.898193316
1618477358307,-12.741193613,256.863816659,379.932416935
1618477358398,-17.413725464,253.662094769,379.841872088
1618477358492,-20.996024041,247.275420104,379.704242683
1618477358586,-22.588159771,249.886149258,380.738953030
1618477358680,-7.518321433,263.839273717,378.061184822
1618477358774,2.224503591,274.841887929,381.276735780
1618477358868,-10.474304739,260.169162636,378.938996977
1618477358962,-21.442624868,247.764466749,377.693231913
1618477359056,-8.784720756,264.390393769,380.029962238
1618477359150,-24.073241090,246.898888408,379.653029703
1618477359244,-17.751874088,251.131126871,379.808880553
1618477359338,-20.288812332,258.660913078,377.820297161
1618477359432,-18.161435540,251.662550046,381.798782974
1618477359526,-2.549120320,270.524507213,378.183698547
1618477359616,-8.764781691,269.557299999,379.055108440
1618477359710,-21.093665010,249.163709651,379.701835383
1618477359804,-13.188744980,259.351775797,384.921382730
1618477359898,-10.681991142,261.363832046,380.007840385
1618477359992,-16.545434402,255.511407355,379.838624855
1618477360086,-14.333319410,254.898180922,381.868509080
1618477360180,-5.682514667,263.795515277,380.081791313
1618477360274,5.223968506,277.129463869,381.326031811
1618477360368,-1.702668824,272.781115473,380.253876704
1618477360462,-0.116810155,269.019110706,379.194356986
1618477360556,-5.592841638,265.898109657,379.084002167
1618477360650,-1.692684167,269.504350732,379.204813648
1618477360744,-20.373423675,249.275921615,378.768901877
1618477360835,-8.546100246,264.663398078,378.035845334
1618477360929,-4.107957218,263.308768980,381.071302192
1618477361023,-21.345620744,248.163636720,380.744932736
1618477361117,15.022929132,289.484490618,380.592275995
1618477361211,-15.811506425,258.351089997,377.856719565
1618477361305,-14.471198197,255.884528684,379.889764344
1618477361399,2.415198221,273.060060523,379.281437282
1618477361493,-25.466304947,242.305092320,375.618684254
1618477361587,-9.509132091,254.985222805,378.913483710
1618477361681,-7.017746193,263.411978878,380.073526310
1618477361775,-8.616830889,257.150193378,378.960137662
1618477361869,4.775013810,270.183535275,378.240999172
1618477361963,-14.547446729,241.356352552,379.641338347
1618477362053,2.623251821,261.001246837,378.064675256
1618477362147,4.851764664,263.262687024,380.070309151
1618477362241,8.855218673,257.834356544,378.996430473
1618477362335,27.080275959,272.235937312,378.026633785
1618477362429,66.437327483,293.364908161,379.158709811
1618477362523,73.236682468,404.135351391,380.153762986
1618477362617,61.026713343,470.471503216,380.247204726
1618477362711,-26.750154680,522.718128740,380.080123675
1618477362805,-137.386760222,294.116569287,381.743918458
1618477362899,-33.176323789,222.527397767,385.291508148
1618477362993,20.049070434,177.759294617,386.779318305
1618477363087,5.205350868,465.946752582,394.955753622
1618477363181,-3.255474771,288.851806895,396.018355981
1618477363271,-28.744039813,299.157406914,419.154238271
1618477363365,-32.407655055,261.957228015,458.891330975
1618477363459,-11.263307796,274.427879881,451.289363591
1618477363553,-27.989557916,245.138723896,323.679747491
1618477363647,-8.841206912,268.046238613,327.151842653
1618477363741,-8.363636415,266.448530119,348.138962357
1618477363835,-26.691664382,240.903165864,394.588473493
1618477363929,-14.052292338,258.651984519,374.949401529
1618477364023,-6.724807351,267.035316596,351.130057827
1618477364117,-9.274609446,259.685820963,326.993229611
1618477364211,-2.067058698,267.643748862,365.121619753
1618477364305,-26.722346816,237.435780081,372.513753193
1618477364399,3.459763519,273.111047416,376.282536022
1618477364491,5.590520955,274.404740287,377.310414408
1618477364585,-1.863650133,271.452843648,375.225253160
1618477364679,-4.064753582,277.366856450,378.244949645
1618477364773,-2.322508379,268.639678526,376.164630964
1618477364867,-4.826632267,267.918819314,377.127547374
1618477364961,-11.903380033,256.822354203,378.953072904
1618477365055,-4.075341969,268.778366084,380.146070144
1618477365149,-7.470115439,262.894425909,383.062373322
1618477365243,-12.859243852,255.584662018,375.904851841
1618477365337,0.872728526,270.007141973,381.194099066
1618477365431,-8.535229191,266.675835588,377.036113356
1618477365525,-13.082234845,256.473633410,376.924008696
1618477365619,-0.311071769,272.940951211,380.214222153
1618477365711,-6.225494925,262.030200722,379.043749734
1618477365805,-14.761744218,251.119834514,377.808637209
1618477365899,-19.864020071,248.714633191,377.756806413
1618477365993,-17.429713777,251.499708571,377.816823290
1618477366087,-4.902763011,264.543530454,382.076361176
1618477366181,-18.071781607,250.765122578,377.800993357
1618477366275,-12.801817632,259.082645207,376.980231497
1618477366369,-10.924122636,261.086810842,380.001870727
1618477366463,2.063811089,273.802134655,379.297428580
1618477366557,-12.807425674,256.499852824,379.881474786
1618477366651,-15.970685206,256.168974498,376.852795073
1618477366745,-7.602249129,257.310970347,379.985151781
1618477366839,-9.258305884,259.992661899,379.042940792
1618477366929,-15.764429417,252.260856459,379.833225618
1618477367023,-6.948112672,265.491646175,379.075243098
1618477367117,-16.207544694,249.465702772,381.772991559
1618477367211,-17.316119034,253.917859770,378.868933148
1618477367305,4.949251090,273.815161305,380.319258760
1618477367399,-15.600617412,256.880554992,378.911228175
1618477367493,-0.390841007,273.993781763,378.236910086
1618477367587,-4.764855209,264.845404016,379.104415851
1618477367681,-8.202108940,263.056956489,378.044326306
1618477367775,-22.097666102,248.015037961,379.677082125
1618477367869,-31.787889283,234.072605206,379.462828045
1618477367963,-3.429164983,262.941277082,377.063382940
1618477368057,2.456604530,273.107433235,377.282458138
1618477368148,-5.241724800,263.155726283,375.068004205
1618477368242,-17.039547603,252.802001310,376.801788074
1618477368336,-22.146424441,250.679724154,376.799153067
1618477368430,8.388245938,280.749694896,380.404045843
1618477368524,-0.489403665,270.881016811,380.234480062
1618477368618,-5.337317324,260.758171316,386.016338184
1618477368712,-5.664240002,264.960517276,379.106896480
1618477368806,-9.854645994,260.166298655,378.003583647
1618477368900,-1.601874340,271.320057588,381.157743305
1618477368994,-10.161797331,255.238512378,377.897392502
1618477369088,-16.776032022,256.391676051,379.857594172
1618477369182,-0.238064378,271.168572597,380.240676734
1618477369276,-18.440339373,250.487551889,379.816561320
1618477369367,-0.702737916,268.348754234,380.179911165
1618477369461,-0.738108846,269.452380626,378.203693720
1618477369555,-11.660917684,253.811565809,378.909741495
1618477369649,-5.054509725,265.514012003,379.097274532
1618477369743,-17.246238213,250.709621875,379.821346809
1618477369837,-8.873484950,261.288839181,380.027773791
1618477369931,-4.086794256,266.765263591,379.145787793
1618477370025,-27.799701299,237.347279277,379.511846049
1618477370119,-20.756377197,247.693692700,379.734805695
1618477370213,8.732849844,283.432142307,380.461851143
1618477370307,6.829295171,278.254296705,377.414919741
1618477370401,-5.118651817,265.584721480,382.120347745
1618477370495,-7.861981567,268.446094198,380.052712015
1618477370584,3.988256729,276.003881488,379.344875041
1618477370678,-25.950736481,244.894951141,373.631395394
1618477370772,-10.896409618,256.974423077,380.977899369
1618477370866,-6.000243602,263.287909424,380.049303218
1618477370960,-18.916209197,248.799017985,377.780174323
1618477371054,-4.099709880,269.038675029,378.194778587
1618477371148,-29.922685751,238.206573494,378.508813915
1618477371242,-18.534100066,251.236186773,381.789595075
1618477371336,-18.735652497,251.149685898,379.809280490
1618477371430,-12.079447983,256.332727779,376.899422793
1618477371524,-9.269693957,260.835538809,379.018005412
1618477371618,-11.502016951,259.281551323,385.962968355
1618477371712,-8.022656347,266.262267135,378.048750640
1618477371805,-9.207878696,257.762167218,378.994874831
1618477371899,-11.693094891,255.774752058,376.908948179
1618477371993,-4.570368958,264.923820516,378.084556222
1618477372087,-9.642675590,259.264718672,378.984155083
1618477372181,-15.392475022,253.830501337,378.867050621
1618477372275,-5.152807583,264.113361879,379.045541812
nan,nan,nan,nan
