1618476537560	-96	152	236
1618476537654	-92	154	236
1618476537748	-94	152	240
1618476537842	-95	154	238
1618476537936	-93	154.5	236
1618476538030	-94	153	237.5
1618476538124	-95	156	237
1618476538218	-91	162	234
1618476538312	-91	156	235.5
1618476538406	-94	155.5	239
1618476538500	-55.130515	152.5	241
1618476538594	-93	156	243.5
1618476538687	-94	154	213.631864
1618476538781	-59.130515	155.5	238
1618476538875	-94	154.5	241
1618476538969	-92	153	241
1618476539063	-90	156.5	237.5
1618476539157	-90	156.5	240
1618476539251	-91	155	239
1618476539345	-94	153	241.5
1618476539439	-94	155	240.5
1618476539533	-98	162	234
1618476539627	-95	154.5	239
1618476539721	-94	153.5	241
1618476539815	-91	156	237.5
1618476539904	-92	152.5	241
1618476539998	-89	155	240.5
1618476540092	-93	153.5	236.5
1618476540186	-92	216.462554	241.5
1618476540280	-95	150	213.631864
1618476540374	-91	156.5	242
1618476540468	-90	89.037446	238
1618476540562	-97	151.5	243
1618476540656	-94	152.5	270.868136
1618476540750	-93	159.5	239
1618476540844	-91	158.5	239.5
1618476540938	-91	151	243
1618476541032	-95	154	241
1618476541124	-92	151.5	238.5
1618476541218	-92	153.5	238
1618476541312	-93	150	242
1618476541406	-92	154.5	239
1618476541500	-94	153	239
1618476541594	-94	153.5	247
1618476541688	-96	154	238
1618476541782	-95	158	236.5
1618476541876	-96	147.5	240
1618476541970	-92	152	241
1618476542064	-91	152.5	241
1618476542158	-96	218.462554	236.5
1618476542252	-96	154	239.5
1618476542343	-93	152	243
1618476542437	-89	89.037446	238
1618476542531	-97	160	238
1618476542625	-93	155	236
1618476542719	-94	150.5	240.5
1618476542813	-92	152	241.5
1618476542907	-93	153	241
1618476543001	-93	154	237.5
1618476543095	-94	151.5	240
1618476543189	-93	155	239
1618476543283	-91	156	237.5
1618476543377	-94	157	237
1618476543471	-92	154.5	240.5
1618476543562	-54.130515	154	239
1618476543656	-94	150.5	242
1618476543750	-94	155	237.5
1618476543844	-94	155	239
1618476543938	-94	156	240.5
1618476544032	-97	156.5	237.5
1618476544126	-93	150.5	239
1618476544220	-94	151.5	240
1618476544314	-95	154.5	240.5
1618476544408	-95	154	239
1618476544502	-93	154.5	240.5
1618476544596	-91	154	241
1618476544690	-94	155	242
1618476544779	-97	151	241.5
1618476544873	-94	152	241.5
1618476544967	-89	153.5	234.5
1618476545061	-93	155.5	242
1618476545155	-93	218.962554	237.5
1618476545249	-91	155	239
1618476545343	-92	155	245
1618476545437	-97	155	243.5
1618476545531	-91	154.5	250.5
1618476545625	-92	152	247.5
1618476545719	-93	155	248
1618476545813	-56.130515	156	248
1618476545907	-93	147.5	258
1618476545997	-90	151.5	264
1618476546091	-91	149	287
1618476546185	-90	149.5	314
1618476546279	-92	155	338
1618476546373	-88	155.5	351.5
1618476546467	-92	155	248
1618476546561	-124.869485	88.037446	93.5
1618476546655	-88	149	164
1618476546749	-86	150.5	211.5
1618476546843	-85	213.962554	281
1618476546937	-84	145.5	262
1618476547031	-81	143	168.5
1618476547125	-67	143.5	177.5
1618476547215	-30	162	162
1618476547309	-18	181.5	203.5
1618476547403	-12	288.5	173
1618476547497	-14	402	137
1618476547591	-77	558	101.5
1618476547685	-187	438.5	153.5
1618476547779	-170	109.5	251
1618476547873	-125	68	256
1618476547967	-25	184.5	225
1618476548061	-61	427.5	156.5
1618476548155	-179	238	214.5
1618476548249	-153	196.5	234.5
1618476548343	-113	183.5	233
1618476548434	-112	166	237.5
1618476548528	-106	158.5	237.5
1618476548622	-101	161.5	244
1618476548716	-100	158	238.5
1618476548810	-99	153.5	238
1618476548904	-60.130515	149.5	239.5
1618476548998	-96	153	241.5
1618476549092	-97	152	240
1618476549186	-95	150.5	242
1618476549280	-99	156.5	236.5
1618476549374	-94	152.5	237
1618476549468	-96	153.5	242.5
1618476549562	-97	91.037446	240.5
1618476549655	-95	157.5	241.5
1618476549749	-97	152	237
1618476549843	-94	156.5	240
1618476549937	-94	153.5	236.5
1618476550031	-94	153.5	241
1618476550125	-92	158	239.5
1618476550219	-95	150.5	242
1618476550313	-95	152.5	238.5
1618476550407	-95	153.5	239.5
1618476550501	-94	155	248
1618476550595	-95	151.5	241.5
1618476550689	-93	154	240.5
1618476550783	-95	155.5	240
1618476550875	-93	157.5	235.5
1618476550969	-97	153.5	239.5
1618476551063	-96	153.5	238
1618476551157	-94	154.5	241
1618476551251	-94	155.5	240.5
1618476551345	-93	155	239
1618476551439	-94	153.5	242
1618476551533	-94	151	240
1618476551627	-95	155	237.5
1618476551721	-57.130515	153.5	239.5
1618476551815	-95	153	239.5
1618476551909	-93	155	237.5
1618476552003	-93	154	239
1618476552093	-93	150.5	242
1618476552187	-91	149	241
1618476552281	-91	153	239.5
1618476552375	-94	156.5	235.5
1618476552469	-97	155.5	235.5
1618476552563	-92	155	243.5
1618476552657	-92	150	239
1618476552751	-96	152	240
1618476552845	-93	91.037446	237
1618476552939	-92	155	240.5
1618476553033	-92	156.5	263.868136
1618476553127	-96	155.5	240.5
1618476553221	-95	155	241
1618476553313	-94	154.5	240.5
1618476553407	-95	155	240.5
1618476553501	-91	150	240.5
1618476553595	-97	155.5	240.5
1618476553689	-95	154.5	239.5
1618476553783	-98	162.5	234.5
1618476553877	-93	156	234.5
1618476553971	-131.869485	150	240.5
1618476554065	-95	155	243.5
1618476554159	-92	217.462554	232.5
1618476554253	-92	155.5	236
1618476554347	-96	156.5	238.5
1618476554441	-93	153.5	241
1618476554532	-93	86.037446	236
1618476554626	-95	157	240
1618476554720	-92	155.5	237.5
1618476554814	-93	153.5	239.5
1618476554908	-55.130515	157.5	236.5
1618476555002	-93	155.5	240.5
1618476555096	-93	155	239
1618476555190	-93	150.5	236
1618476555284	-94	155	237.5
1618476555378	-93	155	239
1618476555472	-90	155	237.5
1618476555566	-93	153.5	247
1618476555660	-93	152.5	238.5
1618476555750	-94	150	237.5
1618476555844	-91	152	240
1618476555938	-94	152	238.5
1618476556032	-97	156.5	238.5
1618476556126	-94	153.5	236.5
1618476556220	-94	155	234.5
1618476556314	-95	90.037446	242
1618476556408	-93	156.5	240
1618476556502	-92	214.962554	240.5
1618476556596	-94	154.5	237.5
1618476556690	-95	153	266.368136
1618476556784	-93	153	239.5
1618476556878	-95	154	239
1618476556968	-92	152	238.5
1618476557062	-94	158.5	236.5
1618476557156	-93	149	239.5
1618476557250	-95	155.5	240.5
1618476557344	-93	152	237
1618476557438	-92	91.037446	235.5
1618476557532	-93	154.5	240.5
1618476557626	-94	154.5	239
1618476557720	-94	155	nan
