1618478063795,61.957779678,307.202450032,271.941096315
1618478063891,-92.880218712,194.570594028,506.698070628
1618478063987,-98.126834023,206.310463534,516.437945322
1618478064083,4.518542010,278.982825138,323.640466675
1618478064179,34.984767922,304.955832301,266.694470545
1618478064275,24.998275542,279.982832037,342.120213522
1618478064371,19.751654223,269.242956462,383.326334345
1618478064467,-106.866711913,205.310465405,499.204821727
1618478064567,-101.620086343,212.050338946,485.971698502
1618478064659,52.217912371,318.942320818,251.461348873
1618478064751,66.451032161,328.435571812,236.228225310
1618478064843,-49.427452904,230.283455431,457.998702323
1618478064935,-61.413946081,217.296954184,480.725075355
1618478065027,-61.413969635,234.530088746,406.052706391
1618478065119,-39.934216281,257.256458775,373.833084875
1618478065211,70.697663123,304.955820844,268.694472383
1618478065303,67.451031276,295.215950305,282.680970467
1618478065395,-92.880205876,191.323963229,511.191320931
1618478065487,-115.606577511,204.310461397,515.437945665
1618478065579,4.765143384,289.722710254,303.407341593
1618478065671,37.231398610,301.709204759,269.694471007
1618478065766,29.491536040,265.996328053,350.860088357
1618478065860,-5.221331181,262.749701468,384.572959915
1618478065954,-101.620083549,206.310463633,498.204822012
1618478066048,-85.386956666,219.296960553,468.985200356
1618478066142,76.944282644,317.942321937,246.968099376
1618478066236,71.697633002,328.435583206,251.214722118
1618478066330,-62.660586226,224.790210910,456.998701554
1618478066424,-64.660601413,218.050344198,487.464946978
1618478066518,-49.674087900,244.269959012,398.806082327
1618478066612,-30.194342306,272.242957413,359.599961580
1618478066706,70.451016726,301.709206583,279.434344692
1618478066800,59.957774577,301.462578495,295.914093195
1618478066894,-98.126832971,195.570589054,518.684570062
1618478066988,-116.606581416,204.310463265,516.191320706
1618478067082,28.491521689,303.955830826,292.420843394
1618478067176,42.478035348,310.202448298,263.201222616
1618478067270,1.271902624,263.749708888,376.833084747
1618478067364,-10.467974565,252.009836448,412.545955749
1618478067458,-95.126838415,210.803714953,474.231824419
1618478067552,-87.386957881,229.036835111,461.245326286
1618478067646,66.451026344,319.188949936,255.707972817
1618478067740,83.684156529,329.435571299,252.461348687
1618478067834,-62.413957734,217.296959758,480.971699119
1618478067928,-82.140324039,217.050332082,502.451447557
1618478068022,-40.934221026,255.256461045,374.833084511
1618478068116,-26.947728215,274.242962468,351.106711451
1618478068204,69.451024190,301.709203013,294.667468559
1618478068298,45.724655243,283.229453305,325.887090771
1618478068392,-107.866700053,197.570585755,522.931195250
1618478068486,-102.373473841,201.063846126,521.437944159
1618478068580,34.984765120,305.955833642,268.694470330
1618478068674,54.464532674,316.695698243,269.447847175
1618478068768,-5.221341423,256.009832390,405.052707082
1618478068862,-26.701099405,240.023338551,438.765577562
1618478068956,-97.126833286,226.790211135,457.998701518
1618478069050,-85.140342618,232.036839605,438.518952952
1618478069144,77.190913973,320.942318746,245.968099888
1618478069238,73.944268712,324.942328602,256.707972284
1618478069332,-82.140337107,206.557089015,504.204821896
1618478069423,-86.386952436,215.050333870,508.944696588
1618478069518,-17.207834813,270.242953175,358.599962259
1618478069613,-6.221337713,279.982827887,332.626964870
1618478069708,60.711160387,306.955822805,303.407343317
1618478069803,16.258409097,270.242954457,368.339836031
1618478069898,-119.853214053,197.817217764,521.931194071
1618478069993,-109.113341661,204.310467840,500.204821337
1618478070088,49.971280487,299.462576320,276.187720932
1618478070183,70.451036625,318.942320359,249.461348947
1618478070278,-20.207850454,247.269963386,424.532454239
1618478070373,-32.440962841,242.269958168,439.518953711
1618478070468,-83.386956265,228.036834338,454.752077092
1618478070563,-71.400468573,243.269962868,424.532454322
1618478070656,76.944269773,313.695703435,240.474849070
1618478070750,71.697649727,320.942325888,257.954597378
1618478070844,-77.893721481,210.803717996,499.204821202
1618478070938,-108.113329764,201.063837490,508.944696226
1618478071032,-16.207835371,270.242953443,348.613463581
1618478071126,6.518522286,292.969333209,318.393840502
1618478071220,46.478022844,287.722706326,319.640465518
1618478071314,34.738141732,272.736211103,351.106711560
1618478071408,-104.113335581,199.063840273,511.191320439
1618478071502,-94.866699074,201.063834605,493.711573394
1618478071596,68.464517723,305.955831418,250.461347392
1618478071690,78.957771029,318.942328146,245.968098380
1618478071784,5.298925674,233.283452577,431.532456191
1618478071876,3.819163400,245.283459428,461.245326341
1618478071971,5.846165877,282.283459548,436.518953709
1618478072066,29.325914265,373.269957976,419.039205788
1618478072161,162.190905777,533.449073349,253.461348577
1618478072256,72.944276596,631.695700171,261.201222207
1618478072351,-221.880210234,281.063839291,504.451446620
1618478072446,-161.113336026,149.817215827,523.684569723
1618478072541,-8.961222002,191.996334184,335.133714761
1618478072636,129.984765424,444.215959519,288.187719671
1618478072731,-44.275345361,362.476078253,343.133715384
1618478072826,-4.755089840,307.242953296,387.106712922
1618478072921,-142.113340913,222.063842823,581.944695371
1618478073016,-120.866694503,210.557081736,582.958198404
1618478073109,51.957762855,316.695707397,281.707971730
1618478073203,58.451035829,322.942320740,175.968099568
1618478073297,-40.440955481,230.283456011,364.779080299
1618478073391,-50.180848651,232.283465193,428.258826780
1618478073485,-79.647092702,236.776713296,471.779079021
1618478073579,-63.413959248,245.516582413,370.559457870
1618478073673,69.697652558,311.449075215,216.447846913
1618478073767,67.451027785,310.202450611,227.201222245
1618478073861,-97.126841490,201.063842446,502.437944749
1618478073955,-106.866716530,203.063842955,499.944695350
1618478074049,-0.728104994,288.476085145,312.393840301
1618478074143,37.984785302,289.722700693,275.680970514
1618478074237,23.244905078,283.229454363,327.626964578
1618478074329,18.751654094,268.242956524,359.846586381
1618478074423,-101.620076674,207.557085003,496.204822539
1618478074517,-101.620084105,208.557088558,475.478449356
1618478074611,69.451039130,311.449069843,243.968099821
1618478074705,73.944271205,320.942327409,236.474849180
1618478074799,-31.947715049,233.530084921,451.258827571
1618478074893,-65.660584990,225.790210319,461.245326307
1618478074987,-59.413959005,232.530083661,415.792581184
1618478075081,-52.674090071,254.009834027,390.066208184
1618478075175,76.437522856,311.449076975,258.954597313
1618478075269,62.957777353,312.449075803,280.434345455
1618478075363,-95.126828039,201.063836012,498.451447146
1618478075457,-111.113346297,211.310470058,503.451445640
1618478075549,1.518528284,296.969330340,310.900591645
1618478075643,27.244905173,305.955826930,285.174219360
1618478075737,28.244908570,284.229452693,345.613463482
1618478075831,18.505030224,268.996331488,368.339835760
1618478075925,-109.113329683,209.310462110,499.451446915
1618478076019,-109.113321008,212.803707278,480.971699627
1618478076113,73.944278209,314.695699399,245.968099036
1618478076207,74.944261021,319.942332281,242.474848399
1618478076301,-35.440961759,235.530083673,453.258827771
1618478076395,-52.674089217,235.283461006,470.985200065
1618478076489,-70.153829876,236.776706834,413.792581422
1618478076583,-46.427459336,248.516581803,393.066208650
1618478076677,78.190905450,320.942322823,263.201222528
1618478076765,73.697646854,311.202453285,276.187720452
1618478076859,-95.880220903,210.557093712,517.437944437
1618478076953,-101.620072331,196.570584290,517.684570826
1618478077047,3.518530310,288.476080053,306.653967141
1618478077141,14.505027360,292.969330130,289.174219066
1618478077235,30.984774531,279.982831868,331.626964231
1618478077329,13.258412377,270.242952888,365.093211623
1618478077423,-112.113341692,210.803717173,497.204821334
1618478077517,-98.373470691,210.557093937,485.218322470
1618478077611,61.957773714,317.695702202,244.968098586
1618478077705,59.957774605,316.695701776,240.968098654
1618478077799,-41.934210709,232.283458839,442.518953823
1618478077893,-63.413965326,223.790212708,462.245325924
1618478077986,-72.153831610,236.530083005,419.285830607
1618478078080,-52.920723216,255.009838087,393.066207533
1618478078174,72.697653303,311.449074859,254.707972993
1618478078268,46.724659010,303.709199457,289.420844471
1618478078362,-90.386960149,208.557088242,503.451446679
1618478078456,-108.866705095,212.310462144,506.698071568
1618478078550,-3.974724541,287.476082700,320.640465353
1618478078644,23.998297154,282.229446358,299.160719273
1618478078738,39.478031130,288.476077703,326.133715472
1618478078832,21.751665090,280.982825241,352.860088589
1618478078926,-104.866708073,214.803712886,504.451446681
1618478079020,-103.620076329,213.803709497,496.204822566
1618478079114,56.711143225,313.695704991,254.707972115
1618478079204,61.957774950,313.449076952,244.968098681
1618478079298,-25.701084355,244.269956011,427.285830763
1618478079392,-47.427453747,238.530080493,457.998702258
1618478079486,-85.140339991,229.283463008,424.532454518
1618478079580,-66.907211201,246.269959015,406.299331645
1618478079674,71.697661709,321.942320156,248.214724320
1618478079768,71.697642015,315.695704918,255.707972127
1618478079862,-88.386960445,207.557088383,494.958197338
1618478079956,-100.373471285,204.310469562,502.451445719
1618478080050,-8.467970298,272.489582361,333.626964262
1618478080144,7.011775586,286.476081987,317.393840808
1618478080238,38.724653354,291.969328186,315.900591990
1618478080332,34.738160093,287.476076297,334.873589675
1618478080423,-103.620077645,214.050334786,497.451447124
1618478080517,-107.866712834,212.803715164,500.204821657
1618478080611,44.724665856,309.202445500,263.201223065
1618478080705,58.711165591,317.942318951,250.214724514
