1618477935818,3.707735
1618477935912,-2.385414
1618477936006,-1.104723
1618477936100,3.849578
1618477936194,-2.039553
1618477936285,-2.548004
1618477936379,3.427507
1618477936473,0.346641
1618477936567,-3.492974
1618477936661,2.509246
1618477936755,1.927715
1618477936849,-3.675518
1618477936943,1.232183
1618477937037,3.248813
1618477937131,-3.006798
1618477937225,-0.466769
1618477937319,-3.319583
1618477937413,-1.741263
1618477937503,-2.279608
1618477937597,3.947863
1618477937691,-0.461298
1618477937785,-2.999891
1618477937879,3.093235
1618477937973,1.253093
1618477938067,-3.408458
1618477938161,2.114210
1618477938255,2.970385
1618477938349,-3.326899
1618477938443,-3.030769
1618477938537,3.712226
1618477938631,-2.534741
1618477938724,-1.157513
1618477938818,3.869784
1618477938912,-1.331582
1618477939006,-2.447214
1618477939100,3.666878
1618477939194,0.296894
1618477939288,-3.410208
1618477939382,2.755170
1618477939476,1.694959
1618477939570,-0.580324
1618477939664,1.362008
1618477939758,3.068453
1618477939852,-3.097122
1618477939943,-0.238220
1618477940037,3.822459
1618477940131,-2.251809
1618477940225,-1.785883
1618477940319,4.073742
1618477940413,-0.911790
1618477940507,-3.003644
1618477940601,3.681346
1618477940695,2.215752
1618477940789,-3.520131
1618477940883,2.488042
1618477940977,2.217394
1618477941071,-3.414600
1618477941159,0.848588
1618477941253,3.512026
1618477941347,-2.844136
1618477941441,-0.465668
1618477941535,3.764774
1618477941629,-1.818871
1618477941723,-1.999987
1618477941817,3.865837
1618477941911,-0.473208
1618477942005,-3.163516
1618477942099,3.124115
1618477942193,1.072740
1618477942287,-3.467889
1618477942379,1.997546
1618477942473,2.341096
1618477942567,-3.415635
1618477942661,0.630128
1618477942755,3.615631
1618477942849,-2.659864
1618477942943,2.688003
1618477943037,3.827142
1618477943131,-1.619712
1618477943225,-2.463624
1618477943319,3.706738
1618477943413,-0.082536
1618477943507,-3.310023
1618477943597,2.886370
1618477943691,1.438676
1618477943785,-3.729779
1618477943879,1.448726
1618477943973,2.624936
1618477944067,-0.426719
1618477944161,-0.505848
1618477944255,2.619673
1618477944349,-4.055543
1618477944443,-4.546915
1618477944537,-1.230781
1618477944631,-7.207090
1618477944725,-7.062738
1618477944817,1.348020
1618477944911,3.749256
1618477945005,-1.210237
1618477945099,3.651233
1618477945193,-8.148730
1618477945287,-2.376837
1618477945381,1.512426
1618477945475,3.462960
1618477945569,-2.646817
1618477945663,0.293795
1618477945757,3.997080
1618477945851,-2.312608
1618477945945,-1.323347
1618477946043,4.016857
1618477946137,-1.013462
1618477946231,-2.611682
1618477946325,-3.499631
1618477946419,0.428014
1618477946513,-3.330508
1618477946607,2.697739
1618477946701,1.836285
1618477946795,-3.470082
1618477946889,1.599839
1618477946983,3.049908
1618477947077,-3.230521
1618477947171,-0.075642
1618477947262,3.751771
1618477947356,-2.169403
1618477947450,-0.540560
1618477947544,3.843630
1618477947638,-1.090736
1618477947732,-2.587646
1618477947826,3.466892
1618477947920,0.404707
1618477948014,-3.459671
1618477948108,2.601658
1618477948202,1.927373
1618477948296,-3.450485
1618477948390,1.276258
1618477948480,3.064660
1618477948574,2.654151
1618477948668,0.001949
1618477948762,4.043921
1618477948856,-2.367878
1618477948950,-1.645116
1618477949044,3.787149
1618477949138,-0.960111
1618477949232,-2.635746
1618477949326,3.508890
1618477949420,0.219895
1618477949514,-3.154125
1618477949608,2.593590
1618477949699,3.939397
1618477949794,-3.729654
1618477949889,1.553887
1618477949984,2.968412
1618477950079,-2.956825
1618477950174,0.080982
1618477950269,3.558414
1618477950364,-2.376815
1618477950459,-1.243668
1618477950554,4.009764
1618477950649,-1.262797
1618477950744,-2.434875
1618477950839,2.152249
1618477950935,0.147746
1618477951029,-3.415503
1618477951123,2.941043
1618477951217,1.349991
1618477951311,-3.736196
1618477951405,1.773083
1618477951499,2.655008
1618477951593,-3.438670
1618477951687,nan
1618477951781,nan
1618477951875,nan
1618477951969,nan
1618477952063,nan
1618477952154,nan
1618477952248,nan
1618477952342,nan
1618477952436,nan
1618477952530,nan
1618477952624,nan
1618477952718,nan
1618477952812,nan
1618477952906,nan
1618477953000,nan
1618477953094,nan
1618477953188,nan
1618477953282,nan
1618477953371,nan
1618477953466,nan
1618477953561,nan
1618477953656,nan
1618477953751,nan
1618477953846,nan
1618477953941,nan
1618477954036,nan
