1618478128635,-1.131333
1618478128729,-0.611065
1618478128823,1.871790
1618478128917,-1.071520
1618478129011,-0.848373
1618478129105,1.498342
1618478129199,-0.171468
1618478129291,-1.455661
1618478129385,1.402853
1618478129479,0.256758
1618478129573,-1.598148
1618478129667,-0.688876
1618478129761,0.768753
1618478129855,-2.167019
1618478129949,0.453281
1618478130043,1.433648
1618478130137,-1.761379
1618478130231,-0.384413
1618478130325,1.220637
1618478130419,-0.798757
1618478130511,-0.764226
1618478130605,1.335482
1618478130699,-0.554465
1618478130793,0.728037
1618478130887,1.474203
1618478130981,0.053199
1618478131075,-1.532937
1618478131169,1.152772
1618478131263,0.733725
1618478131357,-1.951766
1618478131451,0.672237
1618478131545,0.842582
1618478131639,-1.541913
1618478131727,0.137440
1618478131821,1.231921
1618478131915,1.654529
1618478132009,-0.689646
1618478132103,1.534667
1618478132197,-0.967173
1618478132291,-0.968216
1618478132385,1.695049
1618478132479,-0.154946
1618478132573,-1.218101
1618478132667,1.396751
1618478132761,0.260813
1618478132855,-1.560127
1618478132946,0.685901
1618478133040,0.517211
1618478133134,-1.480290
1618478133228,0.317178
1618478133322,1.363417
1618478133416,-1.492987
1618478133510,-0.520385
1618478133604,1.344558
1618478133698,-1.181873
1618478133792,-0.612626
1618478133886,1.738381
1618478133980,-0.489552
1618478134074,-1.583242
1618478134165,-0.987728
1618478134259,0.197495
1618478134353,-1.638624
1618478134447,0.958664
1618478134541,0.809229
1618478134635,-1.624248
1618478134729,0.577594
1618478134823,1.242393
1618478134917,-1.410693
1618478135011,-0.081964
1618478135105,1.736710
1618478135199,-1.235308
1618478135293,-1.800363
1618478135385,1.703534
1618478135479,-0.573956
1618478135573,-1.404253
1618478135667,1.220222
1618478135761,-0.063654
1618478135855,-1.790088
1618478135949,1.289937
1618478136043,0.748077
1618478136137,-1.911881
1618478136231,0.565012
1618478136325,1.303779
1618478136419,-1.135254
1618478136513,-0.172787
1618478136603,1.919923
1618478136698,-1.242418
1618478136793,-0.755489
1618478136888,1.554330
1618478136983,-0.800358
1618478137078,-1.066080
1618478137173,1.386827
1618478137268,0.133471
1618478137363,-1.290030
1618478137458,1.345527
1618478137553,0.605170
1618478137648,-1.313347
1618478137743,0.473211
1618478137834,1.285941
1618478137928,-1.371520
1618478138022,0.001056
1618478138116,1.877588
1618478138210,-0.793918
1618478138304,-0.360203
1618478138398,2.184690
1618478138492,-0.115749
1618478138586,-0.947675
1618478138680,1.796819
1618478138774,0.416645
1618478138868,-1.328518
1618478138962,1.373389
1618478139050,1.564700
1618478139145,-1.480669
1618478139240,-0.155981
1618478139335,0.739075
1618478139430,0.210347
1618478139525,-2.243716
1618478139620,-2.966968
1618478139715,-4.082267
1618478139810,0.244843
1618478139905,2.993717
1618478140000,1.395058
1618478140095,0.467957
1618478140190,3.753099
1618478140282,-3.647482
1618478140376,-4.615252
1618478140470,-5.439548
1618478140564,-4.023555
1618478140658,-6.966127
1618478140752,-3.472963
1618478140846,-1.471204
1618478140940,-1.736659
1618478141034,-1.865938
1618478141128,0.509304
1618478141222,-1.403914
1618478141316,-1.568373
1618478141410,1.470761
1618478141508,-0.542885
1618478141602,-1.700880
1618478141696,1.221641
1618478141790,0.157352
1618478141884,-2.115180
1618478141978,0.812656
1618478142072,-1.186182
1618478142166,-1.577115
1618478142260,-0.049577
1618478142354,1.366176
1618478142448,-1.723532
1618478142542,-0.631032
1618478142636,1.532976
1618478142730,-0.818112
1618478142824,-1.262537
1618478142918,1.597867
1618478143012,-0.039394
1618478143106,-1.821706
1618478143200,-1.613955
1618478143294,0.485437
1618478143388,-1.738562
1618478143482,0.478383
1618478143576,1.242120
1618478143670,-1.612752
1618478143764,-0.133510
1618478143858,1.686346
1618478143947,-0.947936
1618478144041,-0.944274
1618478144135,1.401968
1618478144229,-0.586239
1618478144323,-1.178645
1618478144417,1.383362
1618478144511,0.124274
1618478144605,-1.630334
1618478144699,0.739670
1618478144793,0.727938
1618478144887,-1.647090
1618478144981,0.166245
1618478145075,1.262634
1618478145164,-1.457983
1618478145258,-0.406782
1618478145352,1.653348
1618478145446,0.327258
1618478145540,-1.097351
1618478145634,1.597337
1618478145728,-0.045617
1618478145822,-1.712042
1618478145916,1.013694
1618478146010,0.583843
1618478146104,-1.511890
1618478146198,0.251338
1618478146292,1.476449
1618478146388,-1.468103
1618478146482,-0.331802
1618478146576,0.812480
1618478146670,-0.976130
1618478146764,-0.974321
1618478146858,1.608321
1618478146952,-0.426350
1618478147046,-1.148913
1618478147140,1.648448
1618478147234,0.237226
1618478147328,-1.824382
1618478147422,0.681373
1618478147516,1.192089
1618478147607,-1.578790
1618478147701,1.452076
1618478147795,1.420654
1618478147889,-1.457608
1618478147983,-0.968963
1618478148077,1.816645
1618478148171,-0.755894
1618478148265,-1.144527
1618478148359,1.312542
1618478148453,-0.150359
1618478148547,-1.322901
1618478148641,0.618707
1618478148735,0.911078
1618478148823,1.133712
1618478148917,-0.133606
1618478149011,1.322922
