1618477490680	260	-53	11
1618477490774	255	-43	10
1618477490868	257	-49	6
1618477490962	254	-50	2
1618477491056	250	-50	6
1618477491150	250	-47	7
1618477491244	244	-47	6
1618477491338	240	-42	5
1618477491432	237	-43	16
1618477491521	238	-45	12
1618477491615	232	-44	20
1618477491709	226	-39	16
1618477491803	221	-39	18
1618477491897	218	-40	21
1618477491991	213	-45	23
1618477492085	206	-40	18
1618477492179	196	-42	17
1618477492273	192	-48	22
1618477492367	185	-50	11
1618477492461	178	-50	10
1618477492555	181	-51	16
1618477492649	183	-55	17
1618477492739	185	-44	13
1618477492833	184	-46	16
1618477492927	188	-47	17
1618477493021	184	-44	21
1618477493115	184	-49	18
1618477493209	180	-39	13
1618477493303	176	-34	17
1618477493397	183	-35	18
1618477493491	182	-27	16
1618477493585	180	-29	14
1618477493679	177	-27	16
1618477493773	180	-23	13
1618477493867	179	-19	5
1618477493958	177	-14	8
1618477494052	167	-21	5
1618477494146	162	-18	1
1618477494240	153	-24	-3
1618477494334	146	-31	-4
1618477494428	146	-31	-3
1618477494522	143	-46	-8
1618477494616	123	-70	-6
1618477494710	104	-65	-7
1618477494804	91	-53	-8
1618477494898	93	-28	-6
1618477494992	92	-14	-6
1618477495086	99	3	-8
1618477495179	100	-7	-12
1618477495273	102	-14	-10
1618477495367	103	-21	-7
1618477495461	108	-18	-2
1618477495555	111	-21	-5
1618477495649	110	-22	-4
1618477495743	110	-30	-1
1618477495837	101	-25	1
1618477495931	88	-30	5
1618477496025	79	-25	4
1618477496119	73	-19	4
1618477496213	77	-19	3
1618477496307	88	-12	4
1618477496395	97	-18	8
1618477496489	98	-23	3
1618477496583	89	-31	3
1618477496677	84	-31	3
1618477496771	88	-33	4
1618477496865	96	-34	1
1618477496959	103	-31	-3
1618477497053	117	-38	-5
1618477497147	123	-34	-2
1618477497241	123	-33	-8
1618477497335	122	-32	-15
1618477497429	133	-34	-16
1618477497523	136	-37	-18
1618477497615	135	-45	-19
1618477497709	136	-46	-17
1618477497803	131	-49	-7
1618477497897	128	-50	-11
1618477497991	120	-54	-6
1618477498085	130	-54	-3
1618477498179	127	-56	0
1618477498273	128	-58	-3
1618477498367	132	-63	-51
1618477498461	131	-61	-52
1618477498555	130	-66	-60
1618477498649	130	-69	-60
1618477498743	133	-72	-57
1618477498832	132	-73	-63
1618477498927	134	-74	-76
1618477499022	125	-77	-80
1618477499117	126	-76	-94
1618477499212	127	-85	-110
1618477499307	129	-77	-122
1618477499402	126	-82	-123
1618477499497	124	-82	-140
1618477499592	126	-82	-143
1618477499687	133	-78	-129
1618477499782	130	-76	-99
1618477499877	128	-80	-87
1618477499972	129	-79	-77
1618477500063	133	-81	-62
1618477500156	132	-80	-55
1618477500249	129	-82	-47
1618477500342	129	-81	-46
1618477500435	139	-78	-37
1618477500528	137	-78	-37
1618477500621	141	-78	-38
1618477500714	142	-76	-37
1618477500807	144	-72	-38
1618477500900	152	-70	-42
1618477500993	150	-74	-43
1618477501086	157	-71	-44
1618477501179	159	-79	-43
1618477501278	157	-81	-44
1618477501372	158	-83	-45
1618477501466	162	-86	-41
1618477501560	159	-88	-44
1618477501654	165	-90	-38
1618477501748	164	-90	-44
1618477501842	159	-94	-41
1618477501936	164	-95	-46
1618477502030	169	-99	-43
1618477502124	175	-97	-43
1618477502218	176	-98	-46
1618477502312	179	-101	-45
1618477502406	183	-102	-45
1618477502499	185	-105	-43
1618477502593	197	-107	-46
1618477502687	193	-107	-43
1618477502781	201	-113	-50
1618477502875	203	-110	-43
1618477502969	208	-113	-45
1618477503063	215	-108	-45
1618477503157	214	-109	-45
1618477503251	215	-109	-37
1618477503345	212	-106	-44
1618477503439	214	-109	-46
1618477503533	210	-105	-46
1618477503627	215	-103	-36
1618477503716	211	-101	-31
1618477503811	207	-96	-26
1618477503906	214	-99	-25
1618477504001	212	-102	-24
1618477504096	205	-97	-24
1618477504191	209	-98	-23
1618477504286	211	-93	-20
1618477504381	211	-96	-18
1618477504476	211	-94	-16
1618477504571	211	-87	-16
1618477504666	213	-87	-14
1618477504761	219	-86	-12
1618477504856	214	-83	-15
1618477504950	219	-79	-12
1618477505044	223	-78	-12
1618477505138	223	-77	-13
1618477505232	223	-72	-14
1618477505326	225	-65	-14
1618477505420	230	-68	-14
1618477505514	232	-68	-14
