1610678895420,-2.593212
1610678895511,-2.363112
1610678895605,1.835087
1610678895699,1.865315
1610678895793,0.293985
1610678895887,-0.017539
1610678895981,-1.844675
1610678896075,-1.886118
1610678896169,2.698921
1610678896263,2.444684
1610678896357,-1.256782
1610678896451,-2.008017
1610678896545,-0.371056
1610678896639,-0.074346
1610678896730,2.091692
1610678896824,1.781742
1610678896918,-2.348827
1610678897012,-2.568783
1610678897106,1.311966
1610678897200,1.934741
1610678897294,0.798821
1610678897388,-0.530825
1610678897482,-2.064156
1610678897576,-1.882981
1610678897670,2.330393
1610678897764,2.570147
1610678897858,-1.270163
1610678897947,-1.419202
1610678898041,-0.680178
1610678898135,-0.301189
1610678898229,2.397755
1610678898323,2.074367
1610678898417,-2.528426
1610678898511,-2.439362
1610678898605,1.106324
1610678898699,1.521013
1610678898793,0.946405
1610678898887,0.229623
1610678898981,-2.382745
1610678899075,-2.151723
1610678899165,2.190509
1610678899259,2.439542
1610678899353,-0.771977
1610678899447,-1.398480
1610678899541,-1.005975
1610678899635,-0.481196
1610678899729,2.494370
1610678899823,2.360312
1610678899917,-2.045140
1610678900011,-2.483258
1610678900105,0.807343
1610678900199,1.713421
1610678900293,1.247301
1610678900388,0.517831
1610678900483,-2.259599
1610678900578,-2.692265
1610678900673,2.010982
1610678900768,2.419699
1610678900863,-0.739104
1610678900958,-1.126270
1610678901053,-1.383638
1610678901148,-0.927959
1610678901243,2.128690
1610678901338,1.979170
1610678901433,2.675254
1610678901528,1.831494
1610678901623,-0.420538
1610678901717,7.610950
1610678901811,-2.947706
1610678901905,-4.280158
1610678901999,-3.842932
1610678902093,-2.967228
1610678902187,1.897839
1610678902281,2.364753
1610678902375,-0.554564
1610678902469,-1.302019
1610678902563,-1.281561
1610678902657,-1.005232
1610678902751,2.477355
1610678902839,2.292783
1610678902934,-2.379283
1610678903029,-2.722390
1610678903124,0.696569
1610678903219,1.011279
1610678903314,1.418978
1610678903409,0.944277
1610678903504,-2.218312
1610678903599,-2.250722
1610678903694,2.252558
1610678903789,2.280557
1610678903884,-0.608536
1610678903979,-1.181949
1610678904072,-1.326996
1610678904166,-0.811286
1610678904260,2.314296
1610678904354,2.254740
1610678904448,-2.381233
1610678904542,-2.556932
1610678904636,0.820094
1610678904730,1.126472
1610678904824,1.429671
1610678904918,0.657950
1610678905012,-2.356207
1610678905106,-2.195647
1610678905200,2.346260
1610678905291,2.556042
1610678905386,-0.802557
1610678905481,-1.471731
1610678905576,-1.285344
1610678905671,-0.505410
1610678905766,2.403277
1610678905861,1.796071
1610678905956,-2.295865
1610678906051,-2.415917
1610678906146,0.859126
1610678906241,1.480572
1610678906336,1.025176
1610678906431,0.442564
1610678906528,-2.267941
1610678906622,-2.057242
1610678906716,2.424227
1610678906810,2.329922
1610678906904,-1.146880
1610678906998,-1.540858
1610678907092,-0.826019
1610678907186,-0.223115
1610678907280,2.365958
1610678907374,1.902317
1610678907468,-2.371557
1610678907562,-2.510107
1610678907656,1.085624
1610678907746,1.490632
1610678907841,0.728248
1610678907936,0.362452
1610678908031,-2.202348
1610678908126,-1.849465
1610678908221,2.690771
1610678908316,2.515303
1610678908411,-1.401689
1610678908506,-1.625728
1610678908601,-0.602388
1610678908696,0.832311
1610678908791,1.998688
1610678908886,1.565847
1610678908981,-2.486733
1610678909075,-2.518925
1610678909169,1.625962
1610678909263,1.967088
1610678909357,0.377559
nan,nan
