1618477666748	-92.862159	313.84929	229.88708
1618477666842	-100.399237	314.117679	217.159205
1618477666936	-97.710215	315.909867	228.163332
1618477667030	-109.344211	282.146086	234.301424
1618477667124	-98.781638	283.963396	232.256076
1618477667218	-99.041384	316.975653	230.084197
1618477667312	-100.008123	307.752933	223.827155
1618477667402	-87.106473	296.183127	224.638142
1618477667496	-96.00089	324.899484	233.917113
1618477667590	-92.481476	302.891432	230.360141
1618477667684	-95.941721	315.327092	217.835894
1618477667778	-94.138297	322.222785	216.701549
1618477667872	-106.025633	303.431212	236.650081
1618477667966	-93.942978	297.703891	232.237353
1618477668060	-91.389338	309.91982	233.188183
1618477668154	-89.478147	283.512808	235.602654
1618477668248	-80.206688	296.875857	231.258256
1618477668342	-91.443528	293.099948	238.650723
1618477668436	-91.587818	302.946641	223.04492
1618477668530	-96.914667	314.351412	237.388507
1618477668621	-102.739789	309.982782	225.985781
1618477668715	-96.846323	305.583733	222.064786
1618477668809	-96.390107	306.383403	242.02263
1618477668903	-97.810542	311.469608	233.743178
1618477668997	-97.96389	315.708355	218.420162
1618477669091	-89.978342	305.547955	229.31142
1618477669185	-90.084924	309.703235	223.605165
1618477669279	-98.507505	315.627247	229.893004
1618477669373	-87.205433	317.332831	227.016656
1618477669467	-97.573544	293.824695	232.2198
1618477669561	-94.01608	308.472256	232.259159
1618477669655	-87.314298	307.520153	231.591614
1618477669749	-88.735748	285.641513	220.905795
1618477669838	-95.225627	290.394261	228.350977
1618477669933	-82.357212	314.888649	209.701819
1618477670028	-81.323939	312.095772	218.054428
1618477670123	-91.608587	296.340733	216.881533
1618477670218	-107.683514	315.532983	225.26872
1618477670313	-93.33559	294.185501	227.974018
1618477670408	-90.36047	291.135787	234.066474
1618477670503	-94.843353	309.722383	244.379251
1618477670598	-99.129616	321.120878	233.731311
1618477670693	-84.878512	299.614495	231.928793
1618477670788	-96.114431	307.390085	239.509339
1618477670883	-87.172873	309.520083	231.470816
1618477670978	-95.3231	325.091765	228.352067
1618477671073	-90.152234	311.342859	227.543818
1618477671168	-96.515491	286.032314	241.615709
1618477671263	-82.598905	319.043449	221.279329
1618477671358	-99.871396	308.893283	234.807448
1618477671453	-95.446955	304.902122	232.742191
1618477671548	-96.067307	312.466451	230.801776
1618477671643	-100.308625	307.96836	212.232466
1618477671738	-90.09435	307.644728	219.499596
1618477671833	-87.732447	303.150265	237.249108
1618477671928	-96.963983	299.33509	241.438173
1618477672023	-101.533896	290.413456	236.826161
1618477672118	-86.164035	301.355444	232.543428
1618477672213	-95.06272	291.528369	218.584259
1618477672307	-90.968559	284.625222	238.42359
1618477672401	-99.248273	307.981076	225.213928
1618477672495	-92.21945	317.217207	235.298515
1618477672589	-84.30191	315.774883	232.397992
1618477672683	-88.245679	300.281851	228.282629
1618477672777	-96.524659	285.643053	231.165492
1618477672871	-91.914597	303.342495	230.969695
1618477672965	-92.173771	309.30865	226.745412
1618477673059	-89.332496	289.030893	222.288863
1618477673153	-96.131352	297.431914	227.271492
1618477673247	-96.54135	310.234377	245.903628
1618477673341	-93.949766	299.320741	229.837493
1618477673435	-90.610304	321.395713	241.277984
1618477673529	-91.696534	309.71144	230.532971
1618477673623	-91.815603	305.855029	242.596409
1618477673717	-89.520283	314.934156	217.98176
1618477673811	-98.793233	313.86071	236.87131
1618477673905	-82.070771	301.06347	231.197408
1618477673999	-88.264565	330.367675	235.882838
1618477674093	-98.465091	288.466561	224.544952
1618477674187	-92.782017	306.163088	228.909582
1618477674281	-93.114039	304.764649	229.508035
1618477674375	-98.329535	306.257331	241.717807
1618477674469	-91.281871	279.841704	221.300433
1618477674563	-97.195109	317.651767	218.698168
1618477674657	-92.100082	290.945629	245.776398
1618477674746	-92.596148	279.93218	237.411439
1618477674840	-95.423879	290.378645	235.247973
1618477674934	-90.055013	310.476698	225.279227
1618477675028	-102.71964	297.919948	236.688887
1618477675122	-88.404639	304.753714	236.938652
1618477675216	-93.648171	293.264259	237.028145
1618477675310	-93.759848	314.875861	222.366416
1618477675404	-91.362227	327.926948	242.59388
1618477675498	-98.483738	290.412385	242.563049
1618477675592	-99.973872	320.656749	223.79012
1618477675686	-83.549637	301.318909	234.055624
1618477675780	-91.829625	299.829117	235.636441
1618477675874	-95.507812	310.748633	233.690821
1618477675965	-92.975721	307.355182	237.624183
1618477676059	-92.121682	294.39518	232.414531
1618477676153	-94.453384	318.718967	229.969986
1618477676247	-89.520182	304.266639	232.020597
1618477676341	-86.405343	296.247592	231.372673
1618477676435	-87.38641	301.48284	220.888062
1618477676529	-91.087705	303.491859	221.233656
1618477676623	-94.855046	282.303954	235.315836
1618477676717	-93.626135	293.492192	224.521613
1618477676811	-95.673597	302.103377	224.674804
1618477676905	-84.691059	302.111098	234.078818
1618477676999	-96.900488	300.799492	231.514105
1618477677093	-108.7898	299.497969	213.759605
1618477677186	-92.851475	308.027805	239.662959
1618477677279	-107.984382	312.771443	226.846494
1618477677372	-112.909819	285.683042	224.867375
1618477677465	-100.331111	304.317832	234.485903
1618477677558	-119.601712	298.288702	236.853105
1618477677651	-121.264229	305.845671	223.559547
1618477677744	-126.081999	271.949169	230.547182
1618477677837	-146.134327	299.338363	241.151738
1618477677930	-149.176172	305.468007	283.775846
1618477678023	-95.845032	332.659156	298.275064
1618477678116	-5.817089	226.633104	211.534364
1618477678209	-214.463858	276.132818	273.328293
1618477678302	-143.108226	561.264675	379.08659
1618477678401	38.72701	392.098348	211.145297
1618477678495	50.299805	318.210384	174.220631
1618477678589	-24.96478	312.630903	90.229341
1618477678683	-138.606252	244.580104	55.164723
1618477678777	-289.531356	297.267338	137.104134
1618477678871	-144.398501	336.172546	218.502172
1618477678965	-54.825657	231.566861	157.856984
1618477679059	-6.826253	211.182244	179.985568
1618477679153	-70.953314	206.87358	154.786803
1618477679247	-111.728285	245.461038	179.733452
1618477679341	-107.648707	258.632823	194.326995
1618477679435	-121.622855	257.850863	193.258439
1618477679529	-122.759972	256.501556	191.610618
1618477679620	-119.370049	301.068646	233.436539
1618477679714	-104.350441	296.772689	139.597477
1618477679808	-108.35669	277.32488	345.150564
1618477679902	-108.994008	284.276508	281.687972
1618477679996	-91.952534	289.633869	299.62721
1618477680090	-99.670896	297.133343	359.423663
1618477680184	-100.797974	298.17514	353.44376
1618477680278	-89.879838	290.823887	263.213809
1618477680372	-101.383595	289.658314	188.144729
1618477680466	-84.307933	299.023402	184.306226
1618477680560	-96.870621	315.950613	215.288228
1618477680654	-89.292902	305.797086	203.915425
1618477680748	-100.843296	316.186464	223.03053
1618477680839	-78.141342	299.780214	225.777975
1618477680933	-94.544089	301.315546	232.3125
1618477681027	-90.037183	302.991114	215.834774
1618477681121	-92.178505	298.551546	243.914638
1618477681215	-99.655461	298.184259	231.341971
1618477681309	-85.56617	317.722286	219.9029
1618477681403	-96.493709	302.451291	225.850442
1618477681497	-90.433909	312.540391	219.023683
1618477681591	-89.012465	300.589583	224.264364
1618477681685	-80.333823	303.530025	229.874246
1618477681779	-97.340521	292.83295	241.696959
1618477681873	-106.05677	307.223324	225.272212
1618477681967	-91.815941	290.323809	218.089229
1618477682056	-90.47637	304.097048	241.457854
1618477682151	-103.192088	295.945162	235.362569
1618477682246	-95.905295	300.65008	222.319853
1618477682341	-94.555917	310.08794	232.55711
1618477682436	-90.732895	312.735952	223.926932
1618477682531	-100.608397	314.847636	217.213624
1618477682626	-95.015259	290.742149	227.784053
1618477682721	-87.428852	313.277837	235.840717
1618477682816	-102.126435	311.571093	221.092444
1618477682911	-99.152457	298.666444	224.734386
1618477683006	-96.668286	312.357954	240.348016
1618477683101	-86.625327	305.069207	207.117904
1618477683196	-97.851514	301.578909	213.368914
1618477683285	-88.039423	292.286677	226.71096
1618477683379	-93.755458	306.390715	224.20849
1618477683473	-98.66799	304.659944	245.46466
1618477683567	-95.031646	308.282736	224.784637
1618477683661	-88.843299	311.229272	230.422197
1618477683755	-90.516258	296.578257	223.158288
1618477683849	-96.912934	301.082876	221.509244
1618477683943	-91.266778	319.71951	236.174261
1618477684037	-99.938428	294.578096	226.777128
1618477684131	-103.732247	307.773442	227.152601
1618477684225	-90.184201	304.256649	248.024303
1618477684319	-91.124679	295.420631	220.512213
1618477684413	-100.039504	298.348283	236.375166
1618477684505	-87.086019	325.212877	226.97049
1618477684599	-99.815252	308.855352	226.334806
1618477684693	-87.950407	300.400128	225.463794
1618477684787	-100.289687	303.110897	226.77728
1618477684881	-107.642667	288.388967	252.650078
1618477684975	-95.496545	308.909965	221.099653
1618477685069	-98.228131	310.195916	237.035573
1618477685163	-99.283811	308.820379	233.799556
1618477685257	-85.084613	293.292737	232.086641
1618477685351	-86.703529	301.321156	234.205162
1618477685445	-96.249713	316.8369	216.341996
1618477685539	-95.802219	312.638058	232.063699
1618477685633	-90.087945	323.793272	243.315965
1618477685722	-87.393111	337.71633	238.089414
1618477685816	-101.137805	289.749088	236.382127
1618477685910	-98.138337	289.609505	234.020308
1618477686004	-96.848006	309.030909	235.976197
1618477686098	-102.958979	301.127332	229.48454
1618477686192	-94.20798	308.065097	239.67271
1618477686286	-81.955881	313.302301	233.770148
1618477686380	-94.572302	303.072085	225.786853
1618477686474	-86.378257	298.886185	210.191327
1618477686568	-98.75716	307.654545	234.568898
1618477686662	-88.109684	286.511325	224.117209
1618477686756	-99.973388	315.481222	224.813619
1618477686850	-100.506855	290.907946	224.651049
1618477686941	-86.311183	301.340758	226.332563
1618477687035	-96.515763	301.940072	222.287238
1618477687129	-80.819936	319.315013	232.939984
1618477687223	-83.584587	305.778452	233.520678
1618477687317	-92.356879	310.571966	243.085311
1618477687411	-83.825103	292.478565	232.780714
1618477687505	-100.259354	309.34344	229.296428
1618477687599	-95.63796	311.753053	219.909335
1618477687693	-87.554948	295.862237	233.448936
1618477687787	-93.37325	285.668403	222.81835
1618477687881	-106.343296	320.325485	226.12648
1618477687975	-93.394857	287.992052	243.507339
1618477688069	-90.989577	289.81471	227.918544
1618477688161	-96.224165	299.287432	221.784879
1618477688255	-90.886605	316.670679	214.09325
1618477688349	-92.2554	311.668316	224.44846
1618477688443	-90.270951	307.262505	223.483877
1618477688537	-89.565028	320.224655	221.022046
1618477688631	-98.946236	295.78947	220.258755
1618477688725	-95.050958	281.99824	225.662604
1618477688819	-88.3222	283.860434	219.954268
1618477688913	-86.363634	291.32986	224.481002
1618477689007	-101.078781	303.596697	214.786096
1618477689101	-97.296307	316.671134	246.133865
1618477689195	-104.279621	310.638109	239.822299
1618477689289	-83.89687	299.000506	224.205488
1618477689379	-100.900934	305.236818	232.276769
1618477689473	-96.362818	297.448258	238.544001
1618477689567	-92.170056	290.872865	223.774731
1618477689661	-97.392475	295.618843	234.268684
1618477689755	-100.84194	305.007572	212.652743
1618477689849	-100.867224	301.344717	233.693239
1618477689943	-95.683392	319.089756	237.390789
