1610679237656,154.291245769,203.946495433,423.928557567
1610679237750,169.097117805,206.673484340,420.058221343
1610679237844,167.263332891,204.241082001,422.043177853
1610679237938,176.499160573,211.418869297,421.118944143
1610679238032,172.798269377,208.546207516,425.088583811
1610679238126,162.902836244,205.977089006,423.999202915
1610679238220,153.231232135,202.403939834,424.944472282
1610679238314,162.625807102,205.147563900,427.005133821
1610679238408,147.751712770,198.168690590,421.866706863
1610679238502,143.436215864,201.386903913,416.839508120
1610679238596,163.065430409,205.015428342,421.000536760
1610679238690,161.779451037,204.947995053,424.998190722
1610679238784,173.454362804,206.700912864,424.093966086
1610679238873,181.017990562,211.248601456,425.147810933
1610679238970,157.014943392,200.588737177,421.950901473
1610679239067,158.028026814,201.299215439,423.975619361
1610679239164,157.971922155,202.342795127,424.942345028
1610679239261,154.277862228,200.179137365,423.936651294
1610679239358,154.413508895,198.975324802,421.929560555
1610679239455,144.397739348,206.028415418,421.896617112
1610679239552,146.699703972,202.392224773,424.874483727
1610679239649,148.654574188,202.324774233,426.906927581
1610679239746,157.956605783,204.046576781,422.966829938
1610679239843,144.241991261,199.576903930,422.846118314
1610679239940,171.764614397,204.830878528,425.063697164
1610679240037,152.402712892,203.736981389,421.921268470
1610679240132,178.617079196,209.446674241,422.119911491
1610679240226,184.520155618,211.074404062,425.176541011
1610679240320,144.463447555,197.100718304,424.864342074
1610679240414,149.243184151,201.699364872,419.919959773
1610679240508,164.774531351,205.890025962,425.030964441
1610679240602,140.378609814,198.901725056,422.822628509
1610679240696,180.583322519,207.381905454,421.152448644
1610679240790,156.356204646,203.669205810,427.953701016
1610679240884,170.210002820,208.464304631,420.050943878
1610679240978,171.114553692,206.149191163,422.074771417
1610679241072,157.128461863,203.851302316,422.960036243
1610679241166,173.760664066,204.537340269,423.088275315
1610679241260,165.225818579,207.760640731,424.026463065
1610679241349,143.271437486,203.819645024,423.854563396
1610679241444,149.583453410,202.072206374,422.898140621
1610679241539,166.196611980,210.168540322,422.075444583
1610679241634,152.546888218,201.770977605,423.922451215
1610679241729,148.674688107,203.857921569,422.890685547
1610679241824,173.473539839,206.705434765,423.094123405
1610679241919,157.597115694,201.961809831,424.963880854
1610679242014,172.340782843,209.909928706,424.101237850
1610679242109,155.269125829,202.884470562,421.961190183
1610679242204,159.326009809,206.841074636,422.994470908
1610679242299,173.331351416,207.671907056,423.092956960
1610679242394,167.623364860,204.325976726,424.046131382
1610679242489,155.126622671,203.143475419,423.935410597
1610679242585,148.015945804,199.409984843,424.909892100
1610679242679,166.293580459,206.776618829,425.027018951
1610679242773,159.147262022,204.327330832,422.976597509
1610679242867,168.916293591,207.866644139,424.064941467
1610679242961,143.263596146,202.581998313,426.846295550
1610679243055,163.376866434,205.853066513,422.994888112
1610679243149,160.486450877,206.878906277,425.995787090
1610679243243,164.824152053,205.665928672,423.023167986
1610679243337,172.252783554,208.181785452,430.075905388
1610679243431,164.274849613,204.300606658,423.010458253
1610679243525,163.710599426,207.167557739,420.005829416
1610679243619,168.481319036,205.528280382,423.053169626
1610679243713,165.350721420,206.969081239,423.068505304
1610679243802,164.465118694,204.817067157,425.028426168
1610679243900,163.370234537,203.794693687,423.027647784
1610679243998,175.792975970,210.723948043,423.129557982
1610679244096,166.794512716,207.366333004,422.047535397
1610679244194,161.888590192,204.209527559,425.007289567
1610679244292,150.168842712,201.389228549,423.943960470
1610679244390,158.655451665,203.682958541,424.988969972
1610679244488,158.385095000,206.855006791,422.994955615
1610679244586,147.465801834,202.751857619,420.921786022
1610679244684,158.517169146,202.886149576,424.996039088
1610679244782,161.907599463,208.392998603,424.048463106
1610679244880,157.318263364,207.546641262,423.019017918
1610679244978,140.045913912,201.181253515,420.901934425
1610679245073,144.707594540,205.987860493,418.964787169
1610679245164,144.839574330,206.311587809,427.941259310
1610679245255,120.015285318,213.710997464,424.024735951
1610679245346,156.413088068,286.512191674,422.052609891
1610679245437,-23.326157362,348.281070232,425.079359554
1610679245528,79.398394384,409.150749535,421.970454159
1610679245619,-65.646072115,312.725477994,422.920868262
1610679245710,10.718303397,465.811396917,421.923857423
1610679245801,201.084810778,106.500155252,420.156562613
1610679245892,198.384107680,-39.974798899,416.896505284
1610679245983,126.686999439,119.747206475,407.956414698
1610679246074,133.663795720,165.920723791,397.997241942
1610679246165,155.443999277,188.462671427,357.085677549
1610679246257,157.852181766,197.615728975,523.056212005
1610679246352,154.409149876,197.917487915,331.962338873
1610679246447,148.251337457,200.229691923,766.903619621
1610679246542,148.847803099,202.549325874,804.949530334
1610679246637,154.053110726,202.305130169,683.975825137
1610679246732,152.277966500,198.414959692,469.944855669
1610679246827,174.588807763,210.204210161,373.111476046
1610679246922,161.300524984,199.891874412,394.961447766
1610679247017,170.881515174,205.094241207,410.072859681
1610679247112,169.273200885,204.479206592,414.051462324
1610679247207,167.998567058,204.414448556,418.049209360
1610679247302,175.865653737,205.741085297,418.130154196
1610679247397,160.871255873,202.205440166,425.007147364
1610679247491,168.620508165,206.561100864,423.054311466
1610679247585,167.413746437,205.276549175,422.044411773
1610679247679,149.762269626,200.114370834,423.899607543
1610679247773,183.019781636,208.428012488,419.188843222
1610679247867,159.054762899,204.305519747,423.975838691
1610679247961,162.335736173,206.079165831,422.002754218
1610679248055,141.482753978,200.454686534,421.807075819
1610679248149,174.656196891,207.512707145,421.087418316
1610679248243,182.362514148,207.565637079,420.158840758
1610679248337,179.719277039,212.413963222,423.153563950
1610679248431,166.252161727,208.238447866,422.043086210
1610679248525,160.105646632,203.024911237,424.000866674
1610679248619,169.197963439,206.518274812,423.018031035
1610679248711,147.171701220,198.031925178,424.861948727
1610679248806,145.670273251,201.149487336,424.866038772
1610679248901,159.182753800,203.335699713,419.976888667
1610679248996,171.276926006,205.951680447,422.067899922
1610679249091,163.000489006,205.000115307,423.000004012
1610679249186,188.254690534,209.190796695,424.215380859
1610679249281,171.941771508,205.580044995,421.089761033
1610679249376,164.262262253,206.240829547,425.043169070
1610679249471,151.124671257,202.199824319,421.902580512
1610679249566,173.939795934,203.872185938,423.065134269
1610679249661,159.647117249,202.973600084,419.964291043
1610679249756,160.963118606,203.755505711,421.991493924
1610679249851,156.419010874,209.391408597,424.978826806
1610679249947,168.600647050,206.084822178,423.037741497
1610679250041,146.368246765,197.078270173,421.863561092
1610679250135,151.534942630,201.532363122,429.914149700
1610679250229,179.268453221,210.307659985,422.149865608
1610679250323,153.866802815,202.082210484,420.933279160
1610679250417,143.918962132,200.208127612,423.868078896
1610679250511,160.279559897,206.594324112,419.985886336
1610679250605,150.674481698,203.093670639,424.898887373
1610679250699,167.137436251,204.918789078,422.066755615
1610679250793,148.948451178,204.394069763,422.909338406
1610679250887,173.595469775,207.734185568,424.095123660
1610679250981,150.028277139,201.177094804,422.901789741
1610679251075,156.743044890,202.760421865,424.956874468
1610679251164,157.896179600,201.796530684,424.958130711
1610679251258,159.392711041,203.385207156,422.978611055
1610679251352,170.167121439,205.925788778,423.066999138
1610679251446,157.948665319,204.808906698,420.958561279
1610679251540,180.053907345,206.257070552,424.148105577
1610679251634,176.374065997,207.625170019,427.126121446
1610679251728,151.709443662,203.573510071,421.915581223
1610679251822,163.460502266,201.636989914,417.987370701
1610679251916,163.555133900,204.366697059,424.012757571
1610679252010,173.708668983,206.525079946,423.087848772
1610679252104,157.875221449,202.027386539,423.966162300
1610679252198,161.186502763,206.572381450,422.985122941
1610679252292,155.761024506,203.000459158,423.965225483
1610679252381,154.033626293,203.121547083,418.934647700
1610679252475,162.938772833,205.513967292,422.983090683
1610679252569,166.886344759,204.916391311,424.031881704
1610679252663,139.430140859,199.678078220,422.814847726
1610679252757,162.417135665,206.334157387,425.011625500
1610679252851,177.425393608,208.873070693,422.134746033
1610679252945,151.566900357,203.539898682,423.914411866
1610679253039,166.445381442,208.519806378,425.052874811
1610679253133,164.740910405,205.410502739,431.014281592
1610679253227,165.041150712,205.717096465,423.024948138
1610679253321,165.150046980,201.506976219,422.017637952
1610679253415,144.934971182,201.211902510,424.868210227
1610679253509,147.858163671,201.665386953,422.883987173
1610679253599,156.068363125,202.601333430,420.951339703
1610679253693,157.995671292,200.584192860,423.950743374
1610679253787,172.803404453,206.547418356,422.088625936
1610679253881,171.153606960,208.158399835,423.075091791
1610679253975,153.679446908,205.038032385,423.931742182
1610679254069,171.885378510,204.330949913,424.081094893
1610679254163,160.598067632,206.141022996,422.004906259
1610679254257,166.318664991,204.018331445,422.035428251
1610679254351,166.196182610,204.989450376,424.034423465
1610679254445,165.048163254,203.718750007,420.025005666
1610679254539,163.107797919,206.497013986,423.017291361
1610679254633,153.993573723,200.876305037,423.926115609
1610679254727,177.373794057,208.625105896,421.126119216
1610679254820,160.366066270,203.378924379,421.978392474
1610679254914,176.230459395,208.355510166,422.116739848
1610679255008,166.308350338,208.015899273,425.035343635
1610679255102,170.312028090,205.959957439,422.068187882
