1610679271525,0.038149
1610679271619,0.037704
1610679271713,0.038750
1610679271807,0.060710
1610679271898,0.081624
1610679271992,-0.006426
1610679272086,-0.047727
1610679272180,0.060265
1610679272274,0.015980
1610679272368,-0.004488
1610679272462,0.059873
1610679272556,0.082225
1610679272650,0.103740
1610679272744,-0.004934
1610679272838,-0.005352
1610679272932,0.039405
1610679273026,0.015298
1610679273115,-0.004907
1610679273209,-0.003179
1610679273303,-0.026212
1610679273397,0.017708
1610679273491,0.038122
1610679273585,-0.005352
1610679273679,0.058118
1610679273773,0.060292
1610679273867,0.018126
1610679273961,0.016608
1610679274055,-0.003624
1610679274149,0.037913
1610679274243,0.018336
1610679274336,-0.090757
1610679274430,0.017236
1610679274524,-0.002943
1610679274618,0.038777
1610679274712,-0.051393
1610679274806,-0.004488
1610679274900,-0.004462
1610679274994,0.037258
1610679275088,0.015980
1610679275182,0.039013
1610679275276,0.017472
1610679275370,0.058328
1610679275464,0.081780
1610679275554,0.058956
1610679275648,-0.004488
1610679275742,0.057673
1610679275836,-0.091411
1610679275930,0.038122
1610679276024,0.059637
1610679276118,-0.004279
1610679276212,0.123736
1610679276306,-0.004907
1610679276400,0.037913
1610679276494,0.017026
1610679276588,-0.005352
1610679276682,0.015508
1610679276774,-0.004907
1610679276868,-0.002734
1610679276962,0.016189
1610679277056,0.016189
1610679277150,0.038986
1610679277244,-0.004907
1610679277338,-0.046654
1610679277432,0.016372
1610679277526,-0.004671
1610679277620,0.036604
1610679277714,-0.006216
1610679277808,0.017053
1610679277902,0.016817
1610679277992,0.057228
1610679278086,0.081152
1610679278180,0.081361
1610679278274,0.017026
1610679278368,0.014644
1610679278462,0.058982
1610679278556,0.059610
1610679278650,-0.112690
1610679278744,-0.028359
1610679278838,-0.069451
1610679278932,-0.006898
1610679279026,0.059637
1610679279120,0.037441
1610679279219,0.059428
1610679279313,0.057882
1610679279407,-0.003388
1610679279501,-0.005116
1610679279595,-0.026212
1610679279689,-0.027103
1610679279783,0.039196
1610679279877,0.060056
1610679279971,-0.005771
1610679280065,-0.028386
1610679280159,0.037886
1610679280253,-0.004488
1610679280347,-3.737377
1610679280435,-0.003388
1610679280529,-0.027967
1610679280623,-0.003598
1610679280717,-0.004279
1610679280811,0.039614
1610679280905,0.038777
1610679280999,-0.004279
1610679281093,0.060056
1610679281187,-0.025558
1610679281281,0.037913
1610679281375,-0.004907
1610679281469,-0.004252
1610679281563,-0.005116
1610679281657,-0.112271
1610679281751,-0.110962
1610679281845,-0.090574
1610679281939,-0.305904
1610679282033,-0.499563
1610679282127,-0.798359
1610679282221,-0.819847
1610679282315,3.244678
1610679282409,2.427355
1610679282503,7.396780
1610679282597,8.324349
1610679282691,7.100393
1610679282785,4.305000
1610679282876,0.221343
1610679282971,-0.952199
1610679283066,-0.775080
1610679283161,-0.316717
1610679283256,-0.190880
1610679283351,-0.012449
1610679283446,-0.037383
1610679283541,-0.050879
1610679283636,0.037198
1610679283731,0.074825
1610679283826,-0.056669
1610679283921,0.071153
1610679284016,0.036830
1610679284108,0.026926
1610679284202,0.023626
1610679284296,0.063775
1610679284390,0.043333
1610679284484,-0.003598
1610679284578,-0.007107
1610679284672,0.080733
1610679284766,0.058746
1610679284860,0.014670
1610679284954,0.038122
1610679285048,0.038096
1610679285142,0.017917
1610679285236,0.060710
1610679285330,0.017262
1610679285424,0.038122
1610679285518,0.017026
1610679285612,-0.025112
1610679285706,0.037886
1610679285800,0.037913
1610679285894,-0.004907
1610679285988,0.038122
1610679286082,0.058328
1610679286176,-0.091411
1610679286270,0.058537
1610679286364,-0.005116
1610679286458,0.016608
1610679286547,0.060082
1610679286642,0.060292
1610679286737,0.038541
1610679286832,0.015272
1610679286927,0.016398
1610679287022,-0.004488
1610679287117,-0.004698
1610679287212,0.038568
1610679287307,0.081152
1610679287402,0.080733
1610679287497,-0.004907
1610679287592,0.015298
1610679287687,0.038332
1610679287781,-0.070315
1610679287875,0.037704
1610679287969,0.017236
1610679288063,0.059610
1610679288157,0.037886
1610679288251,-0.004488
1610679288345,0.081152
1610679288439,0.014670
1610679288533,-0.008652
1610679288627,0.060946
1610679288721,0.037704
1610679288815,-0.004279
1610679288909,0.059428
1610679288999,0.016817
1610679289093,0.082435
1610679289187,0.017026
1610679289281,0.036630
1610679289375,0.059846
1610679289469,0.016372
1610679289563,0.039196
1610679289657,-0.004671
1610679289751,0.016189
1610679289845,0.015508
1610679289939,0.038122
1610679290033,0.014826
1610679290127,0.038541
1610679290217,0.016581
1610679290312,-0.005143
1610679290407,0.038568
1610679290502,0.059846
1610679290597,0.036630
1610679290692,0.015508
1610679290787,0.037441
1610679290882,-0.004907
1610679290977,-0.004907
1610679291072,0.016162
1610679291167,0.059846
1610679291262,-0.070132
1610679291357,-0.004907
1610679291446,0.038750
1610679291542,0.034849
1610679291638,-0.005143
1610679291734,0.058982
1610679291830,0.080497
1610679291926,0.061156
1610679292022,0.038332
1610679292118,-0.112481
1610679292214,0.059218
1610679292310,0.015770
