1616035601706,0.025897
1616035601800,0.180313
1616035601894,0.078360
1616035601988,-0.030271
1616035602082,0.080050
1616035602176,0.026262
1616035602270,-0.029217
1616035602364,0.131324
1616035602454,0.023977
1616035602548,0.075021
1616035602642,0.023153
1616035602736,0.133015
1616035602830,0.023382
1616035602924,0.076211
1616035603018,0.184883
1616035603112,0.023977
1616035603206,0.078131
1616035603300,-0.133684
1616035603394,0.343369
1616035603488,-0.031961
1616035603582,-0.183769
1616035603673,0.080050
1616035603767,0.132284
1616035603861,0.022422
1616035603955,0.291865
1616035604049,0.079456
1616035604143,-0.027662
1616035604237,0.183923
1616035604331,0.023017
1616035604425,0.290905
1616035604519,0.076576
1616035604613,0.182139
1616035604707,0.130364
1616035604801,0.027817
1616035604892,0.077536
1616035604986,0.024342
1616035605080,0.131095
1616035605174,0.078131
1616035605268,0.025897
1616035605362,0.024207
1616035605456,0.024707
1616035605550,0.130364
1616035605644,0.025897
1616035605738,0.027222
1616035605832,-0.024553
1616035605926,0.079091
1616035606020,0.081970
1616035606112,-0.023593
1616035606206,0.028276
1616035606300,0.030696
1616035606394,0.025897
1616035606488,-0.077381
1616035606582,-0.026838
1616035606676,0.029236
1616035606770,-0.022403
1616035606864,-0.026337
1616035606958,0.086269
1616035607052,0.085079
1616035607146,0.140652
1616035607240,0.191467
1616035607332,0.035454
1616035607426,0.087458
1616035607520,0.041078
1616035607614,-0.014630
1616035607708,0.362619
1616035607802,0.039482
1616035607896,-0.064526
1616035607990,0.043875
1616035608084,-0.056795
1616035608178,0.053026
1616035608272,-0.054039
1616035608366,-0.009066
1616035608460,-0.143373
1616035608550,0.006839
1616035608644,-0.180172
1616035608738,-0.087046
1616035608832,-0.254359
1616035608926,-0.249153
1616035609020,-0.240932
1616035609114,-0.344587
1616035609208,-0.489917
1616035609302,-0.424527
1616035609396,-0.409586
1616035609490,-0.870322
1616035609584,-1.122528
1616035609678,-1.334249
1616035609770,-1.597974
1616035609864,-1.601124
1616035609958,-2.085032
1616035610052,-2.779200
1616035610146,-3.368900
1616035610240,-3.897592
1616035610334,-4.220959
1616035610428,-3.796964
1616035610522,-2.682912
1616035610616,-1.725290
1616035610710,-0.394853
1616035610804,0.770609
1616035610898,1.622438
1616035610997,2.526000
1616035611092,2.848866
1616035611187,3.378424
1616035611282,2.791739
1616035611377,2.474726
1616035611472,1.993333
1616035611567,1.250312
1616035611662,1.036577
1616035611757,0.717185
1616035611852,0.503680
1616035611947,0.289716
1616035612042,0.395373
1616035612137,0.293420
1616035612230,-3.982158
1616035612324,0.025897
1616035612418,0.131554
1616035612512,0.235792
1616035612606,0.128580
1616035612700,0.290540
1616035612794,0.024937
1616035612888,0.022057
1616035612982,0.080050
1616035613076,0.185708
1616035613170,0.027452
1616035613264,0.024937
1616035613358,-0.030542
1616035613449,0.023977
1616035613543,0.129405
1616035613637,0.129310
1616035613731,0.023612
1616035613825,0.024342
1616035613919,0.078131
1616035614013,0.184518
1616035614107,0.077536
1616035614201,0.078360
1616035614295,0.181409
1616035614389,0.128810
1616035614483,0.079091
1616035614577,-3.300788
1616035614666,0.024937
1616035614761,0.183558
1616035614856,3.511765
1616035614951,-0.134644
1616035615046,0.132149
1616035615141,0.025897
1616035615236,0.023017
1616035615331,-0.080490
1616035615426,0.026492
1616035615521,-0.082410
1616035615616,0.023382
1616035615711,0.078131
1616035615806,0.182369
1616035615901,0.182004
1616035615996,-0.028257
1616035616091,0.026262
1616035616186,0.182004
1616035616281,0.129405
1616035616376,0.130959
1616035616471,0.024937
1616035616566,0.076576
1616035616661,0.235427
1616035616756,0.181409
1616035616851,0.025897
1616035616946,0.026262
1616035617041,0.078131
1616035617136,0.238672
1616035617230,0.025897
1616035617324,0.185478
1616035617418,nan
1616035617512,nan
