1610679382998,235.304217736,282.154847967,244.114707903
1610679383092,243.073405119,307.000787420,167.807734058
1610679383186,23.690764265,178.232715556,501.420067390
1610679383280,184.843151207,229.693781772,323.960104548
1610679383374,278.457721489,324.077538104,137.192507749
1610679383468,48.536704387,185.771090817,429.882188612
1610679383566,26.690764801,168.694339606,510.189218547
1610679383660,294.534471729,324.077538656,119.115834682
1610679383754,97.228583076,223.924593472,355.575167243
1610679383848,53.305892681,188.771090601,500.650787748
1610679383942,285.996097650,311.769974340,144.730851303
1610679384036,164.766400651,264.078096294,274.498981595
1610679384130,29.459953104,144.617588002,527.265938600
1610679384224,251.611781573,293.462411361,223.037936035
1610679384318,214.227466702,305.231599182,178.115241995
1610679384412,28.459953267,167.694339307,496.650800396
1610679384506,200.150715660,251.539720559,309.883290470
1610679384600,271.688533458,321.308350347,137.192520419
1610679384694,92.228582071,189.540279037,460.497368680
1610679384785,137.151273251,201.078654454,403.267075650
1610679384879,284.996096454,329.846726300,118.115806140
1610679384973,69.382643635,207.617030037,389.959496661
1610679385067,66.613455478,176.232715267,483.343274937
1610679385161,283.996097060,325.846726008,138.961703882
1610679385255,125.612898489,230.693781081,298.344879379
1610679385349,36.998329500,158.925151200,504.419951161
1610679385443,277.457721223,303.000786849,191.422780095
1610679385537,190.612339991,268.847284086,218.268719808
1610679385631,26.690764582,148.617588328,530.265984919
1610679385725,233.535030157,269.847284301,285.037380241
1610679385819,190.381527070,250.770533073,332.729280663
1610679385913,34.229141465,170.463526983,497.650776257
1610679386007,157.228024870,216.386217878,380.421120275
1610679386101,295.534471205,319.308351063,128.654246258
1610679386195,62.613455696,202.078654390,419.574630108
1610679386289,106.766959350,188.540278271,453.728072157
1610679386383,297.303661081,338.385101467,134.423295088
1610679386477,117.074521991,223.924593624,334.729249558
1610679386571,55.075080064,171.463527287,517.727570797
1610679386665,285.996095566,314.539163191,176.346121068
1610679386759,184.843152626,280.154847391,243.114626142
1610679386853,21.690766009,159.155963332,516.727511522
1610679386947,267.688533436,297.462411129,217.268715328
1610679387041,222.996655133,308.769974591,178.115201905
1610679387135,28.459953165,168.694339356,503.419995199
1610679387224,192.612339997,237.232157008,349.805979073
1610679387319,280.996097099,333.846725989,116.115761959
1610679387414,57.075079259,175.232715521,454.728183909
1610679387509,121.843710140,201.078654249,431.882173537
1610679387604,290.534473365,338.385101404,119.115722615
1610679387699,88.228582190,217.155406054,345.036852259
1610679387794,67.382643579,172.463527297,498.650820942
1610679387889,274.457721497,324.846725946,159.038446425
1610679387984,157.997213174,255.308908270,269.729768499
1610679388079,281.765285051,343.154289475,126.654130383
1610679388174,254.150156943,291.462411516,210.499582370
1610679388269,217.765842366,287.462411350,188.653619570
1610679388364,9.690766177,141.386775405,527.265875724
1610679388458,187.919902664,237.539720966,313.652535978
1610679388552,248.688533746,302.846725900,145.730876389
1610679388646,15.767515998,110.925151850,463.497352859
1610679388740,120.920461062,133.617030163,401.267078064
1610679388834,321.996097685,153.077537861,115.115721842
1610679388928,138.228582932,19.078654313,389.959492024
1610679389022,207.690207168,-37.459721344,475.804878244
1610679389116,352.842035897,279.846726197,127.654167172
1610679389210,265.457721143,316.385101808,134.192531459
1610679389304,-56.770859633,233.925151821,526.265978553
1610679389398,-61.079538683,345.617030040,403.267060571
1610679389492,-9.387659853,318.154847548,230.576272666
1610679389586,-20.771417322,158.078654435,383.190321583
1610679389676,204.996655474,369.539720277,277.268123319
1610679389771,320.534472952,567.077538065,148.500065832
1610679389866,-235.309234962,392.694339492,485.112450949
1610679389961,23.305891867,190.925151765,509.958407031
1610679390056,273.457720897,380.846726236,112.115796919
1610679390151,112.150715987,450.693223168,217.037886836
1610679390246,58.536146315,218.309466541,433.420568894
1610679390341,210.535030358,267.308908512,272.037366458
1610679390436,91.536146535,235.693781356,325.267609090
1610679390531,164.073964849,292.924035204,219.114621431
1610679390626,259.688533157,304.231599109,146.346043786
1610679390721,264.457720887,311.769974857,168.191990976
1610679390816,25.998329329,168.694339128,483.496714291
1610679390910,26.229140980,163.925151525,468.496748698
1610679391004,234.304217800,307.000787166,112.346073668
1610679391098,248.611782352,323.077538059,179.576816346
1610679391192,169.304776022,238.232157219,500.267633384
1610679391286,156.997213231,227.693781167,527.421084998
1610679391380,52.075079650,174.232715333,703.958969345
1610679391474,57.844267240,192.540278994,810.343859798
1610679391568,304.072848778,329.846725847,602.115741723
1610679391662,305.072847959,345.923477625,534.961736995
1610679391756,67.382643483,177.232715190,804.804888329
1610679391850,49.305891483,172.463527642,849.650869768
1610679391944,152.228024404,259.308908716,636.806583161
1610679392038,174.304776192,265.847284212,475.883864787
1610679392130,263.919345929,297.462410966,310.499504295
1610679392225,220.996655652,273.616471575,187.729735469
1610679392320,23.459952781,158.386776004,563.496772925
1610679392415,23.690765012,157.155963813,606.650828419
1610679392510,260.150158121,313.539162330,164.730871815
1610679392605,282.996096989,322.077538196,51.654145164
1610679392700,161.997212992,222.155405591,317.190289221
1610679392795,108.536145630,201.078654718,389.651427956
1610679392890,73.382643754,190.540278597,393.343803471
1610679392985,108.536146261,213.386217951,344.113567068
1610679393080,304.072848696,330.846725886,125.961686534
1610679393175,291.534472476,310.769974758,143.269286304
1610679393270,51.305892243,150.386775892,499.189193436
1610679393366,23.690764855,153.386776042,524.035154071
1610679393460,184.843151839,271.616472079,231.345492199
1610679393554,209.689090990,282.924035654,198.191994744
1610679393648,246.842593810,283.154847783,254.191433108
1610679393742,194.381526956,253.539720973,304.883349189
1610679393836,13.152389368,163.925151635,496.650825154
1610679393930,45.536704330,178.232715153,473.804883106
1610679394024,270.688532739,329.846726386,127.654193951
1610679394118,285.996096895,335.846726088,114.115775941
1610679394212,110.536146164,201.078654460,429.882203548
1610679394306,86.459394968,181.001902986,482.574069171
1610679394400,104.766957656,213.386218317,359.344431249
1610679394494,129.612897305,238.232157344,315.652524030
1610679394585,306.072847764,319.308350644,163.807689584
1610679394680,271.688533293,308.000786890,187.653598052
1610679394775,22.690764297,150.617588466,526.266004478
1610679394870,24.690764977,148.617588138,539.573521441
1610679394965,224.996654280,296.462411466,199.192011703
1610679395060,238.304217700,304.000787214,176.346080519
1610679395155,201.150715534,242.001344928,307.883299088
1610679395250,179.073964160,244.001344924,370.882740441
1610679395345,37.998329408,174.232714782,481.574018250
1610679395440,58.075080397,184.771090663,430.882166767
1610679395535,282.996096126,335.615914305,115.346640762
1610679395630,286.996096552,329.846726253,134.423362987
1610679395725,94.228582184,187.771091137,473.804924510
1610679395820,54.305891989,167.694339552,498.650835152
1610679395914,130.382086414,219.924593197,318.421625360
1610679396008,163.997213096,257.308908307,265.960585935
1610679396102,273.688533902,311.769974442,194.422744178
1610679396196,228.765842965,272.616471832,286.037335485
1610679396290,34.229141863,168.694338945,548.342627469
1610679396384,29.459952331,161.925151913,512.958428031
1610679396478,241.073406194,315.539162593,173.346036144
1610679396572,273.457720181,329.846726581,141.961785136
1610679396666,170.535588505,243.001344906,358.575174411
1610679396760,139.920460373,221.155406187,407.036313049
1610679396854,63.844267969,183.001902950,441.420561222
1610679396948,66.613455637,204.847842265,399.497882823
1610679397036,284.996095772,328.846726629,129.654228492
1610679397131,289.765284535,329.846726187,138.961729223
1610679397226,55.075080816,171.463526924,495.881580096
1610679397321,39.767516225,160.925151741,502.420027941
1610679397416,154.228024909,264.078096318,267.729797169
1610679397511,189.612340048,283.154847596,234.345467315
1610679397606,244.842593653,294.462411396,242.114692495
1610679397701,235.535030615,283.154847618,277.498973204
1610679397796,14.152390141,155.155963417,519.727523617
1610679397891,15.152389032,171.463527489,502.420036007
1610679397986,273.457720533,318.308350719,142.961761059
1610679398081,286.996095592,339.385102408,134.423428701
1610679398176,159.228025030,217.155405647,388.959485059
1610679398270,106.536146369,200.078654361,432.882189545
1610679398364,80.921018341,199.078654821,415.805503384
1610679398458,88.459394503,219.155405978,363.344404906
1610679398552,295.534472967,331.846725904,146.961689132
1610679398646,276.457720535,316.539162873,162.807700181
1610679398740,47.536703940,146.617588266,509.189224730
1610679398834,43.767516947,162.925151392,522.496729896
1610679398928,189.612340115,273.616471872,237.345462742
1610679399022,237.304217718,309.769975051,159.038515747
1610679399116,215.227467021,276.616471953,266.960601371
1610679399210,213.458278661,256.308908664,329.960078558
1610679399304,26.459951818,163.925152160,500.650899600
1610679399398,34.229140987,176.232715059,476.804869787
1610679399490,261.150158453,329.846725708,134.192473382
1610679399585,283.996097729,337.385101377,111.346530966
1610679399680,114.305335063,202.078653952,436.651319264
1610679399775,95.228582480,181.001903148,472.035716363
1610679399870,96.228582773,206.847842236,361.344375869
