1616035140634,-1.558708
1616035140732,1.439123
1616035140830,2.406006
1616035140928,0.572732
1616035141026,-2.155621
1616035141124,-2.010851
1616035141222,1.007313
1616035141320,2.574332
1616035141418,1.196771
1616035141513,-1.454866
1616035141608,-2.167257
1616035141703,-0.211785
1616035141798,2.746406
1616035141893,2.285858
1616035141988,-1.164810
1616035142083,-2.307675
1616035142178,-0.896971
1616035142273,2.316491
1616035142368,2.579311
1616035142463,0.281031
1616035142558,-2.662223
1616035142654,-1.906148
1616035142729,1.710076
1616035142804,2.657685
1616035142879,0.115553
1616035142954,-2.053447
1616035143029,-1.577211
1616035143104,0.624080
1616035143179,2.859988
1616035143254,1.179197
1616035143329,-1.540441
1616035143404,-2.507032
1616035143479,-0.042860
1616035143554,2.423594
1616035143634,1.953167
1616035143728,-0.828442
1616035143822,-2.491225
1616035143916,-0.912175
1616035144010,2.336176
1616035144104,2.630519
1616035144198,-0.121559
1616035144292,-2.401715
1616035144386,-1.339813
1616035144480,1.348271
1616035144574,3.039359
1616035144668,0.922799
1616035144762,-2.068329
1616035144861,-2.069120
1616035144966,1.214843
1616035145071,2.692488
1616035145176,0.875767
1616035145281,-1.426764
1616035145386,-2.427333
1616035145491,0.057103
1616035145596,2.359403
1616035145701,1.744951
1616035145806,-1.076749
1616035145911,-2.361770
1616035146016,-0.207060
1616035146121,2.085979
1616035146232,2.363141
1616035146328,-0.294686
1616035146424,-2.268195
1616035146520,-1.521261
1616035146616,1.882731
1616035146712,2.717529
1616035146808,0.413363
1616035146904,-2.162900
1616035147000,-1.684337
1616035147096,0.855747
1616035147192,2.472860
1616035147288,1.289493
1616035147384,-2.098716
1616035147481,-2.417930
1616035147564,0.239842
1616035147647,2.693096
1616035147730,1.668444
1616035147813,-1.260063
1616035147896,-2.078442
1616035147979,-0.318766
1616035148062,2.385432
1616035148145,2.693655
1616035148228,-0.390121
1616035148311,-2.263111
1616035148394,-1.228185
1616035148477,1.727853
1616035148566,2.264396
1616035148660,0.417840
1616035148754,-2.455303
1616035148848,-1.541883
1616035148942,1.425120
1616035149036,2.515634
1616035149130,0.464911
1616035149224,-1.812607
1616035149318,-1.764443
1616035149412,-0.074719
1616035149506,2.749219
1616035149600,1.703262
1616035149694,-1.802023
1616035149783,-2.668819
1616035149878,-0.268851
1616035149973,2.567199
1616035150068,1.818869
1616035150163,-0.548430
1616035150258,-1.871014
1616035150353,-1.223669
1616035150448,1.949935
1616035150543,2.358260
1616035150638,-0.121861
1616035150733,-2.091638
1616035150828,-1.621559
1616035150923,1.496451
1616035151022,2.866864
1616035151115,1.144540
1616035151208,-1.904015
1616035151301,-2.322590
1616035151394,0.685497
1616035151487,2.690173
1616035151580,1.123516
1616035151673,-1.154473
1616035151766,-2.104079
1616035151859,-0.434837
1616035151952,2.548358
1616035152045,2.119826
1616035152138,-1.004967
1616035152234,-2.923617
1616035152328,-0.833419
1616035152422,1.991076
1616035152516,2.599209
1616035152610,0.163006
1616035152704,-2.608204
1616035152798,-1.766444
1616035152892,1.701959
1616035152986,2.307204
1616035153080,0.399516
1616035153174,-2.130236
1616035153268,-2.258855
1616035153362,0.762801
1616035153453,2.749130
1616035153547,1.075617
1616035153641,-1.869918
1616035153735,-2.306421
1616035153829,0.058331
1616035153923,2.436375
1616035154017,1.815430
1616035154111,-0.835455
1616035154205,-2.605344
1616035154299,-0.773363
1616035154393,2.253196
1616035154487,2.621413
1616035154581,-0.371474
1616035154678,-2.356463
1616035154772,-1.198072
1616035154866,1.517166
1616035154960,2.871978
1616035155054,0.764006
1616035155148,-1.967418
1616035155242,-2.022081
1616035155336,0.684149
1616035155430,2.191172
1616035155524,0.819558
1616035155618,-1.452561
1616035155712,-2.059389
1616035155806,0.010001
1616035155900,2.707863
1616035155994,2.095599
1616035156088,-0.856078
1616035156182,-2.436142
1616035156276,-0.678282
1616035156370,1.722670
1616035156464,2.104977
1616035156558,-0.232203
1616035156652,-2.316912
1616035156746,-1.989071
1616035156840,1.702901
1616035156934,3.101693
1616035157028,0.475040
1616035157118,-2.106857
1616035157212,-1.461516
1616035157306,0.797191
1616035157400,2.669640
1616035157494,1.085326
1616035157588,-1.903366
1616035157682,-2.369331
1616035157776,0.314472
1616035157870,2.439999
1616035157964,1.480309
1616035158058,-1.384840
1616035158152,-2.031458
1616035158246,-0.677319
1616035158335,2.036579
1616035158429,2.265386
1616035158523,-0.335506
1616035158617,-2.278897
1616035158711,-1.560040
1616035158805,1.588698
1616035158899,2.205350
1616035158993,0.406379
1616035159087,-2.390143
1616035159181,-1.962038
1616035159275,1.263820
1616035159369,2.375818
1616035159463,0.944178
1616035159555,-1.727942
1616035159649,-2.169215
1616035159743,0.034488
1616035159837,2.757847
1616035159931,1.641673
1616035160025,-1.446734
1616035160119,-2.419639
1616035160213,-0.563211
1616035160307,1.798014
1616035160401,2.815797
1616035160495,-0.318460
1616035160589,-2.723180
1616035160683,-1.664831
1616035160774,1.222767
1616035160870,2.107483
1616035160966,-0.408724
1616035161062,-2.454104
1616035161158,-1.619412
1616035161254,0.616096
1616035161350,2.137211
1616035161446,0.694352
1616035161542,1.801591
1616035161638,-2.573763
1616035161734,-0.406628
1616035161830,2.084299
1616035161926,-1.717468
1616035162026,-1.537233
1616035162118,2.707014
1616035162210,-0.743530
1616035162302,-2.059811
1616035162394,2.144090
1616035162486,2.486295
1616035162578,-2.823856
1616035162670,1.207910
1616035162762,1.918649
1616035162854,-2.663134
1616035162946,-0.235288
1616035163038,2.073654
1616035163130,-1.936389
1616035163227,-1.293651
1616035163321,2.195707
1616035163415,-1.266140
1616035163509,-2.491438
1616035163603,0.680399
1616035163697,-0.506248
1616035163791,-2.871374
1616035163885,1.148969
1616035163979,0.902961
1616035164073,-3.076477
1616035164167,-0.251602
1616035164261,1.269382
1616035164355,-3.313219
1616035164450,-1.605821
1616035164545,1.268263
1616035164640,-2.822914
1616035164735,-2.221045
1616035164830,1.120103
1616035164925,-1.727833
1616035165020,-4.124967
1616035165115,0.251929
1616035165210,-0.807631
1616035165305,-4.111388
1616035165400,-0.209510
1616035165495,1.584452
1616035165590,-2.090952
1616035165679,-0.095943
1616035165773,2.667472
1616035165867,-1.780488
1616035165961,-0.372807
1616035166055,3.543225
1616035166149,0.531046
1616035166243,-1.271201
1616035166337,1.824193
1616035166431,-0.411690
1616035166525,-4.072328
1616035166619,-1.441630
1616035166713,-2.675062
1616035166807,-7.611511
1616035166905,-6.202092
1616035166998,-9.399598
1616035167091,-7.800576
1616035167184,-6.304879
1616035167277,-2.652929
1616035167370,-5.573821
1616035167463,-6.016923
1616035167556,-1.512036
1616035167649,-2.139932
1616035167742,-2.314677
1616035167835,2.959163
1616035167928,4.843009
1616035168021,2.513316
1616035168117,2.044248
1616035168211,0.408341
1616035168305,-5.102960
1616035168399,-4.407381
1616035168493,-4.089141
1616035168587,-4.103143
1616035168681,-0.590967
1616035168775,4.587957
1616035168869,2.201369
1616035168963,-2.222070
1616035169057,-0.577101
1616035169151,0.709846
1616035169245,-1.956995
1616035169336,0.823081
1616035169430,-0.404882
1616035169524,-2.594281
1616035169618,-2.466393
1616035169712,1.959922
1616035169806,2.120857
1616035169900,-1.591872
1616035169994,-1.572152
1616035170088,-0.623478
1616035170182,-0.262072
1616035170276,1.815364
1616035170370,1.882127
1616035170464,-2.759581
1616035170556,-2.604681
1616035170650,1.525168
1616035170744,2.002258
1616035170838,0.213441
1616035170932,-0.242544
1616035171026,-2.089634
1616035171120,-1.231784
1616035171214,2.444038
1616035171308,2.603423
1616035171402,-1.833557
1616035171496,-2.327419
1616035171590,-0.205558
1616035171684,0.922990
1616035171776,1.802005
1616035171870,1.024602
1616035171964,-2.736474
1616035172058,-2.618000
1616035172152,1.836964
1616035172246,2.558201
1616035172340,-0.268975
1616035172434,-0.739592
1616035172528,-1.729158
1616035172622,-0.738653
1616035172716,2.896027
1616035172810,2.239269
1616035172904,-1.699121
1616035172995,-2.211776
1616035173089,1.036729
1616035173183,1.232007
1616035173277,1.195359
1616035173371,0.860222
1616035173465,-2.719932
1616035173559,-2.065147
1616035173653,2.513656
1616035173747,2.551651
1616035173841,-0.910539
1616035173935,-1.244007
1616035174029,-0.929639
1616035174123,-0.490588
1616035174217,2.342595
1616035174311,2.159688
1616035174405,-2.049032
1616035174499,-2.213663
1616035174593,1.261922
1616035174687,1.947802
1616035174781,0.597467
1616035174875,0.196578
1616035174969,-2.031482
1616035175063,-1.308006
1616035175157,2.557993
1616035175251,2.565679
1616035175345,-1.209430
1616035175434,-2.007865
1616035175529,-0.173919
1616035175624,0.438869
1616035175719,1.924233
1616035175814,2.039663
1616035175909,-2.113929
1616035176004,-2.298423
1616035176099,2.003753
1616035176194,2.172010
1616035176289,0.335555
1616035176384,-0.352398
1616035176479,-1.511641
1616035176574,-1.294968
1616035176663,2.959289
1616035176757,3.038698
1616035176851,-2.030416
1616035176945,-2.045759
1616035177039,-0.056925
1616035177133,0.940820
1616035177227,1.620260
1616035177321,1.563782
1616035177415,-2.415276
1616035177509,-2.032104
1616035177603,1.924576
1616035177697,2.135328
1616035177791,-0.454872
1616035177889,-1.215184
1616035177984,-1.043234
1616035178079,-1.139005
1616035178174,2.469518
1616035178269,2.679459
1616035178364,-1.587755
1616035178459,-2.116521
1616035178554,0.851800
1616035178649,1.049622
1616035178744,1.275166
1616035178839,0.950855
1616035178934,-2.548636
1616035179029,-2.559318
1616035179120,1.866113
1616035179214,3.010932
1616035179308,-0.286788
1616035179402,-1.375779
1616035179496,-1.609178
1616035179590,-0.242948
1616035179684,2.471652
1616035179778,1.970154
1616035179872,-2.403661
1616035179966,-2.165572
1616035180060,1.264842
1616035180154,1.234382
1616035180248,1.100362
1616035180340,0.844444
1616035180434,-2.476261
1616035180528,-2.227132
1616035180622,2.075599
1616035180716,3.046389
1616035180810,-0.909147
1616035180904,-1.390260
1616035180998,-0.400597
1616035181092,-0.259833
1616035181186,2.260870
1616035181280,2.209724
1616035181374,-2.121685
1616035181468,-2.677320
1616035181559,1.163961
1616035181653,1.929593
1616035181747,0.854946
1616035181841,0.618229
1616035181935,-2.410145
1616035182029,-1.893443
1616035182123,2.324450
1616035182217,2.467983
1616035182311,-1.202986
1616035182405,-1.749425
1616035182499,-0.402336
1616035182593,0.174428
1616035182687,2.563015
1616035182776,2.050854
1616035182871,-2.603895
1616035182966,-2.431585
1616035183061,1.829957
1616035183156,1.985756
1616035183251,0.311961
1616035183346,-0.027467
1616035183441,-1.986922
1616035183536,-0.863353
1616035183631,2.955382
1616035183726,2.969013
1616035183821,-1.768464
1616035183916,-2.170673
1616035184015,-0.071427
1616035184107,0.601881
1616035184199,2.189007
1616035184291,2.003819
1616035184383,-2.495475
1616035184475,-2.280979
1616035184567,1.754873
1616035184659,2.611436
1616035184751,0.321620
1616035184843,-0.175570
1616035184935,-1.626792
1616035185027,-1.484744
1616035185119,2.670736
1616035185213,2.635111
1616035185307,-1.937242
1616035185401,-1.927206
1616035185495,-0.116186
1616035185589,0.698504
1616035185683,1.657856
1616035185777,1.120675
1616035185871,-2.637877
1616035185965,-2.476865
1616035186059,1.982253
1616035186153,2.544537
1616035186247,0.106139
1616035186341,-1.377441
1616035186432,-1.865207
1616035186526,-1.374127
1616035186620,2.663350
1616035186714,2.712519
1616035186808,-1.971185
1616035186902,-2.192377
1616035186996,0.367650
1616035187090,0.665320
1616035187184,1.974158
1616035187278,1.509505
1616035187372,-2.441350
1616035187466,-2.287966
1616035187560,nan
1616035187655,nan
