1618476181428	-83.806539	315.634074	230.379995
1618476181522	-82.098252	293.117777	225.391838
1618476181616	-94.898841	298.412081	230.705503
1618476181710	-81.482337	312.387939	242.25323
1618476181804	-91.782753	301.482771	233.530399
1618476181896	-108.231437	316.958936	242.821433
1618476181990	-99.538579	309.835254	232.26302
1618476182084	-98.427453	313.171049	235.955163
1618476182178	-89.965642	334.52891	242.770832
1618476182272	-94.146422	316.602717	234.583745
1618476182366	-99.696321	324.088477	224.884423
1618476182460	-95.413541	317.551261	224.495235
1618476182554	-92.545158	303.865533	239.004458
1618476182648	-95.889562	298.608207	242.158918
1618476182742	-102.614486	309.120999	225.05764
1618476182836	-90.206533	314.920812	236.835504
1618476182930	-106.210019	310.808613	223.469251
1618476183024	-91.12348	302.383166	238.143553
1618476183112	-98.526162	302.569575	244.096023
1618476183206	-95.341419	310.389421	234.029562
1618476183300	-83.892585	303.712399	223.255274
1618476183394	-79.233901	293.639188	232.973793
1618476183488	-91.432337	309.832656	231.350223
1618476183582	-92.654855	308.224249	234.621257
1618476183676	-94.220427	316.485171	237.749666
1618476183770	-97.332194	315.556268	249.832401
1618476183864	-84.847879	288.83742	241.176904
1618476183958	-97.691017	312.819824	227.071782
1618476184052	-82.719717	285.382386	229.614573
1618476184146	-86.982309	311.757789	240.358261
1618476184240	-88.883388	320.273547	237.279613
1618476184331	-99.73855	298.980417	235.235628
1618476184425	-82.505148	297.033817	218.451014
1618476184519	-101.262005	315.00349	229.247581
1618476184613	-88.343266	308.417121	238.769396
1618476184707	-108.18629	294.077634	232.63904
1618476184801	-114.346902	311.117071	239.31849
1618476184895	-107.452435	312.432137	216.472816
1618476184989	-86.276102	322.228377	239.274479
1618476185083	-109.479048	314.898826	225.74171
1618476185177	-76.589936	284.851346	232.050874
1618476185271	-90.285231	296.811478	234.176997
1618476185365	-97.643846	320.579054	224.493795
1618476185459	-80.349131	314.036248	245.448143
1618476185549	-83.069231	299.902659	230.272378
1618476185643	-86.69073	308.64259	215.348454
1618476185737	-99.914536	309.380674	244.32036
1618476185831	-84.933899	307.779653	234.211027
1618476185925	-90.692353	298.159493	237.971822
1618476186019	-90.730794	328.320002	236.062544
1618476186113	-85.855474	308.379414	233.337233
1618476186207	-85.500726	321.200614	247.465263
1618476186301	-102.698143	306.052222	229.148353
1618476186395	-97.095628	316.517765	216.62929
1618476186489	-83.283419	298.637675	233.856076
1618476186583	-84.662171	310.328515	237.982736
1618476186677	-100.015601	308.431167	237.500593
1618476186770	-86.289575	304.423218	217.920548
1618476186864	-73.219915	317.165106	233.290522
1618476186958	-95.242882	298.533238	235.231408
1618476187052	-102.39172	324.24752	229.222922
1618476187146	-98.083519	315.611308	231.853076
1618476187240	-103.269751	324.324681	226.956615
1618476187334	-98.842286	285.217542	235.828958
1618476187428	-90.970552	303.062682	238.996929
1618476187522	-89.816634	293.876883	226.897417
1618476187616	-89.706429	308.136415	221.197861
1618476187710	-85.458039	319.346373	222.275981
1618476187804	-82.645183	311.132988	228.461659
1618476187898	-95.083582	317.531798	233.607613
1618476187989	-99.897028	305.621179	233.43355
1618476188083	-77.242198	316.643693	228.28636
1618476188177	-90.835034	292.21427	229.475915
1618476188271	-92.117411	306.520296	232.119659
1618476188365	-89.241804	295.748083	234.970757
1618476188459	-84.101639	302.157549	237.651813
1618476188553	-84.27314	315.766463	220.575115
1618476188647	-86.107504	305.559358	242.662043
1618476188741	-91.575061	305.281689	219.446637
1618476188835	-93.807124	326.01036	228.477011
1618476188929	-90.937243	298.019841	236.721458
1618476189023	-108.994608	306.356589	237.437647
1618476189117	-94.032094	316.093574	225.482391
1618476189205	-88.939627	317.009373	219.858401
1618476189299	-97.5844	314.551989	241.518531
1618476189393	-96.90697	326.716699	218.633306
1618476189487	-83.212334	303.995177	244.41002
1618476189581	-97.678514	310.353477	232.366277
1618476189675	-102.484696	294.954438	238.179061
1618476189769	-94.031448	292.184028	224.030644
1618476189863	-88.993464	325.917389	237.31552
1618476189957	-91.916539	308.733479	234.471587
1618476190051	-98.710524	304.051033	222.047853
1618476190145	-109.231472	288.321971	224.042669
1618476190239	-101.132293	322.363245	214.507446
1618476190333	-105.942407	309.090145	224.532001
1618476190423	-97.535975	295.917584	221.434649
1618476190517	-94.22699	294.702138	226.927424
1618476190611	-102.494397	279.80747	222.235986
1618476190705	-88.951936	290.843438	241.185284
1618476190799	-97.923396	308.447419	243.870573
1618476190893	-106.597586	294.941727	218.792479
1618476190987	-118.595532	284.100162	235.245926
1618476191081	-130.066759	294.158176	229.838582
1618476191175	-132.588292	288.268214	226.758559
1618476191269	-129.834847	269.261543	239.648548
1618476191363	-148.489639	296.782736	256.820523
1618476191457	-134.401844	275.748982	262.441947
1618476191551	-125.494864	281.192597	280.601294
1618476191643	-112.081255	303.622285	310.304644
1618476191737	-111.548073	311.44075	327.683318
1618476191831	-85.136337	327.29175	349.424798
1618476191925	-74.379569	353.505793	363.39313
1618476192019	-49.262048	364.153052	380.328574
1618476192113	-9.201441	444.439194	385.012349
1618476192207	68.305994	433.96273	340.325026
1618476192301	83.735278	320.447774	277.563804
1618476192395	78.584229	304.894313	269.003233
1618476192489	86.42416	264.178693	217.740369
1618476192583	16.713493	246.545659	220.471414
1618476192677	-18.868591	259.224012	223.918902
1618476192771	-15.330376	244.730795	186.08714
1618476192871	-62.393299	221.067595	206.870593
1618476192965	-105.101258	218.365281	223.443967
1618476193059	-117.763897	267.980336	226.600894
1618476193153	-152.949366	324.884776	296.503741
1618476193247	-132.580211	367.118759	338.530732
1618476193341	-25.540914	408.607165	370.11374
1618476193435	37.698097	351.625467	292.522374
1618476193529	-20.10718	303.433272	239.659564
1618476193623	-9.71556	327.335222	267.556744
1618476193717	4.897039	328.082378	227.271182
1618476193811	-38.773262	335.310619	239.625415
1618476193905	-19.447527	304.854771	215.707287
1618476193999	-30.748356	322.522903	191.365384
1618476194097	-28.232479	319.848925	169.144017
1618476194192	-36.947235	297.757821	157.587103
1618476194287	-60.99694	301.334261	177.800583
1618476194382	-41.165675	291.996198	168.665233
1618476194477	-51.179793	300.901909	176.767775
1618476194572	-67.187122	316.504319	237.586134
1618476194667	-78.707206	302.580657	236.805686
1618476194762	-74.639433	331.856405	204.598409
1618476194857	-78.424229	308.192852	182.972893
1618476194952	-83.230874	297.69993	177.368801
1618476195047	-71.926998	299.053503	193.639722
1618476195142	-82.971635	313.478168	202.088402
1618476195237	-73.665648	293.911642	154.296149
1618476195334	-103.149607	299.074063	153.809217
1618476195428	-103.763411	319.290236	161.77317
1618476195522	-90.039151	316.24529	187.194281
1618476195616	-92.334669	314.17523	221.590285
1618476195710	-103.663265	299.22561	224.241165
1618476195804	-78.138868	322.293352	218.368077
1618476195898	-75.703513	297.850143	223.194182
1618476195992	-101.146237	320.343729	216.090357
1618476196086	-96.416151	311.083432	214.853466
1618476196180	-85.429642	301.92164	215.416911
1618476196274	-96.814896	299.103127	221.786437
1618476196368	-75.461427	323.764993	221.076148
1618476196462	-93.725376	286.716076	225.990053
1618476196550	-96.595154	309.400232	218.313191
1618476196644	-92.427093	302.445018	232.161112
1618476196738	-95.773118	297.622533	230.330832
1618476196832	-98.289997	307.203525	224.212182
1618476196926	-102.578096	325.405128	234.784462
1618476197020	-101.921673	317.440093	244.962963
1618476197114	-91.644512	311.814892	247.377173
1618476197208	-82.898393	311.054781	235.091366
1618476197302	-105.024275	303.982064	222.391055
1618476197396	-96.310553	307.566617	228.518847
1618476197490	-87.363554	310.280606	233.163085
1618476197584	-107.837999	284.498191	221.135486
1618476197678	-88.957585	305.049774	224.759452
1618476197769	-93.199128	308.671653	231.834115
1618476197863	-100.470088	295.061753	223.56965
1618476197957	-91.414277	305.630161	235.771004
1618476198051	-98.495934	297.511415	234.879602
1618476198145	-97.462756	289.561307	233.527114
1618476198239	-90.767076	282.787187	240.951819
1618476198333	-90.884848	312.914812	228.42152
1618476198427	-86.074459	312.328839	223.428531
1618476198521	-94.91738	309.325525	218.275873
1618476198615	-86.334142	303.782911	242.966168
1618476198709	-91.720287	312.276363	233.763013
1618476198803	-100.227238	298.015445	237.718149
1618476198897	-84.301126	287.89612	228.259778
1618476198988	-97.055219	322.558842	238.018001
1618476199082	-89.002583	334.629923	233.706036
1618476199176	-85.08815	289.617206	227.783113
1618476199270	-93.998436	302.817677	229.116431
1618476199364	-83.392167	306.025273	227.675443
1618476199458	-106.131532	313.850449	219.19432
1618476199552	-97.688583	323.806611	235.619687
1618476199646	-88.056576	302.313891	226.252751
1618476199740	-102.459989	334.479298	248.793102
1618476199834	-100.572623	291.611458	237.959824
1618476199928	-85.441066	290.933913	242.038025
1618476200022	-100.656542	305.605162	233.670927
1618476200116	-98.64627	298.002758	230.273035
1618476200206	-107.957886	306.054564	245.126076
1618476200300	-95.493846	286.354403	230.609458
1618476200394	-102.063137	287.875854	250.24726
1618476200488	-90.03754	283.811622	234.442132
1618476200582	-74.584425	278.793731	237.050243
1618476200676	-111.395674	314.374131	237.577347
1618476200770	-93.22829	314.253028	228.710903
1618476200864	-99.491444	317.382815	235.319009
1618476200958	-86.860621	318.375462	235.4683
1618476201052	-89.333646	297.58821	244.35332
1618476201146	-100.917226	308.396327	230.348919
1618476201240	-82.961612	304.95637	224.132157
1618476201334	-100.667412	311.398627	211.801038
1618476201426	-95.090113	314.631703	239.402477
1618476201520	-89.265435	278.374177	243.723267
1618476201614	-96.707437	308.089065	222.536321
1618476201708	-86.332863	317.411776	230.076599
1618476201802	-90.278272	295.379615	227.213818
1618476201896	-96.196118	319.434478	228.571683
1618476201990	-91.704298	318.659204	221.947113
1618476202084	-92.901697	314.228782	241.516865
1618476202178	-90.731676	306.88617	234.00009
1618476202272	-93.25548	328.320941	245.868106
1618476202366	-83.647512	301.026389	219.348787
1618476202460	-89.737156	308.871995	227.198782
1618476202554	-94.190858	302.055736	232.30921
1618476202643	-105.294635	308.963006	238.780615
1618476202738	-91.079034	321.042197	241.615653
1618476202833	-101.79643	310.890947	226.855487
1618476202928	-93.207226	299.565773	227.388704
1618476203023	-95.562936	286.408863	229.365251
1618476203118	-95.214073	291.245139	240.65989
1618476203213	-85.626283	295.545022	225.947174
1618476203308	-102.6888	308.975581	230.206968
1618476203403	-94.982608	301.8659	229.510468
1618476203498	-86.700998	306.598654	240.557272
1618476203593	-89.332297	298.815045	242.38717
1618476203688	-100.996091	304.259128	240.846041
1618476203783	-100.008675	313.605555	219.17432
1618476203872	-107.899923	290.178597	239.809718
1618476203966	-99.88583	309.895288	242.326692
1618476204060	-109.053512	295.876951	234.950369
