1618478185959,-49.294769363,234.108128249,424.644746698
1618478186054,3.488856266,280.927816281,339.285930910
1618478186149,11.172231366,279.208378800,333.883119275
1618478186244,-13.597331380,262.561066106,384.666746817
1618478186339,-29.805769042,252.474878464,406.875192510
1618478186434,-49.733644435,247.072065814,412.839109622
1618478186529,-42.611394183,249.474878470,402.875194061
1618478186623,16.575043941,280.488941314,319.638618853
1618478186717,20.855606514,287.330628884,328.760875584
1618478186811,-31.086331522,246.913753448,417.400259248
1618478186905,-41.611394236,244.352628386,423.522500684
1618478186999,-30.805769049,258.719378585,381.544503971
1618478187093,-25.964081620,258.719378537,371.861115259
1618478187187,20.855606469,285.769503835,334.163683021
1618478187281,14.733356317,282.488941282,342.127610199
1618478187375,-49.294769239,236.949815846,431.767011103
1618478187469,-55.136456885,241.230378321,434.328124661
1618478187563,-2.352831250,273.525003716,353.091559587
1618478187657,-1.913956355,276.366691232,346.127613445
1618478187751,1.927731207,269.122191115,363.897178017
1618478187839,-0.913956204,265.841628655,376.141693812
1618478187933,-51.575331909,241.510940813,432.364180692
1618478188027,-49.014206751,243.510940865,418.241945311
1618478188121,17.294481366,282.488941290,325.480299528
1618478188215,17.294481429,284.769503831,321.919181747
1618478188309,-21.841831359,248.474878495,399.472388608
1618478188403,-29.086331734,246.474878392,409.436297182
1618478188497,-39.330831620,250.474878489,403.472386994
1618478188591,-35.366894241,257.597128457,394.069547998
1618478188685,20.136168959,281.769503824,325.760867407
1618478188779,15.294481414,284.050066340,333.883117643
1618478188873,-44.172519450,241.510940765,426.083604491
1618478188967,-46.172519312,237.388690760,428.486433018
1618478189058,-22.841831483,265.122191145,363.897186403
1618478189152,-4.194518720,276.086128778,345.688755830
1618478189246,10.172231511,274.086128797,352.091573713
1618478189340,1.488856307,271.525003721,355.933248403
1618478189434,-54.136456901,235.108128252,431.766997785
1618478189528,-54.697581953,237.949815790,428.644745286
1618478189622,4.488856355,283.208378833,337.005378749
1618478189716,5.330543738,284.769503797,330.602547281
1618478189810,-8.316768811,258.438816066,383.105627956
1618478189904,-13.439018877,255.877691033,393.350127514
1618478189998,-46.733644321,242.633190892,418.558560389
1618478190092,-42.891956750,247.633190902,409.436313173
1618478190186,18.294481443,285.050066352,324.480308377
1618478190286,22.136169035,283.050066371,324.480313696
1618478190380,-34.086331656,248.633190878,410.997431224
1618478190474,-38.050269351,245.072065811,420.241921218
1618478190568,-25.244644101,257.158253520,383.105619359
1618478190662,-22.683519108,258.719378535,371.580552345
1618478190756,19.855606485,280.647253779,333.883122309
1618478190850,16.294481426,278.647253768,340.566494154
1618478190944,-51.294769319,237.949815813,432.767001801
1618478191038,-54.575331831,244.072065876,429.925314752
1618478191132,-0.913956278,275.805566233,341.408184869
1618478191226,0.647168830,273.805566264,339.566506196
1618478191320,0.488856298,271.122191140,367.458310028
1618478191414,-6.036206245,265.280503633,374.983383744
1618478191507,-52.136456963,235.669253258,424.364178051
1618478191601,-45.453081696,243.791503391,424.803073131
1618478191695,17.294481444,288.611191383,326.480308526
1618478191789,20.575044059,286.611191424,329.041445098
1618478191883,-22.122394012,248.474878439,402.033497752
1618478191977,-33.928019077,242.072065898,415.119695757
1618478192071,-39.330831719,248.474878449,395.911250549
1618478192165,-36.928019248,253.036003436,387.508425624
1618478192259,20.855606363,284.050066307,326.480295662
1618478192353,18.575044007,287.050066372,331.883126605
1618478192447,-42.891956779,238.230378313,422.364184935
1618478192541,-46.172519311,241.072065853,428.925308061
1618478192635,-15.000143944,262.561066111,365.458310583
1618478192731,-15.719581486,267.122191118,354.213803796
1618478192825,7.611106390,274.086128760,342.969313260
1618478192919,4.049981246,270.963878652,353.494362829
1618478193013,-55.136456794,240.669253327,427.486447570
1618478193107,-54.136456907,239.510940827,420.644746947
1618478193201,3.488856403,276.366691306,331.285946794
1618478193295,8.891668895,279.208378818,324.602561903
1618478193389,-13.158456520,259.999941030,375.105609158
1618478193483,-14.719581358,256.877691047,381.508443968
1618478193577,-46.733644277,250.913753426,400.119690477
1618478193671,-43.891956786,245.352628372,374.155746462
1618478193765,22.136168980,286.330628863,289.480307315
1618478193859,20.136169060,284.330628896,272.480316578
1618478193948,-37.928019124,247.913753425,343.558565286
1618478194042,-38.050269216,242.072065866,379.803061887
1618478194136,-33.086331603,258.158253538,331.105624460
1618478194230,-24.402956552,257.158253521,314.299994505
1618478194324,15.575043990,281.208378819,291.444249672
1618478194418,6.172231408,275.366691270,336.127624178
1618478194512,-51.014206814,240.791503355,470.925313080
1618478194606,-53.575331911,234.388690751,484.486430498
1618478194700,-9.755643766,272.525003741,377.969316582
1618478194794,6.891668965,281.208378846,326.163694933
1618478194888,-1.511143707,270.244441200,335.774934364
1618478194982,-12.475081279,263.841628637,320.019438610
1618478195076,-56.136457018,239.510940781,354.364171602
1618478195168,-58.014206910,241.510940800,309.083614490
1618478195262,4.733356566,284.050066415,238.760888758
1618478195356,7.575043963,277.927816292,325.480308970
1618478195450,-33.122393932,252.036003502,431.752944427
1618478195544,-39.244644066,251.474878442,491.155748703
1618478195638,-61.330831828,255.474878404,486.191800459
1618478195732,-53.208581528,256.316566048,478.630702885
1618478195826,-7.863831021,292.330628863,399.919182216
1618478195920,-8.583268495,306.769503837,380.480308439
1618478196014,-61.611394310,250.072065841,463.644742190
1618478196108,-69.733644353,277.072065848,452.644744266
1618478196202,-63.000143978,285.402753643,388.738869112
1618478196296,-99.597331347,345.841628634,372.213812693
1618478196385,-15.266643482,501.488941365,359.688758415
1618478196480,96.049981189,433.525003660,364.652668740
1618478196575,37.302418037,264.230378301,438.486431622
1618478196670,4.863543182,170.669253317,434.644757310
1618478196765,-15.230581253,202.647253751,347.285926986
1618478196860,-23.230581274,224.488941289,335.041424451
1618478196955,-74.316768887,198.280503581,382.263931653
1618478197050,-123.158456451,251.877690996,391.508429649
1618478197145,-184.294769491,336.072065804,418.400231844
1618478197240,-116.891956808,519.913753394,414.997431486
1618478197335,21.294481438,542.611191381,321.638620293
1618478197430,43.575043914,534.488941303,325.919178233
1618478197525,36.071980915,423.194315957,411.997444767
1618478197622,38.108043209,365.669253278,427.364183608
1618478197716,56.913668361,343.438816039,388.666745344
1618478197810,52.035918452,301.158253535,375.422248611
1618478197904,74.294481533,302.208378842,334.883131384
1618478197998,61.733356432,291.488941329,335.566498441
1618478198092,-17.294769301,238.949815820,429.925316346
1618478198186,-29.575332008,241.230378258,432.766981861
1618478198280,10.683231082,270.525003692,355.652677693
1618478198374,8.805481129,274.647253747,344.127613383
1618478198468,18.769418879,267.683316197,362.336067495
1618478198562,8.086043664,265.122191116,367.177740878
1618478198656,-45.136457002,236.510940788,428.364173466
1618478198750,-40.733644386,234.669253258,426.083615469
1618478198841,16.891668794,280.769503807,329.041425204
1618478198935,21.294481477,283.050066366,328.321999927
1618478199029,-15.280706383,253.597128534,395.911257271
1618478199123,-21.244643992,247.474878472,406.875194697
1618478199217,-37.330831735,247.474878442,403.033498719
1618478199311,-31.208581547,248.474878494,394.911263281
1618478199405,20.855606410,281.769503811,326.919176080
1618478199499,23.416731495,283.050066348,326.041432371
1618478199593,-40.611394233,245.072065872,423.083626027
1618478199687,-46.733644346,238.949815789,428.364182574
1618478199781,-16.280706446,261.999941086,368.019437184
1618478199875,-12.719581327,263.841628668,360.336072263
1618478199969,18.294481473,279.927816302,344.127624543
1618478200057,9.611106389,279.366691275,351.091563202
1618478200151,-52.136456854,240.230378333,430.486440620
1618478200245,-57.136456851,245.072065881,435.047566033
1618478200339,4.769418814,274.086128748,338.005372229
1618478200433,11.733356401,282.488941317,323.480307177
1618478200527,-8.316768783,263.561066139,376.422256054
1618478200621,-14.719581356,256.158253564,387.666756721
1618478200715,-50.575331806,239.510940855,418.680817433
1618478200809,-41.891956707,244.633190920,407.716880575
1618478200903,18.294481405,285.050066337,322.919179046
1618478200997,21.416731448,286.330628844,324.919176862
1618478201091,-30.086331590,247.194315935,413.839126314
1618478201185,-37.208581552,242.072065915,416.961388000
1618478201278,-32.086331668,254.597128481,391.947304575
1618478201372,-20.122394022,260.719378558,378.983371370
1618478201466,15.575043986,283.488941332,332.883124143
1618478201560,18.294481377,280.208378779,339.285925989
1618478201654,-47.294769406,237.949815777,430.486429252
1618478201748,-52.294769463,236.108128208,428.486422744
1618478201842,-3.755643924,276.086128707,351.810985874
1618478201936,-2.194518865,278.366691234,340.566489030
1618478202030,5.208293899,267.683316218,359.494385817
1618478202124,1.647168744,263.841628621,374.580559159
1618478202218,-47.294769283,243.791503374,426.364193441
1618478202312,-47.733644324,244.352628376,422.241935092
1618478202406,20.294481497,287.330628890,328.760877206
1618478202498,16.575044010,287.330628889,324.919189381
1618478202592,-18.280706436,251.036003482,398.472376145
1618478202686,-29.244644162,249.755440918,409.716862617
1618478202780,-40.330831825,252.474878405,403.033488281
1618478202874,-36.769706629,253.036003504,392.069569742
1618478202968,22.697294042,281.488941330,327.041436014
1618478203062,20.136169096,281.488941365,334.163695893
1618478203156,-45.733644447,243.072065810,423.803045884
1618478203250,-53.855894380,237.949815801,437.608685915
1618478203344,-17.280706396,264.841628652,364.897192908
1618478203438,-7.316768794,263.841628650,358.774942094
1618478203532,10.891668854,276.086128739,351.810994825
1618478203626,5.769418843,271.525003729,355.933250808
1618478203714,-52.136456794,232.108128296,429.486447611
1618478203808,-55.697582007,237.669253252,426.925301552
1618478203902,1.769418811,279.208378808,337.444246830
1618478203996,6.891668898,281.488941334,332.321999692
1618478204090,-11.158456414,264.561066104,387.666746413
1618478204184,-16.280706468,252.877691015,393.630684891
1618478204278,-50.294769292,244.352628401,413.558567208
1618478204372,-41.891956757,248.913753415,414.155749816
1618478204466,20.855606498,285.050066362,317.638623661
1618478204560,18.294481409,281.769503823,325.480304521
1618478204654,-32.928019127,242.352628393,421.961377456
1618478204748,-42.891956856,241.791503313,427.364176143
1618478204842,-28.805769061,259.719378580,385.105627517
1618478204935,-20.122393954,260.719378586,372.300004075
1618478205029,18.294481357,278.927816255,344.127611240
1618478205123,17.294481433,281.208378801,345.249869997
1618478205217,-49.733644309,243.230378320,431.766999499
1618478205311,-54.136456817,236.669253318,432.328132506
1618478205405,-0.913956279,272.805566232,348.249872257
1618478205499,0.927731406,275.086128805,340.285950669
1618478205593,1.647168741,266.683316166,371.019433767
1618478205687,-4.755643952,263.561066057,374.141670430
1618478205781,-53.136456974,240.510940799,425.364176748
1618478205875,-49.294769353,242.072065861,425.241935310
1618478205969,13.294481304,285.769503780,327.760854937
1618478206063,20.855606475,284.050066353,327.760871126
1618478206151,-25.244644086,249.474878433,405.594621326
1618478206245,-31.086331703,248.913753374,413.839113327
1618478206339,-36.769706693,249.755440962,397.911249986
1618478206433,-34.928019113,254.597128522,386.227878756
1618478206527,24.416731552,280.488941341,331.322001498
1618478206621,18.294481315,282.769503784,335.724793754
1618478206715,-49.294769382,244.072065849,428.925307011
1618478206809,-52.855894358,237.949815810,433.486438406
1618478206903,-12.877893890,263.841628623,364.336059582
1618478206997,-6.755643830,274.525003715,353.933246778
1618478207091,10.611106362,272.525003718,353.091560100
1618478207185,3.488856225,273.525003687,362.897176481
1618478207279,-60.136456732,238.669253352,434.047579727
1618478207375,-53.575331857,239.510940835,433.644749240
1618478207469,4.769418800,282.488941320,330.602558049
