1616035461097,175.984887034,238.997953485,-366.563226712
1616035461191,179.984886738,234.997953445,-366.563257356
1616035461285,177.984887122,235.997953497,-366.563217642
1616035461377,179.984886596,236.997953426,-365.563272018
1616035461471,178.984887010,232.997953482,-365.563229195
1616035461565,179.984886914,236.997953469,-362.563239089
1616035461659,175.984886834,236.997953458,-366.563247368
1616035461753,178.984886738,236.997953445,-365.563257324
1616035461847,179.984886738,234.997953445,-366.563257356
1616035461941,178.984886968,235.997953476,-364.563233529
1616035462035,178.984886738,236.997953445,-365.563257324
1616035462129,178.984886708,239.997953441,-366.563260464
1616035462223,179.984886926,236.997953470,-364.563237895
1616035462317,179.984886914,236.997953469,-362.563239089
1616035462411,176.984886911,235.997953468,-363.563239460
1616035462505,179.984886937,236.997953472,-366.563236700
1616035462595,174.984886811,238.997953455,-361.563249724
1616035462689,176.984886681,236.997953437,-364.563263255
1616035462783,177.984887210,236.997953509,-364.563208508
1616035462877,178.984886738,236.997953445,-365.563257324
1616035462971,177.984886880,236.997953464,-365.563242631
1616035463065,178.984887079,236.997953491,-366.563222007
1616035463159,174.984886876,235.997953464,-366.563243002
1616035463253,177.984886769,235.997953449,-363.563254153
1616035463347,180.984886695,235.997953439,-366.563261721
1616035463441,179.984886937,236.997953472,-366.563236700
1616035463535,178.984886738,236.997953445,-365.563257324
1616035463629,179.984887233,236.997953512,-359.563206160
1616035463723,176.984887122,237.997953497,-365.563217610
1616035463815,177.984886880,236.997953464,-365.563242631
1616035463909,178.984886726,236.997953443,-363.563258519
1616035464003,178.984886708,239.997953441,-366.563260464
1616035464097,178.984887079,236.997953491,-366.563222007
1616035464191,176.984886911,235.997953468,-363.563239460
1616035464285,178.984886738,236.997953445,-365.563257324
1616035464379,178.984886968,235.997953476,-364.563233529
1616035464473,178.984886938,238.997953472,-365.563236669
1616035464567,179.984886638,233.997953431,-366.563267684
1616035464661,177.984887210,236.997953509,-364.563208508
1616035464755,181.984886995,236.997953480,-367.563230770
1616035464849,178.984887179,237.997953505,-366.563211679
1616035464943,175.984886623,234.997953429,-364.563269217
1616035465034,179.984887044,234.997953486,-361.563225621
1616035465128,174.984887076,237.997953491,-366.563222347
1616035465222,179.984887256,236.997953515,-363.563203772
1616035465316,175.726271785,236.556689685,-704.621775271
1616035465410,178.984886738,236.997953445,-365.563257324
1616035465504,179.984886926,236.997953470,-364.563237895
1616035465598,179.984886826,235.997953457,-364.563248222
1616035465692,179.984886956,233.997953475,-363.563234755
1616035465786,178.984886968,235.997953476,-364.563233529
1616035465880,177.984886650,237.997953433,-366.563266426
1616035465974,178.984886956,235.997953475,-362.563234723
1616035466068,183.008049225,237.407333524,-50.859031084
1616035466162,176.984887122,237.997953497,-365.563217610
1616035466253,180.984886967,231.997953476,-366.563233592
1616035466347,179.984886596,236.997953426,-365.563272018
1616035466441,177.984887010,234.997953482,-364.563229164
1616035466535,176.984886692,236.997953439,-366.563262061
1616035466629,178.984887068,236.997953490,-364.563223201
1616035466723,179.984887256,236.997953515,-363.563203772
1616035466817,179.984886796,238.997953453,-365.563251362
1616035466911,178.984886627,235.997953430,-363.563268846
1616035467005,179.984886926,236.997953470,-364.563237895
1616035467099,179.984887256,236.997953515,-363.563203772
1616035467193,181.984886972,236.997953477,-363.563233158
1616035467287,179.984887014,237.997953482,-362.563228761
1616035467381,180.984887167,233.997953503,-366.563212937
1616035467469,179.984886926,236.997953470,-364.563237895
1616035467563,179.984887256,236.997953515,-363.563203772
1616035467657,176.984886669,236.997953436,-362.563264449
1616035467751,177.984886869,236.997953463,-363.563243825
1616035467845,179.984887156,235.997953502,-363.563214099
1616035467939,179.984886991,237.997953479,-358.563231149
1616035468033,178.984887045,236.997953487,-360.563225590
1616035468127,177.984887198,236.997953507,-362.563209702
1616035468221,180.984887190,237.997953506,-359.563210525
1616035468315,179.984886903,236.997953467,-360.563240283
1616035468409,179.984887233,236.997953512,-359.563206160
1616035468503,177.984887175,236.997953504,-358.563212091
1616035468597,175.984886765,236.997953449,-354.563254533
1616035468690,178.984886757,237.997953448,-351.563255356
1616035468784,178.984887240,235.997953513,-353.563205377
1616035468878,179.984886810,236.997953455,-344.563249837
1616035468972,180.984887152,234.997953501,-346.563214551
1616035469066,179.984887247,234.997953514,-338.563204634
1616035469160,179.984887182,237.997953505,-333.563211357
1616035469254,180.984887147,235.997953500,-328.563214971
1616035469348,182.984887201,232.997953508,-322.563209483
1616035469442,177.226766120,237.624463882,-595.852578450
1616035469536,183.984887024,236.997953484,-305.563227736
1616035469630,181.984886709,234.997953441,-294.563260293
1616035469724,179.984886687,234.997953438,-299.563262641
1616035469818,180.984886798,233.997953453,-302.563251151
1616035469907,182.984886650,233.997953433,-442.563266384
1616035470001,181.984887100,234.997953494,-478.563219868
1616035470095,180.984886614,236.997953428,-509.563270169
1616035470189,183.984887033,237.997953485,-580.563226807
1616035470283,180.984887203,233.997953508,-663.563209200
1616035470377,181.984886610,234.997953428,-742.563270555
1616035470471,182.984887090,236.997953493,-757.563220916
1616035470565,181.984887016,238.997953483,-685.563228558
1616035470659,179.984886673,232.997953436,-622.563264036
1616035470753,183.984886998,233.997953480,-585.563230413
1616035470847,181.984887092,234.997953493,-651.563220731
1616035470941,181.984887103,234.997953494,-653.563219537
1616035471035,184.984887116,236.997953496,-520.563218214
1616035471128,183.984886924,231.997953470,-316.563238087
1616035471222,187.984887225,231.997953511,-234.563206941
1616035471316,186.984887258,229.997953515,-366.563203527
1616035471410,184.984887080,231.997953491,-484.563221908
1616035471504,189.984886687,229.997953438,-399.563262623
1616035471598,192.984887202,227.997953508,-306.563209287
1616035471692,192.984887006,223.997953481,-283.563229612
1616035471786,196.984887209,224.997953509,-283.563208617
1616035471880,197.984887127,214.997953498,-292.563217054
1616035471974,202.984886593,208.997953425,-310.563272299
1616035472068,206.984887133,198.997953498,-326.563216476
1616035472162,206.984886683,183.997953437,-333.563263053
1616035472256,206.984886904,168.997953467,-340.563240189
1616035472345,203.984887157,129.997953502,-345.563213988
1616035472439,196.984886988,117.997953479,-351.563231486
1616035472533,171.984886782,73.997953451,-345.563252721
1616035472627,117.984887057,69.997953488,-354.563224346
1616035472721,99.984886996,56.997953480,-358.563230621
1616035472815,76.984887168,25.997953503,-358.563212839
1616035472909,98.984886784,150.997953451,-357.563252595
1616035473003,166.984886845,180.997953459,-359.563246304
1616035473097,204.984886987,185.997953479,-360.563231609
1616035473191,279.984887202,193.997953508,-360.563209376
1616035473285,346.984887180,204.997953505,-361.563211617
1616035473379,422.984886947,256.997953473,-361.563235735
1616035473473,376.984887222,274.997953511,-361.563207228
1616035473565,353.984886665,239.997953435,-362.563264880
1616035473659,310.984886733,185.997953444,-366.563257824
1616035473753,267.984886747,161.997953446,-365.563256401
1616035473847,198.984886700,261.997953440,-360.563261259
1616035473941,167.984887126,379.997953498,-363.563217142
1616035474035,124.984886623,508.997953429,-359.563269201
1616035474129,339.984886919,561.997953470,-365.563238561
1616035474223,364.984887131,229.997953498,-363.563216706
1616035474317,302.984886866,239.997953462,-363.563244050
1616035474411,201.984887126,266.997953498,-363.563217189
1616035474505,169.984887150,419.997953501,-364.563214740
1616035474599,254.984886880,386.997953464,-363.563242675
1616035474693,229.984886954,304.997953474,-365.563234948
1616035474783,211.984886716,276.997953442,-365.563259649
1616035474877,203.984887026,261.997953484,-365.563227580
1616035474971,202.984887029,253.997953484,-363.563227263
1616035475065,200.984886967,246.997953476,-366.563233660
1616035475159,196.984887212,243.997953509,-362.563208258
1616035475253,196.984886913,240.997953469,-362.563239242
1616035475347,193.984886791,241.997953452,-366.563251886
1616035475441,191.984887105,238.997953495,-365.563219360
1616035475535,190.984886717,236.997953442,-366.563259446
1616035475629,189.984887059,238.997953488,-366.563224097
1616035475723,191.984887247,236.997953514,-366.563204699
1616035475817,187.984886591,234.997953425,-363.563272533
1616035475911,186.984887216,232.997953510,-365.563207861
1616035476009,184.984887205,236.997953508,-361.563208992
1616035476103,183.984886799,237.997953453,-365.563251023
1616035476197,184.984887068,241.997953490,-367.563223210
1616035476291,182.984887213,233.997953509,-365.563208200
1616035476385,183.984887041,236.997953486,-366.563226033
1616035476479,183.984886941,235.997953472,-366.563236361
1616035476573,181.984886730,237.997953444,-362.563258147
1616035476667,179.984886607,236.997953427,-367.563270823
1616035476761,181.984887125,234.997953497,-366.563217302
1616035476855,180.984887225,237.997953511,-365.563206943
1616035476949,182.825412255,235.382601828,-72.750292434
1616035477043,181.984886653,236.997953433,-366.563266087
1616035477137,181.984886642,236.997953432,-364.563267281
1616035477228,178.984887110,233.997953495,-365.563218868
1616035477322,179.984886826,235.997953457,-364.563248222
1616035477416,180.984886784,236.997953451,-364.563252588
1616035477510,180.984886795,236.997953453,-366.563251394
1616035477604,180.984886926,234.997953470,-365.563237926
1616035477698,178.984886596,238.997953426,-364.563271986
1616035477792,182.984887183,236.997953505,-366.563211340
1616035477886,180.984887037,235.997953485,-367.563226404
1616035477980,179.984886937,236.997953472,-366.563236700
1616035478074,179.984886696,237.997953439,-365.563261690
1616035478168,178.984887110,233.997953495,-365.563218868
1616035478262,179.984886926,236.997953470,-364.563237895
1616035478356,179.984886738,234.997953445,-366.563257356
1616035478449,179.984887233,236.997953512,-359.563206160
1616035478543,182.409057271,239.461635834,-12.380311021
1616035478637,182.519203185,237.341136675,-103.423373393
1616035478731,178.984886868,234.997953463,-364.563243857
1616035478825,180.984887025,235.997953484,-365.563227598
1616035478919,178.984886726,236.997953443,-363.563258519
1616035479013,177.984886680,234.997953437,-365.563263287
1616035479107,181.984886983,236.997953478,-365.563231964
1616035479201,178.984886780,233.997953451,-366.563252991
1616035479295,178.984886738,236.997953445,-365.563257324
1616035479389,179.984887209,232.997953509,-366.563208571
1616035479483,181.984886653,236.997953433,-366.563266087
1616035479577,177.984887010,234.997953482,-364.563229164
1616035479667,179.984887056,234.997953488,-363.563224427
1616035479761,181.984886653,236.997953433,-366.563266087
1616035479855,175.984887134,239.997953499,-366.563216384
1616035479949,179.984886914,236.997953469,-362.563239089
1616035480043,178.984886991,235.997953479,-368.563231141
1616035480137,178.984887079,236.997953491,-366.563222007
1616035480231,178.984886780,233.997953451,-366.563252991
1616035480325,177.984886880,236.997953464,-365.563242631
1616035480419,179.984886937,236.997953472,-366.563236700
1616035480513,179.984886926,236.997953470,-364.563237895
1616035480607,178.984887098,233.997953494,-363.563220062
1616035480701,180.984887125,236.997953497,-365.563217271
1616035480795,178.984886738,236.997953445,-365.563257324
1616035480889,180.984886795,236.997953453,-366.563251394
1616035480983,179.984886607,236.997953427,-367.563270823
1616035481077,180.984887102,236.997953494,-361.563219659
1616035481171,177.984886910,233.997953468,-364.563239492
1616035481265,180.984886695,235.997953439,-366.563261721
1616035481359,175.984886792,239.997953452,-365.563251701
1616035481453,179.984886596,236.997953426,-365.563272018
1616035481547,180.984887114,236.997953496,-363.563218465
1616035481641,179.984886926,236.997953470,-364.563237895
1616035481735,179.984886937,236.997953472,-366.563236700
1616035481829,180.984886983,238.997953478,-364.563231932
1616035481923,178.984887168,237.997953503,-364.563212874
1616035482017,177.685674280,233.686606707,-603.384894639
1616035482108,179.984886696,237.997953439,-365.563261690
1616035482203,179.984886926,236.997953470,-364.563237895
1616035482298,179.984886703,234.997953440,-360.563260939
1616035482393,180.984886596,234.997953426,-366.563272049
1616035482488,178.984886638,235.997953431,-365.563267652
1616035482583,179.984887037,237.997953485,-366.563226373
1616035482678,179.984887256,236.997953515,-363.563203772
1616035482773,179.984886826,235.997953457,-364.563248222
