1618476665438,-0.004082
1618476665532,-0.025400
1618476665626,0.060576
1618476665720,0.015072
1618476665809,-0.004605
1618476665904,-0.045091
1618476665999,0.020642
1618476666094,0.022295
1618476666189,0.036983
1618476666284,0.016189
1618476666379,-0.018728
1618476666474,0.043655
1618476666569,-0.052866
1618476666664,0.040333
1618476666759,0.081371
1618476666854,0.019525
1618476666949,-0.111375
1618476667044,0.041408
1618476667138,-0.023180
1618476667232,0.046440
1618476667326,-0.000167
1618476667420,-0.002386
1618476667514,0.040333
1618476667608,-0.022064
1618476667702,0.064464
1618476667796,0.021744
1618476667890,0.040885
1618476667984,0.066117
1618476668078,0.061679
1618476668172,-0.006839
1618476668263,0.059460
1618476668356,-0.025965
1618476668449,-0.040116
1618476668542,-0.002951
1618476668635,-0.003489
1618476668728,-0.022629
1618476668821,-0.022629
1618476668914,-0.048978
1618476669007,0.022295
1618476669100,0.065015
1618476669193,-0.045643
1618476669286,-0.044540
1618476669379,-0.048441
1618476669467,0.022847
1618476669561,-0.005171
1618476669655,0.021193
1618476669749,0.018974
1618476669843,0.003155
1618476669937,-0.083909
1618476670031,-0.001269
1618476670125,0.044206
1618476670219,-0.113609
1618476670313,0.016189
1618476670407,0.020090
1618476670501,0.038100
1618476670595,0.021193
1618476670683,-0.045091
1618476670796,0.019525
1618476670909,-0.001269
1618476671022,0.021744
1618476671135,0.065580
1618476671248,-0.004605
1618476671361,0.036432
1618476671474,-0.000153
1618476671587,0.022861
1618476671700,0.017857
1618476671813,0.059474
1618476671926,-0.005722
1618476672039,-0.050081
1618476672156,-0.004026
1618476672231,0.018422
1618476672306,0.020090
1618476672381,0.019539
1618476672456,-0.050632
1618476672531,0.081936
1618476672606,-0.025937
1618476672681,-0.003475
1618476672756,0.060604
1618476672831,0.034820
1618476672906,0.034297
1618476672981,0.033195
1618476673056,0.016600
1618476673137,-0.035435
1618476673231,0.024771
1618476673325,-0.000293
1618476673419,-0.014500
1618476673513,-0.055014
1618476673607,0.079871
1618476673701,0.021333
1618476673795,-3.469240
1618476673889,0.013517
1618476673983,0.051854
1618476674077,0.026084
1618476674171,0.005659
1618476674265,-0.024494
1618476674362,-0.046433
1618476674458,0.038072
1618476674554,0.098714
1618476674650,0.025502
1618476674746,-0.017105
1618476674842,0.052543
1618476674938,0.007110
1618476675034,0.050974
1618476675130,-0.110914
1618476675226,-0.907089
1618476675322,-1.191324
1618476675418,-2.845162
1618476675514,-2.206682
1618476675607,-0.434687
1618476675701,-2.060103
1618476675795,-2.743841
1618476675889,-1.391350
1618476675983,-0.353733
1618476676077,0.419919
1618476676171,0.599527
1618476676265,0.368286
1618476676359,-0.347442
1618476676453,-1.791236
1618476676547,-3.099905
1618476676641,-6.676946
1618476676735,-5.923803
1618476676826,-4.781326
1618476676920,-4.445085
1618476677014,-2.811970
1618476677108,-2.278884
1618476677202,-1.702286
1618476677296,-1.083224
1618476677390,-0.647466
1618476677484,-0.341492
1618476677578,-0.179775
1618476677672,-0.049088
1618476677766,-0.015502
1618476677860,0.050231
1618476677954,-0.024069
1618476678045,-0.025737
1618476678139,0.026424
1618476678233,0.024205
1618476678327,0.069144
1618476678421,0.051092
1618476678515,0.117969
1618476678609,0.117955
1618476678703,0.051671
1618476678797,0.008401
1618476678891,0.033110
1618476678985,0.034764
1618476679079,0.058343
1618476679173,0.036432
1618476679266,0.013956
1618476679360,0.063347
1618476679454,0.056675
1618476679548,0.034764
1618476679642,0.036446
1618476679736,0.060011
1618476679830,0.039768
1618476679924,0.058329
1618476680018,0.065001
1618476680112,0.062796
1618476680206,0.061665
1618476680300,0.035329
1618476680394,0.058343
1618476680483,0.062230
1618476680577,0.013404
1618476680671,0.038100
1618476680765,0.055007
1618476680859,0.016754
1618476680953,0.061128
1618476681047,0.056675
1618476681141,0.039768
1618476681235,0.015086
1618476681329,0.079151
1618476681423,0.021730
1618476681517,0.043104
1618476681611,0.039768
1618476681702,-0.027633
1618476681796,-0.005171
1618476681890,0.060011
1618476681984,0.084127
1618476682078,0.018408
1618476682172,0.057240
1618476682266,0.059446
1618476682360,0.058343
1618476682454,0.042538
1618476682548,0.017306
1618476682642,0.125744
1618476682736,0.018422
1618476682830,0.057778
1618476682922,0.014521
1618476683016,-0.007955
1618476683110,0.033662
1618476683204,0.061114
1618476683298,0.042001
1618476683392,0.020628
1618476683486,0.038100
1618476683580,-0.005722
1618476683674,0.058357
1618476683768,0.039768
1618476683862,0.060562
1618476683956,nan
