1618477880354,0.114178
1618477880448,0.078052
1618477880542,0.040629
1618477880636,0.040250
1618477880730,0.047336
1618477880824,-0.004200
1618477880918,-0.043300
1618477881012,-0.079804
1618477881106,0.083840
1618477881200,0.047336
1618477881293,0.051446
1618477881387,0.017755
1618477881481,0.079729
1618477881575,0.078810
1618477881669,0.113799
1618477881763,-0.140859
1618477881857,0.042306
1618477881951,0.019431
1618477882045,0.141163
1618477882139,-0.018749
1618477882233,-0.007175
1618477882327,0.114178
1618477882421,0.205950
1618477882510,0.112501
1618477882604,0.051446
1618477882698,-0.022103
1618477882792,0.050148
1618477882886,-0.045734
1618477882980,0.049769
1618477883074,0.081784
1618477883168,0.051446
1618477883262,-0.241014
1618477883356,0.136133
1618477883450,0.078431
1618477883544,-0.142915
1618477883638,0.059072
1618477883728,-0.017073
1618477883822,-0.008689
1618477883916,0.019053
1618477884010,-0.045734
1618477884104,0.078431
1618477884198,-0.043679
1618477884292,-0.076072
1618477884386,0.079729
1618477884480,0.046038
1618477884574,0.015321
1618477884668,0.051825
1618477884762,-0.206944
1618477884856,0.021108
1618477884949,-0.013341
1618477885043,0.076754
1618477885137,0.110446
1618477885231,0.021108
1618477885325,0.019810
1618477885419,0.055178
1618477885513,-0.013341
1618477885607,-0.011286
1618477885701,-0.076072
1618477885795,0.049769
1618477885889,0.203894
1618477885983,0.055178
1618477886077,0.008236
1618477886166,0.083840
1618477886260,-0.326242
1618477886354,0.144516
1618477886448,0.078052
1618477886542,-0.104355
1618477886636,-0.013341
1618477886730,0.075078
1618477886824,-0.012043
1618477886918,0.017376
1618477887012,0.141163
1618477887106,0.081784
1618477887200,0.019431
1618477887294,-0.018371
1618477887387,-0.015017
1618477887481,0.019053
1618477887575,-0.018371
1618477887669,-0.077749
1618477887763,-0.082238
1618477887857,-0.076992
1618477887951,0.049391
1618477888045,0.017755
1618477888139,0.140784
1618477888233,0.112122
1618477888327,-0.011286
1618477888421,0.076754
1618477888515,0.053501
1618477888608,0.047714
1618477888701,0.048093
1618477888794,-0.020805
1618477888887,0.142839
1618477888980,0.081784
1618477889073,-0.079804
1618477889166,0.050148
1618477889259,-0.199102
1618477889352,0.109148
1618477889445,0.144516
1618477889538,-0.047032
1618477889631,-0.022103
1618477889724,0.168148
1618477889823,0.173556
1618477889917,0.108769
1618477890011,0.393387
1618477890105,0.262894
1618477890199,0.479372
1618477890293,0.542644
1618477890387,0.717210
1618477890481,0.863654
1618477890575,1.327972
1618477890669,1.038802
1618477890763,-1.833939
1618477890857,-5.944870
1618477890951,-8.791363
1618477891042,-5.751655
1618477891136,0.637565
1618477891230,0.906773
1618477891324,2.800276
1618477891418,-4.058857
1618477891512,-3.427123
1618477891606,-1.528187
1618477891700,-1.052612
1618477891794,-0.305620
1618477891888,-0.251936
1618477891982,-0.366705
1618477892076,-0.201539
1618477892170,0.043125
1618477892261,-0.016853
1618477892355,-0.057316
1618477892449,-0.055481
1618477892543,-0.054720
1618477892637,0.062422
1618477892731,0.008073
1618477892825,0.172258
1618477892919,0.098709
1618477893013,0.070426
1618477893107,0.016078
1618477893201,-0.071205
1618477893295,-0.047032
1618477893389,0.017376
1618477893480,-0.240636
1618477893574,0.139486
1618477893668,0.041008
1618477893762,0.142839
1618477893856,0.044739
1618477893950,0.081784
1618477894044,-0.044977
1618477894138,-0.047790
1618477894232,0.073022
1618477894326,-3.694974
1618477894420,0.081784
1618477894514,0.110824
1618477894608,0.051446
1618477894701,0.051446
1618477894795,0.178965
1618477894889,0.015699
1618477894983,-0.106411
1618477895077,0.074699
1618477895171,-0.015396
1618477895265,-0.071962
1618477895359,0.137809
1618477895453,-0.055794
1618477895547,-0.079804
1618477895641,0.018133
1618477895735,0.078810
1618477895829,-0.045356
1618477895917,0.004882
1618477896011,0.098331
1618477896105,-0.052819
1618477896199,0.201839
1618477896293,0.079729
1618477896387,0.082163
1618477896481,0.016997
1618477896575,0.144895
1618477896669,0.046795
1618477896763,0.048850
1618477896857,0.011967
1618477896951,-0.018371
1618477897045,-0.016694
1618477897136,0.043982
1618477897230,-0.013341
1618477897324,0.053501
1618477897418,-0.012584
1618477897512,0.047714
1618477897606,0.022027
1618477897700,0.012725
1618477897794,0.114178
1618477897888,0.114178
1618477897982,0.105416
1618477898076,0.080108
1618477898170,-0.020426
1618477898264,-0.075315
1618477898355,0.044361
1618477898449,0.083840
1618477898543,0.114178
1618477898637,0.019053
1618477898731,-0.041245
1618477898825,0.170203
1618477898919,0.047714
1618477899013,0.089789
1618477899107,0.109148
1618477899201,-0.049466
1618477899295,0.074699
1618477899389,0.017755
1618477899483,-0.024158
1618477899581,0.080108
1618477899675,-0.081102
1618477899769,-0.011286
1618477899863,nan
