1610678650119,2.016479
1610678650214,1.718044
1610678650311,-2.536948
1610678650405,-2.747840
1610678650499,1.272638
1610678650593,1.689243
1610678650687,0.247953
1610678650781,-0.221102
1610678650875,-2.257055
1610678650969,-1.869285
1610678651063,2.278445
1610678651157,2.336341
1610678651251,-1.590174
1610678651345,-2.199679
1610678651439,-0.686216
1610678651528,-0.032627
1610678651622,1.994746
1610678651716,1.503716
1610678651810,-2.630584
1610678651904,-2.549628
1610678651998,1.226606
1610678652092,1.760683
1610678652186,0.212554
1610678652280,-0.538815
1610678652374,-1.992142
1610678652468,-1.676578
1610678652562,2.334968
1610678652656,2.275272
1610678652748,-1.803022
1610678652842,-2.253689
1610678652936,-0.297452
1610678653030,0.444327
1610678653124,1.475135
1610678653218,1.324829
1610678653312,-2.473586
1610678653406,-2.487680
1610678653500,1.705878
1610678653594,2.081947
1610678653688,-0.306423
1610678653782,-0.679260
1610678653876,-1.735919
1610678653967,-1.159585
1610678654061,2.455867
1610678654155,2.274366
1610678654249,-2.136041
1610678654343,-2.233903
1610678654437,0.347064
1610678654531,0.957403
1610678654625,1.261820
1610678654719,0.862806
1610678654813,-2.715814
1610678654907,-2.750018
1610678655001,1.252069
1610678655095,-0.980309
1610678655184,-4.850133
1610678655278,-7.546407
1610678655372,-4.909814
1610678655466,-1.118926
1610678655560,1.855873
1610678655654,3.553700
1610678655748,-0.112435
1610678655842,-1.572250
1610678655936,0.574313
1610678656030,-0.042407
1610678656124,0.564426
1610678656218,-0.653477
1610678656312,-2.963641
1610678656406,-1.216495
1610678656500,1.852849
1610678656594,0.787858
1610678656688,-1.541659
1610678656782,-1.559973
1610678656876,-1.213751
1610678656970,-0.549899
1610678657064,2.290925
1610678657158,2.002804
1610678657252,-2.417906
1610678657346,-2.528671
1610678657440,0.719569
1610678657534,1.303294
1610678657626,0.909034
1610678657721,0.535782
1610678657816,-2.503372
1610678657911,-2.302801
1610678658006,2.085244
1610678658101,2.351223
1610678658196,-1.155025
1610678658291,-2.063597
1610678658386,-1.105874
1610678658481,-0.676580
1610678658576,2.241038
1610678658671,1.969328
1610678658766,-2.372432
1610678658859,-2.719559
1610678658953,0.670849
1610678659047,1.029274
1610678659141,0.706542
1610678659235,0.192330
1610678659329,-2.336765
1610678659423,-2.291217
1610678659517,2.317136
1610678659611,2.153221
1610678659705,-1.309970
1610678659799,-2.004207
1610678659893,-1.027082
1610678659987,-0.532853
1610678660077,2.016999
1610678660171,1.576044
1610678660265,-2.547352
1610678660359,-2.772135
1610678660453,1.076513
1610678660547,1.222926
1610678660641,0.428193
1610678660735,0.033898
1610678660829,-2.434127
1610678660923,-2.099652
1610678661017,2.057352
1610678661111,2.033056
