1618477216246,-287.408299488,122.668818201,569.922935022
1618477216340,-46.830547276,193.119566286,510.176381002
1618477216434,298.127612402,459.218483398,60.542042546
1618477216528,-210.549047999,173.006884052,506.472149077
1618477216619,-169.619421557,140.781469506,575.627166495
1618477216714,314.240306734,445.105816854,98.471667919
1618477216809,-106.872868201,243.457649561,390.387506109
1618477216904,-205.844817500,127.373050563,608.148327827
1618477216999,280.014914644,414.584645910,161.218221238
1618477217094,18.620238900,304.204200708,296.119791937
1618477217189,-312.225227046,60.922250638,682.303345355
1618477217284,207.564129755,359.542314272,225.964774557
1618477217379,116.592184429,349.838068493,191.739381556
1618477217474,-335.042155812,81.739182512,675.599113270
1618477217569,126.000646156,310.204248075,327.640953300
1618477217664,213.564129948,406.880400689,115.584363978
1618477217759,-323.633689004,84.739145857,625.261023530
1618477217853,-4.196689128,253.866104186,442.725595171
1618477217947,286.719145748,435.401589297,94.063203719
1618477218041,138.409113043,309.908442398,317.232488478
1618477218135,-111.577099388,174.006850292,521.289077116
1618477218229,322.944541915,443.105772875,70.950506606
1618477218323,-180.027888309,198.823826702,454.134060081
1618477218417,-218.957512679,127.373032939,629.965256104
1618477218511,297.127611699,419.288868614,116.584364031
1618477218605,-67.943244271,266.274592603,346.753649253
1618477218699,-299.816762375,77.034941220,670.894881002
1618477218793,245.789520340,389.767739051,182.035150091
1618477218887,75.662559360,329.021141873,225.964774385
1618477218981,-340.746384990,76.034907727,699.416041179
1618477219072,163.930273129,339.429611472,281.007095800
1618477219166,314.240306537,449.810051824,99.175900094
1618477219260,-323.633688333,82.739136165,666.190648323
1618477219354,37.437164848,261.570380948,393.091738756
1618477219448,259.197988079,412.584617497,118.584363753
1618477219542,-312.225225871,107.556090751,587.035630968
1618477219636,-54.534780739,204.528049737,510.176381284
1618477219730,292.423380910,458.218474134,60.542042410
1618477219824,-221.957511762,177.006876771,522.584845371
1618477219918,-171.619423221,138.781493526,590.035631114
1618477220012,297.127611305,442.105802825,86.063203446
1618477220106,-124.985566068,236.753438576,406.500202820
1618477220200,-266.591368529,100.851854682,644.077952247
1618477220292,174.634503859,401.176185197,162.218221291
1618477220386,7.211771741,290.091546025,287.711328282
1618477220480,-313.929458437,79.034936327,688.007577331
1618477220574,198.451431954,356.542334468,231.669006987
1618477220668,109.887951810,357.542307624,185.035149524
1618477220762,-337.042152006,71.330663331,675.599112465
1618477220856,107.887950276,288.091544156,352.457881724
1618477220950,212.564129597,411.584637878,130.992828319
1618477221044,-325.633689869,101.851854739,624.261023713
1618477221138,-9.900923521,231.049208254,461.542524183
1618477221232,281.014917220,450.810001539,80.358970823
1618477221326,-260.887134804,146.485688782,542.401773505
1618477221420,-158.210957305,230.049183869,441.725595291
1618477221509,294.423377744,446.810055556,76.654739481
1618477221603,-175.323655346,205.528046860,449.134059905
1618477221697,-227.661746306,112.260358088,627.965256420
1618477221791,304.831842956,412.584649116,129.697060617
1618477221885,-55.534782348,288.091554963,337.049417615
1618477221979,-282.704062735,78.034894480,664.894880317
1618477222073,258.197985948,389.767719712,196.147846208
1618477222167,81.366789201,352.838103499,238.077471271
1618477222261,-323.633689830,71.330693503,693.416041442
1618477222355,163.930273613,337.725372357,288.415559965
1618477222449,172.634504605,396.471942294,144.809756865
1618477222543,-336.042153626,76.034918830,667.599112807
1618477222637,47.141397496,259.570373539,403.204435048
1618477222731,258.197989357,438.401527592,81.471667082
1618477222825,-283.704065828,109.556099767,537.922934699
1618477222919,-59.534782356,191.119608806,454.472149492
1618477223013,291.423381613,458.218463992,13.358970796
1618477223107,-203.844813795,175.006854171,450.767916505
1618477223201,-189.732118110,152.189935971,573.739862928
1618477223295,301.831846039,431.697301032,68.767435030
1618477223389,-115.577101910,248.161904425,415.387506443
1618477223483,-289.408297972,92.147635660,693.190648840
1618477223577,253.197988841,435.401535031,161.626684928
1618477223671,-173.619421895,146.485706519,559.739862967
1618477223765,-329.633690224,78.034931324,653.416041525
1618477223859,188.451434554,348.133832681,176.190167105
1618477223949,122.000648460,367.950768294,92.035149472
1618477224043,-346.746386963,78.034936199,571.007577329
1618477224137,113.296417039,294.795740279,327.274809731
1618477224231,223.381060661,422.288833515,151.288595650
1618477224325,-326.225225194,106.556080988,691.852559359
1618477224419,-19.196693057,229.345000213,571.655220937
1618477224513,271.423378686,464.922738366,162.358971415
1618477224607,-275.774440606,145.077256307,604.993309703
1618477224701,-200.506726465,223.189952657,626.922934638
1618477224795,96.113345736,400.612666472,353.232488360
1618477224889,-117.098261901,333.049198252,465.725595502
1618477224983,-278.070205782,123.851824688,666.077951807
1618477225077,225.423379834,548.880400465,137.288596108
1618477225168,36.394842866,412.091550937,326.232489022
1618477225262,-260.633691898,61.034955473,706.416041879
1618477225356,236.676825992,315.950780896,226.260542458
1618477225450,59.366791521,311.133837890,209.147845845
1618477225544,-405.450620828,72.034961190,662.486417028
1618477225638,54.113345640,370.908435713,324.936720514
1618477225732,27.042969725,594.584626389,125.288596017
1618477225826,-400.746386203,382.147621634,648.077952233
1618477225920,246.240308536,663.105790844,104.175899672
1618477226014,325.014915696,650.697327133,99.471667546
1618477226108,-231.704065120,283.077250227,573.922934550
1618477226202,-20.464403500,286.711089822,545.401773625
1618477226296,383.831845307,504.105775871,71.950506650
1618477226385,-120.732119142,223.119575799,452.134059806
1618477226479,-168.957512245,137.668794539,632.965256012
1618477226573,355.240311001,426.288826750,129.992827685
1618477226667,-55.055940900,264.570363759,345.753649301
1618477226761,-276.112529805,89.443399178,682.303345177
1618477226855,273.197989580,389.767667296,187.035149039
1618477226949,55.437166350,318.316912753,248.781702964
1618477227043,194.042971293,383.063443095,145.105524220
1618477227137,173.930270746,316.612717323,293.415560571
1618477227231,158.817577293,382.063460396,162.218220874
1618477227325,-352.859084658,81.739187005,677.599113336
1618477227419,80.662560856,274.683031096,384.683273811
1618477227513,237.381060095,428.697305946,90.063202968
1618477227604,-286.408297664,125.373024011,614.852559572
1618477227698,-50.534778253,213.936478136,496.767916491
1618477227792,305.831845812,445.810000711,100.471667211
1618477227886,-222.661745450,171.006899205,488.359452898
1618477227980,-187.436351556,138.781490636,601.444095339
1618477228074,298.127612035,435.401560165,104.175899693
1618477228168,-204.844813059,185.415307816,488.359452082
1618477228262,-263.591369963,101.851875374,645.077952550
1618477228356,285.014915829,408.880396684,157.513988854
1618477228450,18.620239738,299.499956475,288.711327493
1618477228544,-323.633691894,75.034955420,673.599113344
1618477228638,216.268361723,361.246548795,258.190167394
1618477228732,128.000647408,368.950783478,186.035149694
1618477228824,-328.337922453,76.034932701,676.599113011
1618477228918,109.887952963,287.091505382,345.753649022
1618477229012,221.972592446,412.584658352,117.584364352
1618477229106,-306.520995126,101.851878655,609.852559796
1618477229200,-15.605154363,219.640725350,481.655220311
1618477229294,-319.633691127,76.034944354,670.894881048
1618477229388,-240.774438961,147.485696833,527.289077222
1618477229482,-120.985566131,165.598421745,561.514470442
1618477229576,311.536078743,435.401524941,98.471667043
1618477229670,-145.802491582,224.344930733,428.317130716
1618477229764,-249.478671414,98.851844375,630.965255695
1618477229858,298.127610837,426.993113174,133.697060614
1618477229952,-43.126314436,275.683038098,317.232488310
1618477230042,-289.408296889,70.330691489,681.303345011
1618477230136,246.789524045,378.359221328,228.964774242
1618477230230,93.775253646,343.133868793,218.260542699
1618477230324,-338.746386201,60.922228799,698.416041435
1618477230418,-183.732120118,139.781500672,614.852559754
1618477230512,196.451431922,399.471959859,128.992828588
1618477230606,-316.929455935,87.443364494,627.965255466
1618477230700,18.620237770,257.570359943,432.317131250
1618477230794,281.014917759,458.218458036,83.358970709
1618477230888,-273.295603740,121.668827614,552.810238759
1618477230982,-93.464404871,194.119573876,520.584845381
1618477231076,311.536076376,468.922719769,88.063203276
1618477231170,-185.732118045,192.119559965,473.246755974
1618477231261,-203.844817557,115.964587129,627.965256374
1618477231355,302.831844439,442.105788391,113.584363903
1618477231449,-71.647476623,259.570363617,359.866345700
1618477231543,109.887950934,288.091534663,365.570577986
1618477231637,258.197987688,395.471926731,190.035149439
1618477231731,54.845628568,322.316942317,243.077471264
1618477231825,-335.042156420,60.922262756,691.007577666
1618477231919,165.930271016,329.021177694,291.415560514
1618477232013,166.930272985,396.471934882,171.922453158
1618477232107,-352.154851378,76.034938332,669.894880960
1618477232201,75.662558536,262.570368167,385.683274301
1618477232295,234.381058820,426.993092208,104.175899639
1618477232389,-294.112529737,104.556094605,613.852559559
1618477232479,-38.422081397,213.232239441,498.767916394
1618477232573,305.831843048,448.810040601,83.358971395
1618477232667,315.240308091,435.401565134,97.471667632
1618477232761,-167.619423204,149.189957538,585.331398977
1618477232855,302.127610961,443.105807788,93.767435653
1618477232949,-129.689797999,232.049203517,413.204434911
1618477233043,-255.182904263,103.851854704,649.782184381
1618477233137,298.127614766,422.288824349,174.922452585
1618477233231,5.211771878,296.500008316,299.119792520
1618477233325,-316.929458699,77.034940098,699.416041654
1618477233419,206.859897722,355.542312807,231.669006669
1618477233513,104.183721163,366.950750434,207.852077744
1618477233607,-329.337921823,78.034923601,669.894880744
