1610679516615	457	469	581
1610679516709	457	469	580
1610679516803	458	471	581
1610679516897	461	461	581
1610679516985	465	458	581
1610679517080	467	457	583
1610679517175	465	451	586
1610679517270	469	452	593
1610679517365	476	451	590
1610679517460	476	449	588
1610679517555	485	448	575
1610679517650	483	441	569
1610679517745	486	435	567
1610679517840	491	438	551
1610679517935	487	436	552
1610679518030	486	432	550
1610679518125	485	429	552
1610679518223	487	419	547
1610679518318	481	415	551
1610679518413	490	412	545
1610679518508	486	396	541
1610679518603	486	394	538
1610679518698	489	389	538
1610679518793	486	393	533
1610679518888	484	388	535
1610679518983	486	384	539
1610679519078	492	381	538
1610679519173	488	381	541
1610679519268	490	384	541
1610679519363	495	379	551
1610679519457	493	378	557
1610679519551	493	383	562
1610679519645	488	378	570
1610679519739	485	379	574
1610679519833	475	381	584
1610679519927	473	377	595
1610679520021	464	383	606
1610679520115	451	411	620
1610679520209	509	464	632
1610679520303	239	659	642
1610679520397	423	246	654
1610679520491	311	244	662
1610679520585	417	345	659
1610679520676	537	254	651
1610679520770	457	300	644
1610679520864	452	348	611
1610679520958	454	361	644
1610679521052	462	359	524
1610679521146	465	372	941
1610679521240	466	368	841
1610679521334	463	374	776
1610679521428	469	372	571
1610679521522	469	370	613
1610679521616	473	372	639
1610679521710	477	373	642
1610679521804	475	380	642
1610679521894	478	379	633
1610679521989	481	378	624
1610679522084	489	387	622
1610679522179	491	388	616
1610679522274	492	394	610
1610679522369	496	402	608
1610679522464	497	407	601
1610679522559	490	418	599
1610679522654	497	424	604
1610679522749	490	434	602
1610679522844	494	440	594
1610679522939	495	446	593
1610679523034	496	454	580
1610679523125	498	454	581
1610679523221	494	462	570
1610679523317	495	463	571
1610679523413	495	466	568
1610679523509	497	463	567
1610679523605	496	465	560
1610679523701	494	472	555
1610679523797	492	465	556
1610679523893	488	463	560
1610679523989	485	459	562
1610679524085	478	456	561
1610679524181	475	449	564
1610679524277	470	449	567
1610679524370	462	446	570
1610679524466	456	451	570
1610679524562	448	446	571
1610679524658	439	455	574
1610679524754	440	469	580
1610679524850	433	470	584
1610679524946	426	475	584
1610679525042	419	483	589
1610679525138	409	494	582
1610679525234	398	507	582
1610679525330	389	518	582
1610679525426	379	527	575
1610679525522	364	532	572
1610679525623	365	531	575
