1610679251916	156.357159	205.57388	439.988211
1610679252010	153.43433	193.690909	417.645436
1610679252104	159.288963	216.883198	469.150628
1610679252198	162.186309	210.07753	414.674279
1610679252292	158.112173	196.16136	435.744153
1610679252381	171.318969	201.902735	407.064336
1610679252475	161.31468	183.902815	402.788102
1610679252569	163.00382	169.19567	386.377093
1610679252663	162.706044	175.599804	404.274375
1610679252757	150.752024	215.403681	412.034187
1610679252851	160.135192	206.192881	434.347228
1610679252945	154.01286	231.466207	433.423547
1610679253039	156.282525	195.606168	418.662078
1610679253133	154.059467	206.205097	439.094726
1610679253227	161.484652	209.568122	442.876385
1610679253321	168.761616	186.790689	432.653077
1610679253415	155.226761	217.901054	417.370556
1610679253509	158.114874	208.978737	456.144901
1610679253599	158.892847	209.083591	425.923447
1610679253693	171.294649	216.94273	391.934984
1610679253787	174.43136	211.987067	389.627815
1610679253881	151.051057	216.896294	410.354591
1610679253975	157.000539	158.993903	407.488681
1610679254069	154.777783	191.574384	418.518294
1610679254163	150.12772	211.664536	386.261534
1610679254257	151.105363	194.527805	423.921562
1610679254351	169.098185	209.616509	418.722773
1610679254445	160.965694	190.226371	455.655924
1610679254539	155.568403	200.626301	421.950406
1610679254633	172.801053	209.74952	450.34383
1610679254727	164.900478	172.416684	455.971108
1610679254820	171.648988	191.202683	411.809633
1610679254914	172.340957	219.063422	434.661424
1610679255008	169.422558	191.099476	433.11132
1610679255102	161.739829	196.564536	431.222021
1610679255196	153.94301	191.107801	411.590907
1610679255290	165.68448	222.786891	441.686848
1610679255384	158.182599	196.718909	443.3755
1610679255478	162.424585	173.850812	431.263686
1610679255572	169.104166	201.19758	404.033437
1610679255666	155.751681	198.627722	422.706613
1610679255760	176.365175	199.521084	399.200954
1610679255854	163.971688	230.660755	422.050659
1610679255948	149.102193	177.781278	414.618527
1610679256039	158.145536	196.890573	435.187827
1610679256133	152.58546	177.069902	430.315732
1610679256227	163.168823	191.892051	424.77875
1610679256321	173.993283	194.520949	429.421562
1610679256415	158.776128	226.970332	436.36227
1610679256509	143.407449	256.326757	435.097263
1610679256603	159.775551	203.714451	405.442064
1610679256697	181.237461	201.586254	411.332942
1610679256791	150.396131	206.674539	430.417265
1610679256885	144.267313	243.230909	395.953347
1610679256979	165.326854	197.016992	391.975459
1610679257073	160.518688	194.481522	424.517942
1610679257167	164.739268	230.443244	450.272793
1610679257256	160.723649	176.016662	421.958648
1610679257351	166.49353	213.242635	420.340527
1610679257446	166.780295	240.247098	393.478418
1610679257541	169.52308	197.630626	433.927612
1610679257636	166.630118	213.436677	416.736816
1610679257731	165.409586	221.768432	452.671823
1610679257826	145.345641	198.375452	444.767001
1610679257921	177.207775	187.338287	400.54676
1610679258016	166.815393	158.897751	408.169388
1610679258111	169.041772	211.868437	415.334229
1610679258206	166.904843	188.078139	437.048377
1610679258301	162.809606	188.111748	396.017414
1610679258396	154.704091	175.806185	413.206051
1610679258490	168.039183	192.39538	412.647482
1610679258584	160.065109	194.187463	428.685308
1610679258678	162.875623	228.64224	423.280349
1610679258772	166.955054	215.70407	404.79868
1610679258866	164.9755	233.273965	411.421118
1610679258960	163.737587	213.022766	462.667553
1610679259054	169.185613	210.471443	429.974741
1610679259148	158.099814	218.233611	438.896614
1610679259242	171.84659	191.889932	453.496832
1610679259336	146.667131	230.01468	396.294016
1610679259430	168.702175	215.40421	421.480642
1610679259524	170.047217	241.397774	472.147684
1610679259618	146.49617	224.469564	432.45244
1610679259709	153.477954	199.895332	411.841789
1610679259803	162.18782	217.851193	440.544407
1610679259897	164.913693	220.254664	449.141253
1610679259991	156.900855	217.410035	422.058874
1610679260085	162.816478	175.958222	473.114663
1610679260179	158.669564	165.87195	375.067191
1610679260273	160.763324	224.720862	505.794236
1610679260367	146.388078	226.393069	94.803708
1610679260461	167.790503	211.720621	205.402002
1610679260555	176.972724	226.814024	10.789081
1610679260649	169.028524	206.218739	119.225823
1610679260743	189.755967	186.031211	401.149705
1610679260837	176.536018	246.652018	464.493369
1610679260930	198.523955	200.340259	456.369295
1610679261024	215.416014	225.590932	475.412488
1610679261118	239.811503	337.460495	469.21823
1610679261212	147.327036	28.903236	417.122744
1610679261306	190.02104	462.251259	407.267624
1610679261400	111.126136	78.743607	387.90744
1610679261494	273.796917	-171.075902	404.371787
1610679261588	314.90542	187.994107	368.540656
1610679261682	94.993555	70.214579	430.409493
1610679261776	222.986654	38.191612	394.449326
1610679261870	223.41623	157.572093	422.462309
1610679261964	188.293291	175.395384	459.38166
1610679262058	179.478957	204.863504	438.361683
1610679262149	170.068184	180.817446	422.416867
1610679262243	182.572168	209.201482	421.83141
1610679262337	157.863647	165.425962	386.655016
1610679262431	176.091911	193.294512	455.632196
1610679262525	171.847555	205.630869	412.791031
1610679262619	163.405768	182.674708	428.969225
1610679262713	171.290311	185.280792	435.366558
1610679262807	146.158202	186.237046	427.800619
1610679262901	161.164888	187.376338	429.93556
1610679262995	160.074934	202.470414	424.482759
1610679263089	166.727989	209.171243	425.888384
1610679263183	166.104849	199.614928	408.321383
1610679263277	161.766561	239.866368	469.219731
1610679263366	148.295012	212.602742	444.68411
1610679263460	162.258259	202.124544	423.089794
1610679263554	175.14245	192.711298	408.521427
1610679263648	183.026382	213.464016	383.865557
1610679263742	167.265511	207.893412	398.103621
1610679263836	160.179008	222.676966	427.290187
1610679263930	154.491707	185.504763	407.156225
1610679264024	182.688343	209.78378	420.709784
1610679264118	155.72624	170.872524	395.404034
1610679264212	159.399701	207.583132	386.095673
1610679264306	164.152096	213.251828	455.213301
1610679264400	160.635059	185.161046	421.623732
1610679264494	172.947253	174.2023	453.950463
1610679264585	158.582299	240.142377	446.195631
1610679264679	154.912132	231.854788	435.037085
1610679264773	167.359692	212.273981	395.027118
1610679264867	151.587618	196.12692	410.311683
1610679264961	167.142095	179.743763	430.679162
1610679265055	170.138977	184.134342	391.768308
1610679265149	150.305833	200.79799	409.304456
1610679265243	174.001756	185.509701	426.908706
1610679265337	171.904683	197.191191	421.795581
1610679265431	162.468354	198.869534	431.555545
1610679265525	159.518365	201.419687	429.238692
1610679265619	169.38123	203.432092	418.066675
1610679265713	165.286457	190.218996	396.935039
1610679265806	163.39219	194.079959	410.652577
1610679265900	150.699246	217.87712	416.27227
1610679265994	157.078775	221.398394	441.586287
1610679266088	149.533356	192.088741	391.692335
1610679266182	147.970439	240.853115	449.713258
1610679266276	178.62489	199.244681	456.562314
1610679266370	149.151836	238.041533	437.878491
1610679266464	170.195326	222.638889	395.493869
1610679266558	150.460438	228.446013	381.676937
1610679266652	169.24616	202.946728	364.65347
1610679266746	169.167911	213.924356	453.247966
1610679266840	168.739662	181.595204	436.850826
1610679266934	152.488839	209.500296	460.924013
1610679267023	162.440637	198.435985	428.376787
1610679267117	139.837182	193.626042	431.267907
1610679267211	169.468158	221.052108	443.368792
1610679267305	165.819621	173.395568	409.139676
1610679267399	174.060069	197.633878	438.410039
1610679267493	171.662173	181.551653	428.20015
1610679267587	153.385681	197.989983	435.681041
1610679267681	156.574496	170.463006	431.770148
1610679267775	171.495686	191.682515	457.416322
1610679267869	163.002957	125.943392	411.880174
1610679267963	166.243334	204.562872	415.133364
1610679268057	170.725937	190.629943	435.679804
1610679268151	159.789444	175.863398	416.274047
1610679268241	169.531317	231.144308	423.753383
1610679268335	150.954785	225.59378	455.292186
1610679268429	157.251699	182.214206	499.190293
1610679268523	160.991854	191.565333	412.434221
1610679268617	158.633938	192.56835	401.383517
1610679268711	161.812074	186.68	451.287385
1610679268805	146.753788	209.897417	427.245656
1610679268899	157.900757	254.639799	429.243176
1610679268993	156.453431	204.180408	436.651296
1610679269087	163.363338	234.292534	415.072305
1610679269181	162.667729	223.455667	430.945942
1610679269275	149.29967	183.213871	395.872934
1610679269369	168.437751	211.339134	423.657525
1610679269460	155.199595	202.277048	439.246222
1610679269554	152.102438	210.413962	456.255967
1610679269648	168.669135	205.780195	424.078358
1610679269742	168.817321	186.020205	426.722049
1610679269836	153.619107	178.925276	412.343551
