1616035461083	165.029288	-66.457724	-117.346414
1616035461177	167.622234	-69.803685	-119.596779
1616035461267	173.902891	-63.680462	-90.483541
1616035461361	167.738345	-76.985066	-140.364873
1616035461455	159.349525	-51.803771	-110.781533
1616035461549	163.184729	-75.336096	-121.228749
1616035461643	166.115817	-80.107964	-103.886868
1616035461737	171.35715	-58.6236	-153.254531
1616035461831	152.117149	-57.329706	-138.945848
1616035461925	157.843526	-56.828505	-125.226913
1616035462019	160.321314	-70.50852	-118.80306
1616035462113	145.430963	-64.194794	-136.912748
1616035462207	163.567468	-55.22607	-118.923802
1616035462301	157.946627	-64.881747	-147.00095
1616035462395	159.979268	-56.218567	-127.2362
1616035462487	150.311334	-64.614935	-165.093817
1616035462581	166.740614	-57.021232	-124.921035
1616035462675	153.712547	-76.261786	-144.465726
1616035462769	163.827506	-71.606832	-139.724305
1616035462863	167.116427	-34.303714	-101.129464
1616035462957	158.019992	-70.578638	-79.94616
1616035463051	173.376105	-74.705749	-138.766425
1616035463145	161.723465	-61.344019	-113.625968
1616035463239	150.043025	-55.293147	-102.59168
1616035463333	163.110821	-68.739516	-103.657716
1616035463427	158.151053	-61.203576	-103.124085
1616035463521	163.614936	-78.943676	-134.457908
1616035463615	156.776317	-88.040592	-121.416112
1616035463707	162.285108	-75.283027	-114.554951
1616035463801	157.873756	-99.437664	-127.700121
1616035463895	169.071057	-41.219497	-100.06276
1616035463989	151.908873	-44.246031	-135.093044
1616035464083	168.0963	-95.120305	-142.139557
1616035464177	149.653924	-88.301198	-97.218104
1616035464271	164.262765	-57.044741	-105.219582
1616035464365	178.922226	-71.445547	-158.232341
1616035464459	168.470443	-65.819187	-128.944501
1616035464553	154.91934	-82.686795	-116.664678
1616035464647	168.159393	-73.296915	-121.623335
1616035464741	161.977467	-67.586525	-134.926896
1616035464835	150.857933	-30.721803	-128.826835
1616035464925	164.342423	-43.636956	-120.588173
1616035465019	167.289374	-79.280765	-102.984654
1616035465113	163.419156	-54.523137	-140.028188
1616035465207	177.219579	-96.845039	-121.739846
1616035465301	149.69898	-79.80552	-129.85385
1616035465395	162.491308	-67.471698	-139.853161
1616035465489	164.603095	-61.742925	-148.138327
1616035465583	148.900223	-63.414141	-95.619495
1616035465677	149.591126	-56.522349	-108.912302
1616035465771	162.04868	-46.387996	-86.007774
1616035465865	151.859966	-58.996277	-112.66405
1616035465959	149.100609	-53.600303	-120.23739
1616035466053	174.55687	-49.847911	-105.181267
1616035466143	155.258376	-64.23751	-133.968156
1616035466237	166.354492	-55.954319	-144.006594
1616035466331	159.054011	-45.090497	-112.704226
1616035466425	164.262912	-31.8844	-112.037429
1616035466519	164.506861	-67.942395	-99.561382
1616035466613	172.31827	-61.08835	-149.272598
1616035466707	160.816947	-58.807614	-102.621389
1616035466801	147.646775	-43.653717	-120.225472
1616035466895	185.179094	-90.260791	-95.947262
1616035466989	160.088792	-59.205477	-114.920774
1616035467083	161.17595	-66.958348	-125.169687
1616035467177	157.674973	-42.952753	-102.878439
1616035467271	152.590033	-72.593042	-99.585526
1616035467363	166.235627	-32.819103	-99.850763
1616035467457	163.995116	-99.425267	-123.174628
1616035467551	163.169647	-58.822898	-115.50549
1616035467645	162.823187	-64.184068	-93.436455
1616035467739	179.763043	-60.529896	-111.886263
1616035467833	148.461856	-79.915055	-117.668199
1616035467927	168.128939	-69.776907	-110.805364
1616035468021	163.308146	-81.788988	-125.224747
1616035468115	157.896293	-73.771898	-145.101726
1616035468209	167.671078	-88.422295	-114.705718
1616035468303	171.579859	-59.906714	-121.547156
1616035468397	157.247223	-65.160715	-101.925343
1616035468491	167.052116	-76.068725	-152.040872
1616035468581	184.580371	-68.633841	-117.245781
1616035468675	174.703402	-52.437394	-134.709303
1616035468769	177.010761	-73.248403	-125.47846
1616035468863	184.852077	-67.659595	-120.719797
1616035468957	176.078146	-48.092166	-136.207559
1616035469051	165.72576	-75.19955	-128.014411
1616035469145	194.960851	-75.976549	-160.478456
1616035469239	192.024597	-79.401596	-135.131193
1616035469333	176.282545	-99.712752	-141.886591
1616035469427	176.163741	-99.43134	-167.362329
1616035469521	159.256517	-83.978078	-190.46869
1616035469615	110.401635	-83.601881	-198.944119
1616035469709	60.754045	-78.796392	-169.767726
1616035469799	75.205782	-71.122407	-178.068159
1616035469894	92.923733	-178.392839	-184.041504
1616035469989	151.534222	-135.206057	-103.926774
1616035470084	256.589344	-149.338762	-161.815025
1616035470179	324.498041	-234.890855	-163.428265
1616035470274	384.465072	-380.737299	-230.322118
1616035470369	325.542212	-391.801775	-272.626637
1616035470464	274.789564	-375.290953	-215.678012
1616035470559	242.964147	-338.279296	-230.574806
1616035470654	175.090011	-281.577307	-158.741584
1616035470749	135.340984	-232.320926	-172.487408
1616035470844	124.707481	-242.129928	-119.155162
1616035470939	64.5069	-119.338552	-4.890186
1616035471029	146.709521	65.095968	65.330408
1616035471123	340.220317	96.046014	33.260687
1616035471217	333.517964	13.139165	-34.418216
1616035471311	221.2197	-217.007042	-261.958093
1616035471405	59.739375	-130.494689	-124.991555
1616035471499	173.14863	-36.365487	-66.21628
1616035471593	203.074325	29.616735	-83.415256
1616035471687	206.847406	-0.320648	-55.011402
1616035471781	207.35309	10.357164	-86.284485
1616035471875	200.23102	-36.951481	-75.742357
1616035471969	194.286832	-13.199659	-121.847113
1616035472063	190.360804	-41.792358	-74.690481
1616035472157	182.427529	-55.959156	-112.087888
1616035472247	162.906287	-34.873765	-114.593806
1616035472341	180.244202	-57.558131	-77.134601
1616035472435	169.280113	-67.582605	-105.302692
1616035472529	167.207253	-24.419659	-95.884846
1616035472623	167.612234	-51.165695	-81.181858
1616035472717	176.077156	-76.647714	-90.535588
1616035472811	161.299188	-80.71038	-135.032391
1616035472905	177.396275	-57.918598	-181.659037
1616035472999	165.098236	-36.057103	-183.841657
1616035473093	168.471268	-54.59673	-198.706772
1616035473187	157.623538	-68.805687	-253.622892
1616035473281	173.108211	-53.994859	-345.683004
1616035473375	170.380849	-58.848529	-361.239509
1616035473463	175.228217	-43.893798	-335.053805
1616035473557	158.449543	-61.178581	-261.404944
1616035473651	158.953002	-77.111307	-264.548737
1616035473745	162.07526	-53.864463	-315.320474
1616035473839	168.415211	-53.938287	-296.566769
1616035473933	167.733814	-48.660269	-247.795525
1616035474027	163.015165	-50.249834	-172.615694
1616035474121	172.151504	-82.618897	-65.838415
1616035474215	170.728256	-56.845025	-95.726184
1616035474309	170.726378	-74.902337	-117.315015
1616035474403	147.787205	-44.432036	-169.800305
1616035474497	160.976109	-46.447684	-156.912387
1616035474591	167.17964	-56.043223	-62.066671
1616035474682	155.479322	-62.900377	-77.939509
1616035474777	168.086285	-62.748658	-58.578758
1616035474872	162.016462	-44.857856	-88.430858
1616035474967	153.749736	-94.312617	-114.852328
1616035475062	157.650134	-53.515208	-111.558949
1616035475157	160.626418	-80.133988	-97.598945
1616035475252	162.784642	-65.808393	-101.245057
1616035475347	160.207905	-58.038269	-114.220548
1616035475442	170.598579	-50.098509	-121.577302
1616035475537	146.388716	-88.267121	-112.667418
1616035475632	162.334192	-59.229138	-121.448669
1616035475727	161.515417	-73.27061	-162.070251
1616035475822	164.575726	-57.450745	-133.174991
1616035475917	150.096084	-79.773817	-103.902513
1616035476011	164.124147	-76.213219	-135.336752
1616035476105	164.632941	-50.007366	-123.844434
1616035476199	163.410546	-78.296524	-104.725874
1616035476293	157.263242	-83.059625	-123.866884
1616035476387	146.901857	-77.415903	-108.220898
1616035476481	153.464287	-78.225384	-119.573215
1616035476575	154.547525	-61.110339	-132.268735
1616035476669	153.306978	-63.365843	-172.217881
1616035476763	138.235235	-62.500021	-120.850381
1616035476857	159.768805	-39.197441	-127.805474
1616035476951	151.125329	-72.749064	-117.218509
1616035477045	166.209213	-70.377101	-118.339568
1616035477135	172.287516	-100.450805	-114.793269
1616035477229	157.699827	-63.130942	-140.416686
1616035477323	144.459774	-77.679771	-83.804098
1616035477417	164.823312	-54.653443	-141.412461
1616035477511	143.853363	-84.423697	-98.484783
1616035477605	162.791064	-59.052412	-120.712804
1616035477699	148.813262	-49.9669	-102.275441
1616035477793	149.962591	-101.774589	-148.450113
1616035477887	142.709429	-43.931902	-132.918296
1616035477981	155.20704	-79.906835	-109.58562
1616035478075	165.225723	-46.572551	-136.693299
1616035478169	165.131447	-63.12932	-129.882802
1616035478263	162.095187	-58.677735	-178.296912
1616035478354	158.414759	-55.667391	-124.271354
1616035478449	158.651821	-54.022148	-109.807169
1616035478544	159.909369	-52.555648	-96.728308
1616035478639	156.009744	-63.455972	-124.994235
1616035478734	159.573017	-72.71711	-150.618862
1616035478829	147.129816	-45.577127	-99.931925
1616035478924	150.700233	-81.455557	-126.462037
1616035479019	166.682939	-55.949861	-125.015919
1616035479114	165.982144	-64.143434	-139.713848
1616035479209	181.253238	-75.212375	-129.965555
1616035479304	170.285663	-76.841995	-110.150466
1616035479399	176.257008	-61.241868	-140.94369
1616035479494	153.485825	-71.731602	-118.168909
1616035479588	170.705463	-78.842045	-101.719829
1616035479683	170.726139	-94.052588	-138.838223
1616035479778	160.583826	-72.543414	-132.110714
1616035479873	167.747887	-76.373464	-135.156732
1616035479968	156.782844	-56.708198	-95.217999
1616035480063	175.596663	-68.59208	-119.75962
1616035480158	164.151089	-70.556151	-130.073844
1616035480253	154.409667	-82.5943	-87.966497
1616035480348	160.231432	-83.712323	-122.311043
1616035480443	158.335104	-75.40348	-89.644449
1616035480538	160.706655	-62.093431	-113.19953
1616035480633	156.611751	-63.400736	-106.328151
1616035480728	153.589131	-63.471824	-110.834793
1616035480823	161.899117	-50.294511	-111.372533
1616035480917	159.141753	-86.71854	-134.936321
1616035481011	155.082312	-83.787042	-131.624167
1616035481105	180.443868	-64.464953	-117.252262
1616035481199	164.429068	-79.062031	-104.126191
1616035481293	169.721873	-74.022084	-148.820776
1616035481387	159.467733	-53.875956	-137.875455
1616035481481	170.611138	-79.280517	-128.513226
1616035481575	149.88211	-86.114622	-107.814592
1616035481669	162.441344	-66.534139	-123.732415
1616035481763	179.459602	-63.923859	-142.363974
1616035481857	149.082999	-75.070251	-127.810113
1616035481951	159.752847	-69.160756	-146.307736
1616035482044	160.761236	-71.565259	-136.192221
1616035482138	165.52112	-66.433683	-112.983498
1616035482232	160.325947	-30.808548	-143.75872
1616035482326	165.27437	-72.069286	-132.531004
1616035482420	161.373394	-82.162533	-145.102534
1616035482514	152.368293	-75.619496	-123.281596
1616035482608	156.143002	-45.064372	-101.697968
1616035482702	159.441218	-83.95734	-126.492064
1616035482796	160.071208	-57.679571	-142.256438
