1616035140689,183.163210525,212.435833004,-476.382046807
1616035140783,187.740179754,209.776055782,-497.007372189
1616035140877,184.696978413,219.007955679,-529.689820493
1616035140971,179.103757623,209.788238228,-478.542433057
1616035141065,184.005217358,210.125998157,-483.488363394
1616035141156,183.828187586,210.935625135,-471.057337562
1616035141250,187.400202290,211.648672651,-496.142058864
1616035141344,173.670791151,210.377927250,-444.247452281
1616035141438,172.821392660,204.935630374,-428.127422141
1616035141532,170.749766665,205.534112364,-422.247861123
1616035141626,186.487868191,208.932157200,-484.649886154
1616035141720,171.576692346,207.469264687,-420.298275148
1616035141814,185.003154751,213.874587544,-501.450205364
1616035141908,170.250277735,204.972282196,-411.020796178
1616035142002,179.280407063,208.856976605,-440.618999701
1616035142096,181.333153586,210.750145250,-467.341294259
1616035142190,181.297223425,214.362001793,-460.657581263
1616035142284,175.942571321,208.730395936,-437.765437106
1616035142375,176.315917734,215.743687302,-466.246728391
1616035142469,176.418001372,208.283211697,-445.860501107
1616035142563,185.744084812,212.402837830,-491.542218281
1616035142657,171.924740175,207.349033839,-433.181025795
1616035142751,184.989423039,210.494761428,-491.888285922
1616035142845,184.727064120,214.396460498,-487.448832904
1616035142939,183.016870575,213.755683293,-478.065720380
1616035143033,178.977422534,207.867497339,-451.416388998
1616035143127,182.528493625,207.198016575,-472.899622193
1616035143221,190.604132387,212.474443612,-509.234096150
1616035143315,180.983785936,208.368606000,-476.397619565
1616035143409,176.452611796,207.296179568,-445.050393943
1616035143503,181.521086051,209.445878889,-459.885821320
1616035143593,189.117809498,211.917546512,-498.079267729
1616035143688,185.597113741,210.973089443,-484.249270529
1616035143783,182.013674022,213.129166709,-483.534761551
1616035143878,168.622996065,210.861294919,-424.038903490
1616035143973,190.240859768,220.087694434,-518.214130740
1616035144068,175.412717828,208.655913156,-450.318091841
1616035144163,172.854953019,212.446929222,-447.257870974
1616035144258,179.547488048,215.954495634,-485.976995229
1616035144353,183.215517114,216.204793501,-476.642189683
1616035144448,177.030042141,214.261894015,-459.191669960
1616035144543,176.108904339,213.291442190,-459.624353662
1616035144638,165.743384258,213.407677685,-403.753105599
1616035144733,170.463856613,218.049754996,-457.085248152
1616035144829,174.113378667,218.667799740,-466.135481736
1616035144924,175.160001045,218.059949368,-470.877858422
1616035145019,169.650438119,217.119663561,-455.108942385
1616035145114,177.601516249,222.724101187,-495.246583867
1616035145209,170.232245135,220.962974552,-456.814493410
1616035145304,169.497719854,220.687761809,-447.784462197
1616035145399,173.387716476,220.643994452,-492.073554458
1616035145494,175.679922437,227.502840712,-507.649924268
1616035145589,167.121736740,221.296250248,-459.694759648
1616035145684,175.290652192,231.356988507,-504.514162192
1616035145779,170.514999371,226.317003844,-489.285322840
1616035145874,165.113930424,225.169282058,-443.192191733
1616035145969,160.114620882,223.045497448,-423.736242042
1616035146061,170.520122851,227.068285723,-500.286591851
1616035146155,160.612899832,224.356236467,-445.929826964
1616035146249,148.865220728,226.078646404,-398.934991738
1616035146343,168.040395126,226.139178602,-487.681369007
1616035146437,172.251222041,232.716895878,-509.784404857
1616035146531,165.102632171,228.787816543,-481.536258178
1616035146625,167.355113494,228.133054316,-471.948358350
1616035146719,170.354702412,227.006305810,-499.378999494
1616035146813,177.999975051,233.870845001,-542.325394210
1616035146907,170.668110395,227.123733859,-502.098537247
1616035147001,159.646550390,228.118206903,-457.087612053
1616035147095,165.724027137,227.271279287,-474.972432314
1616035147189,164.149569500,230.056040865,-470.820624924
1616035147282,159.088871105,227.534573909,-449.541281105
1616035147376,153.508716901,224.818476676,-424.411901793
1616035147470,171.781655303,231.290320302,-520.181248338
1616035147564,162.362652246,226.510560048,-478.476299628
1616035147658,154.842793244,225.318329873,-430.731417460
1616035147752,166.511088333,228.064900659,-503.237023248
1616035147846,158.815465854,224.432134127,-447.041221510
1616035147940,152.374459850,227.018810889,-409.702131205
1616035148034,162.903081196,229.338367459,-477.954826607
1616035148128,174.482042672,233.676785526,-536.483717133
1616035148222,151.227625732,226.713157126,-423.869672797
1616035148316,160.913885215,226.967734417,-470.527524401
1616035148410,155.863981856,227.824993260,-453.793987721
1616035148499,157.592663354,225.348654241,-443.818797925
1616035148593,171.428866017,231.907499030,-528.218800569
1616035148687,165.399678505,231.648476398,-496.139185076
1616035148781,156.146583572,228.181516576,-445.371345819
1616035148875,160.198036536,231.198243859,-487.546281106
1616035148969,151.054906459,224.524399167,-404.462296864
1616035149063,153.680091608,228.006730852,-440.811900657
1616035149157,160.526896198,227.448055842,-462.917699151
1616035149251,172.334697023,231.872215688,-526.702134912
1616035149345,165.205039930,229.826186795,-482.098126467
1616035149439,169.183189455,233.066086457,-515.897717993
1616035149533,161.223508431,227.083744386,-472.226296734
1616035149627,156.991529474,228.247464046,-460.980367158
1616035149719,167.307664762,231.988681691,-499.120923694
1616035149813,161.048546741,227.894146235,-453.806617601
1616035149907,161.349481420,229.130944084,-471.917457529
1616035150001,164.641295912,231.739005875,-495.464838146
1616035150095,151.517074038,226.072245730,-412.484595255
1616035150189,160.209338761,230.202478589,-485.608291663
1616035150283,165.126923263,229.546280163,-494.642691807
1616035150377,160.068335634,229.149647382,-486.834666822
1616035150471,161.770805362,230.038168411,-485.202243387
1616035150565,155.650053627,225.620795084,-435.160515580
1616035150659,174.914182207,230.838700044,-540.854684966
1616035150753,170.834162280,231.434036985,-534.929069977
1616035150847,162.219628666,231.082290711,-469.205010095
1616035150937,168.137600449,234.423686222,-520.134169613
1616035151031,157.100765575,227.288392749,-460.579699687
1616035151125,154.053906497,225.772111123,-435.376286382
1616035151219,168.321752109,229.993959954,-496.198215042
1616035151313,162.806901115,227.426373912,-490.886864914
1616035151407,163.241985109,227.465348351,-474.814249806
1616035151501,158.182534884,227.319030164,-460.028333491
1616035151595,165.397302332,232.022267195,-496.612727333
1616035151689,154.867622087,226.076994979,-441.840801508
1616035151783,162.625793858,226.983835341,-486.406626266
1616035151877,166.960745773,232.233378806,-504.704104461
1616035151971,157.897351927,226.837496395,-454.977075263
1616035152065,162.400891585,231.274249813,-488.659261425
1616035152155,164.354469945,228.631537605,-494.891144729
1616035152249,153.404785050,227.528897583,-431.814830075
1616035152343,155.225874092,225.211225235,-443.806379548
1616035152437,170.475360412,234.924919602,-527.473895754
1616035152531,159.369109704,229.014255120,-455.565411720
1616035152625,160.873164140,228.453752585,-448.357787736
1616035152719,160.053334070,227.645302164,-465.806042290
1616035152813,165.197596421,227.823397853,-482.057287068
1616035152907,159.287223899,225.983574056,-452.116138758
1616035153001,153.056531003,228.522456684,-448.363844574
1616035153095,158.375361651,226.641916503,-451.113134209
1616035153189,154.279304801,223.481882505,-433.126372741
1616035153283,165.537946001,232.325601513,-491.411221345
1616035153374,162.210884006,229.203057563,-485.616769768
1616035153468,157.545993680,227.455211307,-464.022478999
1616035153562,160.423180399,230.533238803,-477.808392137
1616035153656,166.032982410,231.885763405,-497.613857183
1616035153750,160.400228436,226.400595825,-459.222726429
1616035153844,166.534760785,228.575045865,-478.420586778
1616035153938,162.571061109,229.588646910,-481.619751384
1616035154032,153.999849111,227.377175738,-432.593116930
1616035154126,164.039279072,231.138760437,-489.675245687
1616035154220,175.645369705,231.363299975,-533.893244537
1616035154314,159.405788129,228.653316729,-450.280071497
1616035154408,153.405774403,228.030543860,-412.873940983
1616035154502,168.120387648,231.042555807,-511.553150900
1616035154594,172.430260578,230.533340442,-521.739872620
1616035154688,156.322656730,227.247487861,-438.337385165
1616035154782,158.741925747,227.404580039,-456.637737883
1616035154876,162.875375674,228.702667828,-480.289397382
1616035154970,157.108648254,225.541984033,-448.649790003
1616035155064,161.164942203,229.811162934,-481.878127109
1616035155158,161.848147899,227.692466095,-481.140010035
1616035155252,156.130790223,223.800918002,-435.798115042
1616035155346,165.239192503,229.588345326,-491.258665897
1616035155440,156.093045464,227.412094651,-433.104446114
1616035155534,162.131167195,228.299783662,-461.746500590
1616035155628,155.807571866,226.930451984,-425.051593260
1616035155722,167.787878947,227.419246665,-493.782498280
1616035155812,170.226034287,230.332777399,-511.159630931
1616035155906,160.042096393,226.393004996,-431.824909992
1616035156000,166.939534872,226.977344859,-469.668253278
1616035156094,157.692154686,229.259337282,-466.797561584
1616035156188,166.946635398,228.729367500,-483.680369510
1616035156282,161.781848761,226.794219542,-450.343357979
1616035156376,153.854421625,221.573324600,-417.822058864
1616035156470,161.237492674,226.714302914,-465.816443079
1616035156564,159.913738284,228.218317157,-458.553559622
1616035156658,167.902383933,224.087468416,-485.924159652
1616035156752,162.237225442,224.964840579,-452.841818260
1616035156846,158.272235650,224.228596035,-442.060745909
1616035156940,149.938880350,223.356883065,-387.365972466
1616035157033,153.925923609,221.850752834,-410.241201538
1616035157127,178.587197405,230.341503913,-533.574077601
1616035157221,171.421909665,223.656805994,-496.261158099
1616035157315,156.920514843,221.972769583,-423.671263861
1616035157409,172.182546033,225.567120964,-492.947870549
1616035157503,146.714327198,217.148703931,-367.674205844
1616035157597,165.670765574,222.251323186,-471.680208526
1616035157691,161.213639707,224.082597931,-425.279516679
1616035157785,171.714030077,223.016895785,-484.890741279
1616035157879,163.824352512,220.060782687,-444.603399553
1616035157973,162.628823748,216.612840650,-435.044036164
1616035158067,171.805418726,221.051137385,-486.392152351
1616035158161,166.564363211,216.588688504,-437.690368316
1616035158249,171.729212519,215.273222152,-474.000882325
1616035158343,177.433502157,219.035830586,-500.811340544
1616035158437,177.006760556,216.751895260,-481.010250959
1616035158531,179.148612305,212.554406638,-492.761690457
1616035158625,181.448192804,212.917291582,-484.432203999
1616035158719,172.845174455,207.693903171,-437.231061478
1616035158813,178.509715474,205.565661860,-476.283173691
1616035158907,175.746666233,198.031675106,-441.177167619
1616035159001,168.745841895,189.659236308,-388.793430987
1616035159095,186.058721654,193.146045205,-486.781918955
1616035159189,182.564575045,182.211535601,-473.097585766
1616035159283,178.066860817,173.526327070,-448.420519916
1616035159377,192.171679276,169.309860434,-547.754042376
1616035159470,166.289811596,148.736456995,-419.210860475
1616035159564,170.266287876,141.099773035,-471.461009554
1616035159658,138.754176305,108.158532299,-458.678110172
1616035159752,138.020398287,109.131686164,-487.571654764
1616035159846,101.870352364,99.202061273,-460.315519331
1616035159940,79.422466970,116.907652598,-483.291057166
1616035160034,62.718398201,134.522359193,-417.075755560
1616035160128,92.719183156,136.892232065,-509.351910632
1616035160222,81.306611739,109.742751691,-422.303035789
1616035160316,85.987861248,96.246089631,-460.960241142
1616035160410,88.802917802,123.300838128,-471.405272203
1616035160504,104.282289209,190.731087329,-467.062222820
1616035160598,176.130034135,239.175315814,-438.280546019
1616035160688,253.199018486,205.573292881,-490.038247971
1616035160782,317.686762462,143.634549191,-435.361921512
1616035160876,376.985243222,53.619789810,-470.432456450
1616035160970,356.373049915,-36.361500831,-490.993085207
1616035161064,319.439610015,-53.832735265,-431.519320694
1616035161158,271.927821747,-34.275130450,-433.684512402
1616035161252,255.197248113,7.577731895,-411.243265639
1616035161346,239.616744022,15.357676812,-445.950918417
1616035161440,179.103896913,44.914884899,-454.110300708
1616035161534,154.130317627,74.798189760,-481.688156625
1616035161628,135.198456293,103.823720031,-479.062004824
1616035161722,130.118294244,122.294960410,-459.675872124
1616035161816,102.114700625,166.544251742,-445.682996817
1616035161906,63.390736226,315.898314858,-436.224329408
1616035162000,81.842565095,476.938460946,-510.028855428
1616035162094,162.460137472,606.423042608,-459.551422103
1616035162188,320.767710205,568.285095337,-514.104737450
1616035162282,338.831992185,437.683861684,-519.944004945
1616035162376,318.474256417,325.678970503,-446.655728187
1616035162470,385.795590175,114.920860331,-510.771123803
1616035162564,238.977173730,-71.385784846,-498.280817062
1616035162658,100.006085788,3.501004645,-485.979707416
1616035162752,57.888568542,165.958248738,-461.388622466
1616035162846,100.698516879,296.762996660,-443.886150998
1616035162940,162.782879210,349.169286735,-447.835590937
1616035163034,181.544657292,344.454710588,-454.015146804
1616035163124,192.946547468,340.729334554,-472.679887071
1616035163218,205.733264297,326.021551314,-518.888905876
1616035163312,193.551674745,301.707977687,-439.080489983
1616035163406,210.142610994,296.301520267,-486.701922420
1616035163500,197.328016639,284.122901636,-455.799689305
1616035163594,206.767026832,270.662071564,-462.694932866
1616035163688,195.838770857,264.815547175,-432.655665574
1616035163782,198.119485241,258.044768862,-450.655565253
1616035163876,191.909117118,250.343180175,-409.095308654
1616035163970,200.956289927,250.231709284,-477.679657106
1616035164064,186.762816910,241.539002044,-396.319462331
1616035164158,182.715528954,238.895965244,-399.546592525
1616035164252,183.969121629,242.740343835,-406.911107476
1616035164351,192.402249098,242.024120655,-468.639868158
1616035164445,185.656351527,238.121879203,-422.141386769
1616035164539,187.479235786,236.928922801,-450.602523781
1616035164633,184.001639631,235.000614339,-432.008995964
1616035164727,179.143229115,233.805578620,-398.866362007
1616035164821,188.156438268,235.430744397,-477.237524802
1616035164915,177.394240758,229.147714562,-433.163033185
1616035165009,182.085838155,232.530886350,-446.417275103
1616035165103,177.446051746,232.916489368,-437.420456913
1616035165197,176.627221338,233.733732398,-445.387616878
1616035165291,182.512119788,232.814649334,-458.215841040
1616035165385,176.084224777,231.530281847,-432.408423178
1616035165479,176.022943778,232.882002119,-437.558779432
1616035165571,165.372738028,227.891571273,-382.125580862
1616035165665,173.279669423,231.352873471,-454.453904362
1616035165759,165.760024366,228.160723457,-403.710196022
1616035165853,162.773094834,224.917534092,-364.862432291
1616035165947,166.990988658,226.745985828,-440.923717187
1616035166041,165.269417338,227.351583378,-445.505020965
1616035166135,157.924723186,224.599665266,-477.207773956
1616035166229,173.661841956,231.121385193,-617.064144960
1616035166323,169.809105789,232.176562169,-649.872119661
1616035166417,166.864571155,227.574576267,-591.770379584
1616035166511,163.519790588,228.696031296,-562.905555029
1616035166605,176.259260141,233.469269810,-664.801665160
1616035166699,168.161126673,230.184414431,-689.343772215
1616035166792,162.161464299,229.936454310,-687.426148737
1616035166886,167.259467148,231.595941852,-783.369904346
1616035166980,165.788731708,227.546160659,-848.354280445
1616035167074,171.647340823,229.865314101,-962.957741975
1616035167168,169.147792714,231.554099552,-956.757193706
1616035167262,163.875762813,227.578769570,-908.831783503
1616035167356,169.022071441,233.881675271,-876.553993284
1616035167450,160.106324075,228.541113207,-787.637038210
1616035167544,169.905784192,228.587466843,-823.889132700
1616035167638,147.924592785,223.475573096,-689.747320555
1616035167732,161.330428315,229.625080831,-750.866603898
1616035167826,177.871572570,235.572097225,-882.594062443
1616035167920,163.699696793,229.262163167,-796.838941952
1616035168010,164.778542677,226.291705230,-763.271536148
1616035168105,167.599841098,232.348792436,-715.750813705
1616035168200,159.426375075,228.159754684,-636.339340666
1616035168295,167.168914490,228.936694587,-529.359659323
1616035168390,156.982679257,229.494785830,-315.958651112
1616035168485,154.820550171,222.059358021,-308.582537704
1616035168580,159.505737398,232.938852454,-444.747926978
1616035168675,167.395639312,228.897600782,-548.143865095
1616035168770,158.879240588,227.580072626,-605.850864592
1616035168865,161.955548426,229.983344835,-613.756112912
1616035168960,151.747503694,222.409221160,-458.775707211
1616035169055,165.990786884,230.244634642,-465.868927399
1616035169150,167.418107132,229.655381257,-420.240295203
1616035169242,162.290003414,226.359296592,-383.617968101
1616035169336,163.561993844,230.959930681,-406.056582429
1616035169430,156.533992843,227.701352613,-384.983476826
1616035169524,161.927311092,227.347445944,-419.087765857
1616035169618,161.530476477,228.573440616,-432.397080581
1616035169712,145.266897723,221.105103873,-348.679086488
1616035169806,164.052464085,230.394338405,-436.774427677
1616035169900,160.504349030,227.439607844,-441.793992325
1616035169994,165.475913086,230.677040056,-470.557452154
1616035170088,165.825302166,230.309225126,-463.528085790
1616035170182,163.118257215,230.168352055,-475.108565537
1616035170276,159.406489645,227.028260677,-448.770499733
1616035170370,154.833656069,228.314906346,-413.681285622
1616035170461,157.604252527,226.727677589,-438.368962157
1616035170556,156.648458953,228.369559798,-443.124924905
1616035170651,148.150962340,223.560389491,-395.989315074
1616035170746,166.791072284,230.544486459,-507.259756717
1616035170841,163.132795919,232.049756121,-461.728595341
1616035170936,171.178443903,233.438989492,-520.358260461
1616035171031,148.483263588,224.684896489,-403.812512226
1616035171126,157.830132623,229.561672800,-464.581429848
1616035171221,163.446786427,230.542083535,-472.937908482
1616035171316,163.853843022,230.818643261,-496.630994721
1616035171411,164.957071092,228.482639765,-496.710784402
1616035171506,160.984572381,235.118262874,-490.375093089
1616035171601,161.040457746,225.015158753,-477.221974632
1616035171698,164.693868656,230.758703889,-496.753282678
1616035171791,157.807477333,228.553184291,-458.457129801
1616035171884,163.129404986,230.299123395,-459.736832088
1616035171977,158.657608168,228.871712250,-468.121440056
1616035172070,159.774743506,229.915600648,-474.764112381
1616035172163,155.331359664,225.501386478,-438.411975872
1616035172256,160.109440705,230.041005364,-475.600455107
1616035172349,162.381855139,231.267117216,-496.554816453
1616035172442,160.169474271,229.063498807,-475.929834030
1616035172535,163.715075342,231.391968530,-497.383055522
1616035172628,162.791663396,230.045983523,-490.316682645
1616035172721,151.079951345,225.283145221,-415.572866247
1616035172814,159.697956675,227.512148970,-469.856236026
1616035172913,161.836501233,229.062783413,-492.562688990
1616035173008,158.150611187,228.932387855,-460.366602280
1616035173103,168.474366873,232.800504030,-504.008706681
1616035173198,163.668426272,229.999808901,-484.640532389
1616035173293,160.358916107,228.635754668,-452.022904426
1616035173388,161.010171712,226.629130044,-470.569228589
1616035173483,164.120756540,230.794607401,-478.635698967
1616035173578,157.898097927,228.961819219,-475.440906194
1616035173673,155.332479527,228.000530485,-460.364437350
1616035173768,161.471217141,229.176556158,-478.585370218
1616035173863,158.070080148,225.527533292,-448.438183028
1616035173958,150.019400425,227.635139039,-420.727228138
1616035174053,157.393311707,227.023323153,-453.698197932
1616035174150,160.805208384,230.301696366,-481.417839664
1616035174244,157.155334666,226.810114341,-445.932780074
1616035174338,153.188463817,226.197208312,-451.601125107
1616035174432,159.076598846,228.279337932,-466.447107011
1616035174526,161.236455773,231.088595510,-476.297333354
1616035174620,163.915335992,232.092321307,-485.995222150
1616035174714,159.555541486,229.833469793,-472.561443111
1616035174808,155.755768378,226.035085507,-442.227107258
1616035174902,163.920830429,229.469061073,-492.511947130
1616035174996,158.066929330,227.275714948,-459.394054449
1616035175090,164.412830861,228.653404338,-491.211346523
1616035175184,165.470998351,231.300517493,-494.043907757
1616035175278,159.206648269,227.702746098,-470.647212804
1616035175367,153.942696107,225.730442692,-444.766121757
1616035175461,160.090099934,227.033758743,-475.494340433
1616035175555,149.973995921,223.618126829,-426.478112725
1616035175649,161.529144397,228.947622614,-481.876351332
1616035175743,161.460111106,227.797713833,-467.037856763
1616035175837,169.203867277,231.448515150,-522.497747818
1616035175931,159.292656394,228.985609509,-460.145944572
1616035176025,147.032773655,222.141425320,-399.854284164
1616035176119,154.530529134,227.201330411,-435.018155655
1616035176213,154.131958535,228.925399058,-460.264263025
1616035176307,163.953796185,231.605456030,-509.152554311
1616035176401,153.493795277,225.562248033,-441.303191748
1616035176495,166.422418011,232.781039773,-513.723685125
1616035176588,163.517194778,230.692507525,-499.783947430
1616035176683,152.720717302,227.021952531,-446.034796749
1616035176778,164.178559513,230.190946187,-494.439418878
1616035176873,160.470988103,232.551151446,-479.070692901
1616035176968,167.059169749,231.270256410,-510.244115412
1616035177063,150.752970582,222.909993915,-432.752018987
1616035177158,150.210104662,224.331911209,-424.286962741
1616035177253,160.890417087,229.584260249,-461.912185339
1616035177348,169.689144018,230.255658071,-522.673677833
1616035177443,164.359728530,230.884145690,-489.946837741
1616035177538,153.799453256,225.051453406,-446.466787806
1616035177633,169.568766134,230.959916961,-534.986373658
1616035177728,160.817331250,229.306238575,-471.484352728
1616035177820,162.855856429,226.945992128,-474.209144863
1616035177915,170.234440765,231.710608251,-518.692333054
1616035178010,152.598159265,226.601351247,-440.875793046
1616035178105,176.661534393,235.992124305,-580.387988588
1616035178200,164.001850685,232.499417832,-489.956471189
1616035178295,170.564761706,230.834373266,-516.504665101
1616035178390,162.254225460,229.345891268,-468.421669521
1616035178485,153.081194695,230.531697703,-445.499163875
1616035178580,159.874635117,231.077071459,-490.771913572
1616035178675,154.637856522,225.740268371,-452.553333142
1616035178770,162.556934890,227.833991875,-473.569088131
1616035178865,163.348573980,230.004009602,-507.345375362
1616035178960,160.918727156,226.594867497,-471.067510781
1616035179056,168.337699447,228.374616224,-509.772290693
1616035179150,159.465300339,228.799658141,-472.066327903
1616035179244,168.031889493,231.758759428,-533.040757380
1616035179338,162.526731378,228.572037398,-483.376532800
1616035179432,155.362299335,225.262341196,-444.554887460
1616035179526,166.477046677,230.801508102,-521.023409636
1616035179620,164.852039536,231.817967529,-503.621099752
1616035179714,167.923061051,231.968621260,-519.470502876
1616035179808,151.532375436,226.202022186,-435.028285533
1616035179902,158.955165156,228.983201231,-477.754010070
1616035179996,164.187734488,231.569064980,-497.976337416
1616035180090,163.870366183,231.450153073,-497.235071041
1616035180184,161.848935725,228.318080174,-480.657753189
1616035180273,162.533507152,230.323938360,-494.386867249
1616035180367,180.597454075,235.593433516,-572.549827523
1616035180461,158.060761343,227.524041712,-456.387054667
1616035180555,161.443185427,229.915415412,-488.404730625
1616035180649,153.625165776,226.236788973,-433.537387094
1616035180743,157.744905859,229.155058838,-465.627247133
1616035180837,164.469601497,230.424037430,-510.495981752
1616035180931,163.062265288,228.023329627,-472.341623441
1616035181025,165.015945382,229.628742160,-514.493540811
1616035181119,161.259386446,228.846549407,-487.396302939
1616035181213,162.228360844,230.460243597,-481.739499195
1616035181307,155.168157765,229.938962226,-459.462872972
1616035181401,155.792082645,225.299329570,-436.453189738
1616035181500,165.049933857,229.142752584,-492.733704009
1616035181593,156.773121026,226.540311632,-470.268631199
1616035181686,172.058589561,232.892806750,-550.646987368
1616035181779,163.720333803,227.019257672,-491.925327174
1616035181872,156.822199427,229.933381485,-476.024483055
1616035181965,169.106448538,232.662651982,-514.990093551
1616035182058,158.493253150,229.060769323,-463.246534586
1616035182151,159.790717844,225.546904827,-473.365177535
1616035182244,158.932414613,229.599995929,-464.142608099
1616035182337,147.169745131,224.567427048,-412.092368344
1616035182430,156.364746903,226.012620461,-458.541474867
1616035182523,158.574151671,227.091080471,-461.690390738
1616035182616,158.288685169,223.234759359,-449.150997500
1616035182710,168.692751288,232.507647440,-511.720310774
1616035182804,162.035944890,230.886873390,-502.630111064
1616035182898,159.506392139,227.941648943,-444.858884744
1616035182992,161.590671202,230.595994442,-485.727343712
1616035183086,174.145900187,230.925520392,-551.126024042
1616035183180,160.177789045,227.691933092,-471.488874384
1616035183274,164.597259641,229.347825213,-495.736650335
1616035183368,156.968843967,236.238964216,-464.855901325
1616035183462,170.218588688,232.079349881,-520.091938696
1616035183556,162.190423092,229.446029038,-482.531350713
1616035183650,158.301374120,226.988875877,-464.193775067
1616035183744,160.006982674,229.627935172,-472.551731679
1616035183838,156.832515635,228.813203462,-458.621345804
1616035183929,157.343557448,229.379362276,-462.911796558
1616035184023,157.100578135,225.913641415,-461.092091971
1616035184117,159.074311993,229.402524403,-482.894297956
1616035184211,161.515691379,230.942582023,-493.802540283
1616035184305,162.384454006,230.518728755,-484.595916712
1616035184399,153.523251971,225.947966004,-444.951387553
1616035184493,166.572382069,231.713185160,-501.086736877
1616035184587,158.540255627,227.329018056,-455.531258775
1616035184681,163.267661044,231.973693054,-503.901440124
1616035184775,159.077914080,226.279830726,-464.454323151
1616035184869,166.107446729,230.913663778,-504.022411574
1616035184963,160.996764770,229.373468924,-483.468828970
1616035185057,155.862669449,228.824501526,-458.786787097
1616035185148,163.607695262,229.977054139,-491.307326884
1616035185242,163.969253106,229.861885239,-503.264201304
1616035185336,150.204707358,226.329888941,-426.257350007
1616035185430,156.193282894,228.199013929,-445.627565355
1616035185524,162.606150161,232.852431908,-475.839111620
1616035185618,160.839308065,226.939791768,-475.118350952
1616035185712,162.998789996,231.498271049,-501.939678476
1616035185806,172.103128644,232.785451392,-530.431616633
1616035185900,146.527718772,225.701553007,-414.056419121
1616035185994,167.797913628,230.921730885,-517.783871610
1616035186088,164.123312063,228.170246011,-495.136299358
1616035186182,156.231313924,232.213263438,-449.836225617
1616035186276,156.696840325,226.638325176,-440.417214507
1616035186369,169.038556819,236.259981964,-554.023655453
1616035186463,168.283656988,231.354367536,-514.475782455
1616035186557,158.991239774,229.622036605,-468.465357009
1616035186651,161.627954463,226.609963775,-484.931901281
1616035186745,152.959619679,226.736783634,-443.858974276
1616035186839,166.094546236,231.908830207,-502.951631996
1616035186933,157.034806217,227.888997920,-453.731229123
1616035187027,156.602572829,227.727048238,-458.359746362
1616035187121,159.594640404,230.098757212,-462.802803797
1616035187215,160.464859965,230.174174245,-480.550491067
1616035187309,154.511847430,222.194330730,-430.915657004
1616035187403,163.315001507,230.492706216,-485.214860068
1616035187497,155.240175500,227.591264806,-457.371424670
1616035187586,153.676363410,222.630652863,-442.304866289
1616035187680,154.834138728,226.689768293,-441.170513086
nan,nan,nan,nan
nan,nan,nan,nan
