1618477688069,-68.397198314,221.229827162,233.998093145
1618477688161,-163.460202010,182.917111429,366.014409751
1618477688255,-178.257165997,191.995289831,329.061155157
1618477688349,-89.553556355,242.386185148,176.888402527
1618477688443,10.228233082,289.417686984,98.622357123
1618477688537,-31.443876028,250.104971357,180.247765849
1618477688631,-157.741416385,182.917111632,352.576812728
1618477688725,-183.616559366,165.120146183,360.655056918
1618477688819,-93.272341792,241.026791850,212.482371245
1618477688913,-11.287517304,283.698900717,101.981786934
1618477689007,-14.646910319,258.183149845,160.091465424
1618477689101,-124.147485642,202.073469007,303.545376581
1618477689195,-193.335345860,174.198325446,381.451983481
1618477689289,-131.866272135,203.432862301,270.592015464
1618477689379,-17.006303428,272.620721856,106.341168552
1618477689473,1.150054783,288.417686598,121.778762759
1618477689567,-100.272341901,214.511041024,282.389008907
1618477689661,-185.616559617,169.479539315,376.092610574
1618477689755,-155.382022883,199.714076248,294.467169803
1618477689849,-50.600233601,263.542543097,148.013253315
1618477689943,8.868840401,292.777079789,101.981772255
1618477690037,-64.037805151,236.667398994,216.201141257
1618477690131,-176.897773749,172.838932359,370.733210181
1618477690225,-175.897773708,186.276504272,336.779890398
1618477690319,-67.037805300,259.183149973,159.732056655
1618477690413,0.150053969,291.777080063,98.622345430
1618477690507,-43.522054412,256.823756989,202.763558307
1618477690598,-145.663236552,187.635897081,351.576876975
1618477690693,-189.335345429,179.557718176,353.936264062
1618477690788,-110.709914210,237.667399149,212.482336137
1618477690883,-13.287517294,285.058293696,86.544215687
1618477690978,-17.006303350,270.261328826,152.013283016
1618477691073,-129.506878554,189.635897027,317.982953856
1618477691168,-174.897773918,169.479539474,376.733197883
1618477691263,-119.788093315,216.511041333,246.076254851
1618477691358,-31.084481959,285.058293544,112.059985379
1618477691453,-11.287517212,275.980114695,132.856937507
1618477691548,-91.912949280,219.870434223,277.670196402
1618477691643,-184.616559318,168.838932123,373.092632409
1618477691738,-163.460201361,198.714075968,293.467204459
1618477691830,-51.240840421,269.261328951,125.497516668
1618477691924,4.509447541,292.777079716,108.700567261
1618477692018,-69.397198196,230.948613061,241.076280712
1618477692112,-161.460201995,165.479539483,365.014410824
1618477692206,-170.178988004,181.917111444,313.982906135
1618477692300,-80.475377342,242.386185113,175.888406910
1618477692394,-0.849945979,290.777080032,99.622349173
1618477692488,-27.365696605,256.823757048,194.685372105
1618477692582,-155.741415899,180.917111345,354.936241206
1618477692676,-198.054131569,179.557718277,361.295644578
1618477692770,-96.272342142,246.745578025,199.404166738
1618477692864,-11.568731709,295.417686907,98.622366605
1618477692958,-34.803268111,262.542542762,167.810259690
1618477693051,-127.506878620,191.995290051,305.545377055
1618477693146,-184.616559775,170.838932393,369.733206010
1618477693241,-129.866272091,213.151648243,263.232625756
1618477693336,-18.646910918,281.698901089,109.700526886
1618477693431,0.790661721,281.339507691,131.856936066
1618477693526,-109.709913636,210.792254935,281.389023714
1618477693621,-183.616559152,161.760753072,374.092644475
1618477693716,-143.303843869,210.792255165,282.388995260
1618477693811,-42.162661308,262.901935872,146.653886296
1618477693906,-5.568731606,290.417686846,105.341160100
1618477694001,-73.397198109,232.308005994,229.638715170
1618477694096,-171.178987842,176.198325380,360.655026721
1618477694191,-175.538380617,182.917111225,323.061112149
1618477694286,-64.037805466,260.183150071,162.810223486
1618477694380,-2.849945946,296.777080013,95.622351610
1618477694474,-41.162660979,246.745577772,218.560555987
1618477694568,-148.022629998,188.635897354,338.498664265
1618477694662,-168.178987654,180.917111237,348.576861521
1618477694756,-95.272342120,240.026792044,203.122954263
1618477694850,0.150054609,290.417686700,85.184820237
1618477694944,-21.006303086,262.542542701,150.372695333
1618477695038,-135.944450796,184.276504222,327.420503541
1618477695132,-180.257166649,172.838932309,375.452002334
1618477695226,-116.428700070,225.948613116,231.998095000
1618477695320,-14.646910314,286.417686701,93.622392049
1618477695414,-11.287517949,272.620722145,125.216276646
1618477695502,-97.272341902,215.511041024,273.029615843
1618477695597,-187.975953072,179.557718546,361.373790211
1618477695692,-153.022629864,196.714076228,274.029600374
1618477695787,-31.443874771,274.980114490,118.856962846
1618477695882,1.150054671,288.417686664,85.622396709
1618477695977,-78.834770334,220.870434227,239.513838003
1618477696072,-164.819594741,176.198325311,346.373821199
1618477696167,-184.616559326,192.354683018,289.623558083
1618477696262,-72.756590748,259.542542650,138.810273621
1618477696357,2.509448206,290.777079323,65.622436878
1618477696452,-49.881447583,243.386185162,162.763544662
1618477696547,-159.741415229,176.198324981,308.936290075
1618477696642,-183.257166465,182.917111153,305.295657876
1618477696738,-85.194163156,247.104970990,124.607204188
1618477696832,-4.209338444,296.855258679,26.903601145
1618477696926,-41.162661386,270.261328903,96.529024437
1618477697020,-131.866271724,196.714076090,226.982940257
1618477697114,-185.616559037,170.479538973,265.655080940
1618477697208,-125.147485929,217.870434098,148.076281926
1618477697302,-172.178987140,182.917110934,320.373863971
1618477697396,-6.568731505,278.698900818,175.856918416
1618477697490,-82.834769749,252.823756709,287.966628057
1618477697584,-184.616559533,175.198325235,505.373830673
1618477697678,-40.162661326,256.823756929,400.247814830
1618477697772,-38.803267782,271.620721521,349.497567939
1618477697866,-197.335345573,183.917111245,614.014432503
1618477697957,-76.115983912,219.870433959,515.716906219
1618477698051,-15.287517953,287.058294085,371.341132468
1618477698145,-175.538380838,187.635897324,523.623524116
1618477698239,-194.335346250,169.198325676,518.373776085
1618477698333,-2.849945625,281.058293855,197.903589058
1618477698427,-143.944451011,212.511041208,437.873235165
1618477698521,-175.178988135,182.635897490,651.655005305
1618477698615,-11.568731856,272.980115056,342.059927842
1618477698709,-95.553555990,238.386184932,228.763573095
1618477698803,-193.975952606,156.760753349,214.811396197
1618477698897,-36.084482648,255.901936045,65.810222752
1618477698991,-60.600233123,262.261328784,191.575716300
1618477699085,-195.975952549,166.198325253,351.655042407
1618477699177,-82.037805135,220.667398985,161.279321384
1618477699271,-32.646910828,266.698901036,52.341140524
1618477699365,-165.944450242,171.995289864,297.779936937
1618477699459,-132.709914104,168.714076259,270.467168462
1618477699553,-31.568731961,244.417687056,76.903562249
1618477699647,-180.741416200,141.432862414,273.388966491
1618477699741,-175.100808706,67.917111240,341.576861179
1618477699835,-2.568730822,145.417686383,100.700610349
1618477699929,-43.428699787,63.870433996,212.560543691
1618477700023,-104.257166094,12.838931981,357.014470926
1618477700117,92.712482976,110.620721599,145.653916163
1618477700211,-16.756591232,225.745578014,158.450845299
1618477700305,-272.335345640,113.760753378,379.811392575
1618477700394,-214.522053971,85.745577776,206.482376472
1618477700488,-205.397198109,100.308005994,240.076287056
1618477700582,-318.616559698,102.557718316,357.655032672
1618477700676,-156.272342281,105.792255279,275.670195211
1618477700770,36.150054544,196.698900770,94.622387424
1618477700864,-74.100808286,320.714075914,301.545390020
1618477700958,-96.225665563,569.995290625,329.420449810
1618477701052,-241.490552452,395.136472696,101.981781823
1618477701146,-308.147485898,141.511041095,243.076284227
1618477701240,-150.819594269,129.557718017,372.092641662
1618477701334,-71.568731860,421.339508043,130.216285420
1618477701428,-146.115984160,311.823756933,179.247814364
1618477701522,-247.335345062,184.479539006,374.092648770
1618477701613,-66.646910598,259.901935978,160.450838039
1618477701707,-90.240840076,261.980114716,135.575720867
1618477701801,-221.975952723,158.198325355,360.014422722
1618477701895,-96.756591326,197.589220163,256.513842021
1618477701989,-26.568731817,261.417686970,91.903572803
1618477702083,-183.819594948,152.917111402,330.420483260
1618477702177,-133.788092884,165.714076156,314.623539043
1618477702271,-9.849946093,265.136473084,88.903554926
1618477702365,-143.944451073,180.151648261,253.154444639
1618477702459,-160.741416047,147.557718448,365.655016364
1618477702553,-15.287516809,253.417686394,122.138180957
1618477702647,-92.912949661,210.026792354,198.404129926
1618477702741,-0.209337930,269.495865391,100.622424683
1618477702832,-22.365696162,235.901935739,162.091474614
1618477702926,-45.881446804,237.901935593,140.294527828
1618477703020,-186.335345525,135.120146295,383.811400933
1618477703114,-60.678411899,204.667398836,233.638732762
1618477703208,-10.646909852,262.417686429,110.059997723
1618477703302,-171.897773906,147.838932451,336.779875928
1618477703396,-101.350521389,181.432862386,293.467148833
1618477703490,2.431268259,264.058293942,95.903578305
1618477703584,-133.944450998,176.714076279,285.388987003
1618477703678,-140.663236696,170.995290151,346.858080444
1618477703772,18.228233049,269.417687003,100.622354712
1618477703866,-3.287517343,282.136472678,105.341177079
1618477703960,-178.616559479,155.838932218,383.811406561
1618477704050,-100.350521451,194.432862423,293.467144261
1618477704144,-63.756590925,242.823756785,175.529046710
1618477704238,-133.944451084,186.714076330,281.029587732
1618477704332,-43.240840331,224.667399054,208.122954869
1618477704426,6.150054160,276.058293981,114.419324267
1618477704520,-185.335345365,168.198325154,353.936268756
1618477704614,-167.178987696,163.838932309,370.733216369
1618477704708,-7.287516989,282.417686500,91.903630972
1618477704802,-63.037805409,259.542543021,167.810227674
1618477704896,-123.866271834,187.354683170,325.342325223
1618477704990,-40.522054171,233.026791925,209.482361877
1618477705084,-127.866271713,214.870433989,252.795081426
1618477705178,-78.475377247,252.183149978,179.247806890
1618477705269,-14.646910302,264.261328788,135.216322782
1618477705363,-11.287517788,269.980115034,149.013253372
1618477705457,-178.257166212,175.198325036,379.452034213
1618477705551,-180.616559391,167.838932166,381.452020036
1618477705645,-37.162661741,265.620722097,134.216282695
1618477705739,-30.084482387,283.058293797,128.856918997
1618477705833,-81.834770484,223.589220284,250.795041061
1618477705927,-91.912948707,218.870433884,277.670238293
1618477706021,-162.819594865,177.917111353,332.061096354
1618477706115,-162.460201598,190.995290139,311.904759069
1618477706209,8.868839825,287.417687145,93.903551203
1618477706303,5.868840728,300.855258550,111.700582058
1618477706397,-157.741415196,179.917110930,343.858113562
1618477706488,-169.178988076,177.557718502,366.655009667
1618477706582,-98.272341447,238.026791646,215.841789442
1618477706676,-82.834770400,240.745578140,185.607187534
1618477706770,-19.006303431,261.901935889,159.091456116
1618477706864,-48.240840914,247.104971336,201.404126314
1618477706958,-187.975952946,165.120146534,378.451978379
1618477707052,-190.335345500,168.479539265,360.655044845
1618477707146,-19.365695907,280.339507527,113.059991424
1618477707240,-3.568731375,284.058293725,102.622391027
1618477707334,-91.912949440,213.151648348,284.029577733
1618477707428,-128.866271371,197.714075881,316.982966088
1618477707522,-154.741415643,189.995290147,306.904758128
1618477707616,-129.866271840,209.792255111,268.592037033
1618477707707,6.868840519,287.417686735,110.700566851
1618477707801,-2.849945119,276.980114603,121.778769893
1618477707895,-169.178987914,163.120146469,369.373807473
1618477707989,-189.335346272,165.120146736,384.170739397
1618477708083,-76.115984349,247.104971076,175.888407596
1618477708177,-58.319018926,259.183149733,151.013300307
1618477708271,-35.443875083,255.823756768,193.685406761
1618477708365,-72.397197957,235.667398889,227.279333218
1618477708459,-198.054132157,171.838932655,361.654994623
1618477708553,-175.538380925,182.917111407,346.858054622
1618477708647,-13.646910726,288.417686944,98.622361983
1618477708741,-7.568731470,290.417686766,93.903598125
1618477708835,-129.866271455,199.714075931,317.623566935
1618477708924,-142.303844178,183.276504457,351.217439382
1618477709018,-133.225664453,206.792254892,268.232671149
1618477709112,-113.428700052,224.589220121,229.638703275
1618477709206,7.868840599,281.698900720,126.497537549
1618477709300,-16.646909994,270.620721590,146.294524255
1618477709394,-189.335345564,162.760753333,387.811398120
1618477709488,-188.335345854,161.760753505,393.889555830
1618477709582,-50.240840166,263.901935816,153.013286179
1618477709676,-39.162661040,271.620721683,134.216333916
1618477709770,-68.037805563,224.948613269,228.279290114
1618477709864,-83.475376410,228.948612625,270.951478595
1618477709958,-179.257165971,176.917110862,350.217514967
1618477710052,-165.819595266,189.635897558,317.623495101
1618477710148,-2.568731836,294.777079966,89.544178440
1618477710242,-6.568731212,290.417686613,101.981795944
