1618478159493,-94.731329005,224.245460956,233.972466681
1618478159587,-94.731328015,229.245461977,231.972466719
1618478159680,-90.731339620,226.245450004,234.972466282
1618478159774,-89.731343296,229.245446211,231.972466143
1618478159868,-95.731321098,226.245469114,229.972466979
1618478159962,-93.731342326,229.245447212,230.972466180
1618478160056,-95.731319517,225.245470745,234.972467039
1618478160150,-92.731347159,228.245442226,231.972465998
1618478160244,-93.731342326,229.245447212,230.972466180
1618478160338,-94.731332838,230.245457002,231.972466537
1618478160432,-92.731322225,229.245467951,231.972466937
1618478160526,-90.731336882,229.245452829,235.972466385
1618478160620,-94.731335576,227.245454177,230.972466434
1618478160714,-95.731326088,228.245463966,231.972466791
1618478160808,-94.731340399,228.245449201,230.972466252
1618478160899,-96.731326413,232.245463631,234.972466779
1618478160997,-96.731344608,227.245444858,235.972466094
1618478161095,-95.731343462,229.245446041,232.972466137
1618478161193,-96.731328983,228.245460979,231.972466682
1618478161291,-93.731320465,229.245469767,233.972467003
1618478161389,-93.731318381,225.245471917,232.972467081
1618478161487,-94.731340566,229.245449028,232.972466246
1618478161585,-93.731328026,227.245461966,232.972466718
1618478161683,-92.731339431,229.245450200,230.972466289
1618478161781,-93.731335922,227.245453819,235.972466421
1618478161879,-92.731322225,229.245467951,231.972466937
1618478161977,-89.731346202,227.245443213,232.972466034
1618478162075,-93.731325120,229.245464964,231.972466828
1618478162179,-91.731320319,224.245469918,233.972467008
1618478162269,-92.731324963,226.245465126,230.972466833
1618478162359,-93.731346221,222.245443193,233.972466033
1618478162449,-96.731338796,231.245450854,233.972466313
1618478162539,-93.731340409,226.245449190,231.972466252
1618478162629,-90.731347349,225.245442030,235.972465991
1618478162719,-94.731323193,228.245466953,231.972466900
1618478162809,-93.731328026,227.245461966,232.972466718
1618478162899,-93.731330932,225.245458968,233.972466609
1618478162989,-92.731337682,227.245452004,233.972466355
1618478163079,-93.731320298,228.245469940,231.972467009
1618478163169,-92.731334776,229.245455002,232.972466464
1618478163259,-93.731333016,229.245456817,234.972466530
1618478163343,-92.731342505,228.245447028,233.972466173
1618478163438,-95.731346368,227.245443042,233.972466028
1618478163533,-94.731340399,228.245449201,230.972466252
1618478163628,-92.731323214,224.245466930,233.972466899
1618478163723,-92.731339431,229.245450200,230.972466289
1618478163818,-94.731326099,226.245463955,232.972466791
1618478163913,-92.731347159,228.245442226,231.972465998
1618478164008,-95.731336555,224.245453167,231.972466397
1618478164103,-95.731346200,226.245443216,231.972466034
1618478164198,-93.731340577,227.245449017,233.972466246
1618478164293,-92.731337682,227.245452004,233.972466355
1618478164388,-94.731318370,227.245471928,231.972467082
1618478164483,-93.731340745,228.245448844,235.972466239
1618478164578,-93.731320298,228.245469940,231.972467009
1618478164672,-94.731323193,228.245466953,231.972466900
1618478164766,-96.731341534,228.245448029,232.972466210
1618478164860,-96.731324329,228.245465781,233.972466857
1618478164954,-95.731326088,228.245463966,231.972466791
1618478165048,-98.731347325,228.245442055,232.972465992
1618478165142,-94.731343472,227.245446030,233.972466137
1618478165236,-98.731347493,229.245441882,234.972465985
1618478165330,-97.731347336,226.245442044,233.972465991
1618478165424,-98.731337847,227.245451833,234.972466348
1618478165518,-97.731347336,226.245442044,233.972465991
1618478165612,-100.731342648,232.245446880,232.972466168
1618478165706,-99.731330108,230.245459818,232.972466640
1618478165797,-104.731346501,233.245442905,231.972466023
1618478165891,-100.731345387,229.245444055,231.972466065
1618478165985,-103.731341521,229.245448043,230.972466210
1618478166079,-107.731332990,231.245456844,230.972466531
1618478166173,-111.731330271,229.245459650,232.972466634
1618478166267,-109.731329303,230.245460648,232.972466670
1618478166361,-112.731347634,232.245441736,232.972465980
1618478166455,-112.731320615,229.245469612,231.972466997
1618478166549,-105.731333621,244.245456194,235.972466508
1618478166643,-101.731322253,221.245467923,232.972466936
1618478166737,-128.731326167,254.245463885,230.972466788
1618478166831,-97.731344049,250.245445435,233.972466115
1618478166925,-157.731334287,337.245455506,230.972466482
1618478167013,-152.731327813,351.245462186,230.972466726
1618478167107,-71.731345988,406.245443434,229.972466042
1618478167201,0.268663643,354.245453371,234.972466405
1618478167295,-10.731319372,276.245470894,234.972467044
1618478167389,-35.731329381,203.245460568,231.972466667
1618478167483,-117.731322588,154.245467577,228.972466923
1618478167577,-140.731341454,198.245448112,231.972466213
1618478167671,-159.731341666,185.245447893,234.972466205
1618478167765,-215.731330353,201.245459566,233.972466631
1618478167859,-237.731322862,284.245467294,231.972466913
1618478167953,-221.731323558,373.245466576,229.972466886
1618478168047,-162.731338960,498.245450685,229.972466306
1618478168141,-88.731344847,518.245444611,227.972466085
1618478168235,-77.731339305,490.245450330,228.972466294
1618478168329,-39.731343051,473.245446465,227.972466153
1618478168423,-23.731326214,407.245463836,231.972466786
1618478168517,-23.731327734,370.245462267,224.972466729
1618478168611,-17.731337322,335.245452375,223.972466368
1618478168705,-10.731321650,297.245468545,219.972466958
1618478168799,-21.731340806,261.245448780,201.972466237
1618478168893,-32.731334392,244.245455398,195.972466478
1618478168987,-46.731335426,233.245454332,170.972466440
1618478169081,-57.731338426,230.245451236,157.972466327
1618478169175,-63.731329362,228.245460588,177.972466668
1618478169269,-73.731334952,225.245454820,200.972466457
1618478169363,-76.731334744,225.245455035,223.972466465
1618478169452,-77.731347444,223.245441932,253.972465987
1618478169546,-80.731318812,225.245471473,254.972467065
1618478169640,-82.731338151,225.245451520,229.972466337
1618478169734,-85.731340441,228.245449157,206.972466251
1618478169828,-200.296469847,112.234810472,198.885169990
1618478169922,-88.731328918,221.245461046,181.972466685
1618478170016,-87.731343405,227.245446099,154.972466139
1618478170110,-88.731336487,224.245453237,152.972466400
1618478170204,-88.731332662,223.245457183,126.972466544
1618478170298,-90.731323332,228.245466809,194.972466895
1618478170392,-88.731337734,225.245451950,275.972466353
1618478170486,-91.731328049,224.245461943,300.972466717
1618478170580,-92.731345491,225.245443947,315.972466061
1618478170672,-88.731321783,230.245468407,305.972466953
1618478170766,-91.731334788,228.245454990,299.972466464
1618478170860,-97.731331208,225.245458683,289.972466598
1618478170954,-89.731334818,229.245454959,273.972466462
1618478171048,-93.731325280,225.245464800,261.972466822
1618478171142,45.552702606,367.822974175,259.065685099
1618478171236,-91.731319410,227.245470856,246.972467043
1618478171330,-91.731331793,226.245458080,245.972466576
1618478171424,-90.731321001,226.245469214,242.972466983
1618478171518,-94.731346882,228.245442512,240.972466008
1618478171612,-92.731340924,227.245448659,238.972466233
1618478171706,-90.731319676,229.245470581,236.972467033
1618478171800,26.818494127,350.589412343,239.473318361
1618478171890,-93.731323539,228.245466595,236.972466887
1618478171984,-91.731330132,227.245459793,235.972466639
1618478172078,-92.731342672,229.245446855,235.972466167
1618478172172,-90.731332059,228.245457805,235.972466566
1618478172266,-94.731326099,226.245463955,232.972466791
1618478172360,-94.731318538,228.245471755,233.972467075
1618478172454,-93.731340745,228.245448844,235.972466239
1618478172548,-92.731329953,228.245459978,232.972466646
1618478172642,-91.731334955,228.245454818,235.972466457
1618478172736,-94.731343640,228.245445856,235.972466130
1618478172830,-95.731341713,227.245447845,235.972466203
1618478172924,-94.731318538,228.245471755,233.972467075
1618478173018,-91.731331881,229.245457989,232.972466573
1618478173109,-93.731324952,228.245465137,229.972466834
1618478173203,-92.731329953,228.245459978,232.972466646
1618478173297,-94.731321444,226.245468757,234.972466966
1618478173391,-93.731318381,225.245471917,232.972467081
1618478173485,-92.731334776,229.245455002,232.972466464
1618478173579,-91.731347506,228.245441868,236.972465985
1618478173673,-96.731319506,227.245470757,233.972467039
1618478173767,-95.731321433,228.245468768,233.972466966
1618478173861,-92.731342337,227.245447201,231.972466179
1618478173955,-93.731323204,226.245466942,232.972466900
1618478174049,-94.731340566,229.245449028,232.972466246
1618478174143,-90.731322247,225.245467929,233.972466936
1618478174237,-96.731333806,229.245456003,231.972466501
1618478174329,-96.731346189,228.245443227,230.972466034
1618478174423,-91.731322404,228.245467767,234.972466930
1618478174517,-92.731347495,230.245441880,235.972465985
1618478174611,-92.731334776,229.245455002,232.972466464
1618478174705,-92.731329953,228.245459978,232.972466646
1618478174799,-98.731325296,227.245464782,233.972466821
1618478174893,-92.731330121,229.245459804,234.972466639
1618478174987,-93.731343651,226.245445845,236.972466130
1618478175081,-94.731345221,229.245444225,230.972466071
1618478175175,-92.731325467,229.245464607,236.972466815
1618478175269,-91.731336703,230.245453014,232.972466391
1618478175363,-95.731330743,228.245459163,229.972466616
1618478175457,-94.731323361,229.245466780,233.972466894
1618478175547,-91.731339777,229.245449842,235.972466276
1618478175641,-90.731327069,226.245462954,233.972466754
1618478175735,-93.731320298,228.245469940,231.972467009
1618478175829,-94.731338650,226.245451005,233.972466318
1618478175923,-94.731331089,228.245458806,234.972466603
1618478176017,-90.731338631,231.245451025,232.972466319
1618478176111,-90.731332059,228.245457805,235.972466566
1618478176205,-95.731323014,229.245467137,228.972466907
1618478176299,-95.731344451,224.245445020,234.972466100
1618478176393,-91.731334787,227.245454991,233.972466464
1618478176487,-92.731322225,229.245467951,231.972466937
1618478176581,-93.731335755,226.245453992,233.972466427
1618478176675,-94.731340566,229.245449028,232.972466246
1618478176766,-95.731343294,228.245446214,230.972466143
1618478176860,-92.731334776,229.245455002,232.972466464
1618478176954,-93.731332681,227.245457164,230.972466543
1618478177048,-93.731345400,228.245444041,233.972466064
1618478177142,-92.731325131,227.245464953,232.972466827
1618478177236,-93.731318549,226.245471744,234.972467075
1618478177330,-92.731330121,229.245459804,234.972466639
1618478177424,-93.731332849,228.245456990,232.972466537
1618478177518,-92.731334776,229.245455002,232.972466464
1618478177612,-91.731339442,227.245450188,231.972466288
1618478177706,-89.731346370,228.245443040,234.972466028
1618478177800,-97.731347168,225.245442217,231.972465998
1618478177894,-90.731334965,226.245454807,236.972466457
1618478177983,-94.731330921,227.245458979,232.972466609
1618478178077,-93.731325288,230.245464791,233.972466821
1618478178171,-89.731335568,230.245454185,230.972466434
nan,nan,nan,nan
nan,nan,nan,nan
