1610679456054,-0.071109
1610679456147,-3.957918
1610679456240,-0.032206
1610679456333,-0.011531
1610679456426,-0.012058
1610679456519,-0.051684
1610679456612,-0.031920
1610679456705,0.008466
1610679456798,-0.032108
1610679456897,-0.012299
1610679456991,0.008278
1610679457085,0.028373
1610679457179,0.049101
1610679457273,-0.031724
1610679457367,-0.031482
1610679457461,-0.032349
1610679457555,0.028283
1610679457649,-0.011772
1610679457743,0.008617
1610679457837,-0.011486
1610679457931,-0.071591
1610679458025,-0.012013
1610679458116,-0.051345
1610679458210,0.008421
1610679458304,0.007894
1610679458398,0.008135
1610679458492,-0.011298
1610679458586,-0.032018
1610679458680,0.068428
1610679458774,-0.051684
1610679458868,-0.031482
1610679458962,-0.071824
1610679459056,0.008957
1610679459150,4.625027
1610679459244,-0.071681
1610679459335,-0.011870
1610679459429,-0.031724
1610679459523,-0.012058
1610679459617,-0.011433
1610679459711,-0.071922
1610679459805,-0.011772
1610679459899,-0.051345
1610679459993,0.008751
1610679460087,-0.031491
1610679460181,-0.012103
1610679460275,-0.072735
1610679460369,-0.011477
1610679460463,-0.051827
1610679460554,-0.011906
1610679460648,-0.032063
1610679460742,0.128953
1610679460836,-0.011870
1610679460930,-0.011674
1610679461024,-0.011674
1610679461118,0.007894
1610679461212,-0.071770
1610679461306,0.008421
1610679461400,0.028185
1610679461494,-0.031724
1610679461588,-0.052158
1610679461682,-0.031679
1610679461774,0.048092
1610679461868,-0.031054
1610679461962,-0.031768
1610679462056,0.008144
1610679462150,0.028426
1610679462244,-0.011870
1610679462338,-0.051720
1610679462432,3.921106
1610679462526,-0.031777
1610679462620,-0.032063
1610679462714,-0.011486
1610679462808,-0.011906
1610679462902,0.008707
1610679462991,-0.071734
1610679463085,-0.031822
1610679463179,-0.011057
1610679463273,-0.071636
1610679463367,-0.031777
1610679463461,-0.051586
1610679463555,0.008323
1610679463649,0.068714
1610679463743,-0.071439
1610679463837,0.008903
1610679463931,-0.032108
1610679464025,0.028238
1610679464119,-0.012058
1610679464211,-0.011102
1610679464305,-0.032215
1610679464399,-0.051774
1610679464493,-0.071341
1610679464587,-0.032010
1610679464681,-0.071439
1610679464775,-0.231991
1610679464869,-0.352049
1610679464963,-0.793576
1610679465057,-0.994120
1610679465151,-0.974312
1610679465245,6.825495
1610679465339,9.291878
1610679465431,3.818631
1610679465525,-1.354215
1610679465619,-0.652664
1610679465713,-0.270706
1610679465807,-0.230025
1610679465901,-0.120274
1610679465995,-0.101386
1610679466089,-0.054632
1610679466183,0.054215
1610679466277,-0.072745
1610679466371,0.000573
1610679466465,-0.042804
1610679466559,-0.067392
1610679466650,-0.030044
1610679466743,-0.031054
1610679466836,-0.071011
1610679466929,-0.051095
1610679467022,-0.010959
1610679467115,-0.031536
1610679467208,-0.072020
1610679467301,-0.031679
1610679467394,-0.031482
1610679467487,-0.031250
1610679467580,-0.051872
1610679467673,-0.051157
1610679467766,-4.177752
1610679467865,0.008903
1610679467959,-0.071877
1610679468053,-0.071305
1610679468147,0.068767
1610679468241,-0.031688
1610679468335,-0.031768
1610679468429,-0.072020
1610679468523,-0.031777
1610679468617,-0.032063
1610679468711,-0.011870
1610679468805,-0.051925
1610679468899,-0.071207
1610679468993,-0.072020
1610679469086,-0.031527
1610679469180,-0.072252
1610679469274,-0.051532
1610679469368,-0.032206
1610679469462,-0.071779
1610679469556,-0.031438
1610679469650,0.068428
1610679469744,-0.011441
1610679469838,-0.031822
1610679469932,-0.051193
1610679470026,-0.011334
1610679470120,-0.011584
1610679470214,0.108572
1610679470304,0.028524
1610679470398,0.008323
1610679470492,4.707017
1610679470586,-0.051541
1610679470680,-0.071636
1610679470774,0.008814
1610679470868,-0.011433
1610679470962,0.028515
1610679471056,-0.051291
1610679471150,-0.071966
1610679471244,-0.071779
1610679471338,-0.052068
1610679471432,nan
