1618477392193,-267.902588570,129.778482248,425.574221562
1618477392287,125.644245735,378.978582193,-109.319337735
1618477392381,150.764258419,380.978573598,-111.319337318
1618477392470,-184.169222006,127.778491028,441.320894874
1618477392564,-242.782580457,111.031818820,505.307589749
1618477392658,-162.049215884,204.138541388,269.480819734
1618477392752,-144.302529294,221.885161972,192.120790492
1618477392846,142.390916659,338.111909486,-67.452653955
1618477392940,126.644244718,339.111902058,-14.212632384
1618477393034,-310.769282818,78.538501998,585.667620082
1618477393128,-318.142613860,112.031825378,560.547610643
1618477393222,-0.955800843,311.991860563,5.907379719
1618477393316,14.790866299,313.991887839,-21.212632208
1618477393410,36.910876096,268.751869970,157.627441871
1618477393504,-31.449163242,236.631890467,232.987472182
1618477393598,-337.889280885,71.165113276,546.800938251
1618477393689,-286.649261779,102.658469460,527.054264092
1618477393783,125.644242516,395.725269244,-109.319338380
1618477393877,136.017575108,396.725286929,-93.572665499
1618477393971,-125.555868084,151.898518830,381.707535960
1618477394065,-208.289228811,113.031801569,475.814243110
1618477394159,-251.155917335,152.898503201,349.214189243
1618477394253,-209.289232528,170.645175021,307.347504993
1618477394347,142.390909922,378.978621688,-111.319339648
1618477394441,130.017575316,378.978612332,-66.452654852
1618477394535,-268.902599249,86.911842069,543.800935583
1618477394629,-277.275926297,112.031812061,558.547611288
1618477394723,-92.062515580,244.005203585,154.627441515
1618477394817,-84.689180630,262.751885256,90.640746181
1618477394908,70.404225804,319.365218817,21.654052420
1618477395002,58.657545658,286.871897844,99.014082954
1618477395096,-335.889278708,69.165104274,575.294286162
1618477395190,-334.889281579,96.285126753,551.174274980
1618477395284,40.910877333,327.738559806,-26.585968991
1618477395378,81.777553935,352.858602424,-79.825991754
1618477395472,-68.942498579,229.258503402,265.480822089
1618477395566,-84.689187410,195.765218346,307.347503407
1618477395660,-294.022601588,136.151829092,477.814242291
1618477395754,-267.902586197,121.405135568,417.200885169
1618477395848,148.764248917,386.351949764,-110.319339222
1618477395942,149.764253946,386.351928967,-110.319338215
1618477396036,-211.289225438,138.151798230,459.067570049
1618477396128,-242.782582675,111.031827992,526.054263042
1618477396222,-187.169219496,201.138512465,265.480821136
1618477396316,-132.929199548,205.138517691,180.747452196
1618477396410,132.017583328,351.858568591,-51.705979509
1618477396504,91.150901886,328.738545988,-0.465957716
1618477396598,-301.395940030,102.658488124,558.547610662
1618477396692,-320.142602402,62.791756781,579.294286676
1618477396786,-26.075818629,303.618553387,24.654052018
1618477396880,83.777556762,354.858590732,-60.079317450
1618477396974,41.910871238,296.245237537,108.387419686
1618477397068,-18.702487774,252.378557047,175.374114448
1618477397162,-332.889284142,95.285137349,540.800937598
1618477397256,-299.395936782,94.285137825,532.427600707
1618477397347,109.897578473,379.978555415,-102.945999569
1618477397443,130.017578400,346.485252103,-113.319338577
1618477397539,-126.555868065,171.645192488,379.334199096
1618477397635,-160.049208858,153.898491122,414.200884777
1618477397731,-254.155916771,150.898500869,355.587526225
1618477397827,-218.662563939,175.018489321,341.840853561
1618477397923,148.764258985,389.351908126,-127.066010942
1618477398019,157.137592773,372.605247130,-111.319337822
1618477398115,-261.529256696,108.031829168,552.174273591
1618477398211,-294.022595243,110.031792249,551.174275380
1618477398307,-95.062514842,269.125211140,165.000778531
1618477398403,-49.195833939,253.378551629,94.640746024
1618477398499,104.897570480,364.231914733,14.280714991
1618477398597,59.657549410,303.618556067,75.894073100
1618477398691,-352.635957169,85.911797546,578.294285215
1618477398785,-337.889280946,67.165113527,548.174275107
1618477398879,49.284204450,335.111937003,-24.585970945
1618477398973,46.284213081,364.231911915,-92.572664165
1618477399067,-44.822494131,238.631865738,244.360810249
1618477399161,-67.942504827,194.765181765,308.347505180
1618477399255,-310.769271724,111.031803595,483.187579881
1618477399349,-269.902579481,138.151781530,439.320897121
1618477399443,124.644247635,394.725248071,-133.439347960
1618477399537,130.017581719,361.231912115,-129.066011649
1618477399631,-212.289233399,145.525168020,442.320894716
1618477399725,-272.902586349,69.165114984,543.800938168
1618477399813,-189.169216286,211.511836056,283.227495516
1618477399907,-156.675879099,202.138541733,223.240798506
1618477400001,120.644238010,355.858603536,-66.452654940
1618477400095,106.897563818,361.231942283,-17.212633819
1618477400189,-313.769279722,76.538489196,561.547610096
1618477400283,-325.142605844,85.911781621,585.667622855
1618477400377,-49.822489431,303.618541251,73.894073818
1618477400471,-21.329150804,338.111925313,-2.465959773
1618477400565,40.284211817,280.498548453,125.134094167
1618477400659,-8.955811565,261.751883693,147.254104337
1618477400753,-347.889281078,96.285124679,543.800938212
1618477400847,-308.022593124,71.165099143,534.427602067
1618477400941,65.777553806,375.605276695,-94.572665517
1618477401032,103.644247482,384.978574967,-82.199326779
1618477401126,-131.435845443,197.391816532,350.214190897
1618477401220,-183.049211055,189.898500206,409.827547469
1618477401314,-276.155914987,179.898493495,383.707537188
1618477401408,-212.662567130,205.898491913,356.214189790
1618477401502,143.390912773,391.605273030,-129.066012814
1618477401596,79.137599553,422.978555962,-92.572662726
1618477401690,-354.529252947,292.031813662,533.427600605
1618477401784,-263.022597814,289.538455407,540.800937996
1618477401878,-4.435854191,322.258537054,171.374114903
1618477401972,-5.689173064,217.378517101,124.134095172
1618477402066,153.644241804,257.485250975,-3.465959230
1618477402160,47.404220715,272.738576732,56.147398875
1618477402253,-379.889284163,32.911800570,575.294285069
1618477402347,-423.889281200,93.031798920,590.040959400
1618477402441,-73.715792057,401.365248817,-37.959307114
1618477402535,-42.102436102,583.231941952,-109.319339358
1618477402629,-76.822493456,628.005199812,214.240799778
1618477402723,-48.689186117,492.138549870,279.227493060
1618477402817,-260.142619224,354.285173821,489.560914619
1618477402911,-180.902593284,287.778501742,428.947557486
1618477403005,195.644243650,501.978590815,-134.066011890
1618477403099,239.137584311,486.351955862,-134.066013255
1618477403193,-104.169223103,206.525169301,453.440905260
1618477403287,-149.662572096,143.031828104,478.934252431
1618477403381,-133.169214135,199.391816555,257.600832816
1618477403469,-85.555865121,221.885201527,172.987472918
1618477403563,163.017577657,362.231928911,-108.452654383
1618477403657,146.644250628,351.858551351,-58.585968068
1618477403751,-293.769280228,71.538491286,568.294283732
1618477403845,-298.769267757,50.418429109,633.294286231
1618477403939,-13.075815423,318.365213865,92.774063266
1618477404033,-0.329145757,322.738567574,-38.212632499
1618477404127,35.537538083,282.498548442,49.014083561
1618477404221,19.790864241,252.378538270,125.120789095
1618477404315,-302.769262643,98.658429171,445.800939781
1618477404409,-290.022600354,118.405150253,416.307590012
1618477404503,129.644250898,383.351897711,-156.945999832
1618477404597,137.017582384,384.351919969,-116.066011516
1618477404690,-98.435848464,170.645155288,496.960864029
1618477404784,-157.049209116,163.271829054,517.947558463
1618477404878,-249.155919695,152.898512961,499.707536245
1618477404972,-233.409237331,167.645151023,410.094179893
1618477405066,170.510926927,364.231921489,-24.572664629
1618477405160,150.764252982,363.231922348,8.920682804
1618477405254,-298.022604194,109.031829262,584.054262980
1618477405348,-325.515944868,79.538453664,661.787633030
1618477405442,-98.435858005,251.378563433,176.880766664
1618477405536,-40.822491457,251.378528416,134.387420886
1618477405630,84.777562714,320.365218644,69.774063034
1618477405724,51.284209464,305.618568793,96.267409352
1618477405818,-335.889277566,52.418425811,587.294286391
1618477405911,-350.635951958,70.165102256,570.547612522
1618477406005,50.284215543,350.858564866,-43.705979329
1618477406099,84.777555736,361.231931845,-79.199328262
1618477406193,-63.942506849,244.005211339,289.227494169
1618477406287,-102.435849661,195.765170844,347.840853184
1618477406381,-311.769271754,117.405140587,463.067569269
1618477406475,-268.902592627,135.151835894,420.200883881
1618477406569,144.390913542,379.978606717,-132.439349529
1618477406663,125.644238965,371.605273322,-107.319339091
1618477406757,-207.289228199,121.405135907,503.934253839
1618477406851,-265.902582378,105.658446039,547.800938964
1618477406945,-175.795875372,221.885156197,266.480822589
1618477407039,-126.555857496,218.885169993,184.747453234
1618477407128,125.644242085,345.485249811,0.534040826
1618477407222,124.644238437,355.858601767,32.027387570
1618477407316,-290.022605484,88.911823993,584.667620802
1618477407410,-333.889279664,70.165108228,604.414296576
1618477407504,2.044192868,312.991886573,32.027389065
1618477407598,27.164200056,316.365237576,-27.585969701
1618477407692,15.790859705,280.498567634,174.374114449
1618477407786,-22.075820948,243.005204897,210.867462663
1618477407880,-332.889287509,94.285151273,543.800936924
1618477407974,-311.769279041,111.031833855,508.307589021
1618477408068,123.644250080,371.605227355,-99.945999995
1618477408162,144.390926732,377.978552172,-99.945999411
1618477408256,-161.049213737,149.898511296,402.454210063
1618477408354,-185.169220917,136.151823393,471.440905698
1618477408448,-232.409239696,163.271823937,351.214190025
1618477408542,-213.289233684,187.391853539,300.974167892
1618477408636,157.137592094,364.231913067,-86.199327352
1618477408730,124.644247095,370.605239699,-42.332642513
1618477408824,-311.769272910,111.031808497,559.547611461
1618477408918,-326.515954942,77.538495328,579.294283536
1618477409012,-58.569168061,251.378540271,124.134094049
1618477409106,-28.075816593,309.618544970,81.267410506
1618477409200,73.404221798,303.618561646,57.147399092
1618477409294,42.910877129,306.618550045,142.880768341
1618477409388,-334.889283412,70.165123724,593.040958957
1618477409482,-319.142607729,90.285126284,554.174275003
1618477409573,51.284211926,359.231916690,-77.825990659
1618477409667,106.897569721,378.978591608,-85.199327585
1618477409761,-83.689175802,194.765170343,319.720842602
1618477409855,-99.435846693,186.391821703,347.840853778
1618477409949,-284.649265967,128.778497383,424.574220829
1618477410043,-250.155916258,147.525161881,383.707536933
1618477410137,143.390914951,378.978600891,-111.319338641
1618477410231,160.137601704,379.978547065,-93.572662295
1618477410325,-259.529252548,121.405148883,517.680926947
1618477410419,-269.902590238,109.658478542,542.800937389
1618477410513,-150.675871631,228.258521456,217.240800002
1618477410607,-130.555865465,276.125224160,166.000777900
1618477410701,124.644247175,345.485228763,8.907378715
1618477410791,92.150893413,320.365244159,47.774061798
1618477410885,-334.889277135,59.791760899,596.040960214
1618477410979,-333.889287436,100.658487841,527.054263201
1618477411073,9.417532428,321.365212310,-3.465957871
1618477411167,48.284215773,372.605237650,-27.585968676
1618477411261,-41.822487118,238.631836737,216.240801048
1618477411355,-50.195825789,229.258507320,275.854158767
1618477411449,-303.395929800,104.658445818,513.307591500
1618477411543,-316.142611097,119.405150820,470.440905642
1618477411637,126.644244107,394.725262662,-101.946001192
1618477411731,140.390910944,361.231943723,-110.319339444
1618477411825,-187.169213825,151.898467799,459.067570251
1618477411919,-208.289231459,121.405149389,481.814242580
1618477412009,-191.542564885,184.391873964,309.347503771
1618477412103,-175.795883256,191.765178195,249.734147272
1618477412197,160.137583211,360.231949806,-68.452655395
1618477412291,144.390918792,345.485237534,-27.585969185
1618477412385,-326.515951635,101.658492258,582.667621067
1618477412479,-327.515941810,88.911777890,577.294286168
1618477412573,-34.449150886,278.498523711,82.267411022
1618477412667,5.417528855,328.738563956,4.907378282
1618477412761,52.284215256,279.498534231,123.134094856
1618477412855,7.417534580,270.125182199,174.374116802
1618477412949,-329.515944593,104.658463134,551.174275004
1618477413043,-311.769271909,104.658467492,509.307590450
1618477413137,89.150900287,361.231900074,-75.825989854
1618477413232,109.897580761,379.978545952,-128.066009716
1618477413325,-116.182527851,188.391852392,366.960862897
1618477413418,-172.795874795,153.898458862,412.827549472
1618477413511,-253.155911339,138.151804671,386.707537919
1618477413604,-222.662563159,164.271812360,334.467516848
1618477413697,143.390925199,388.351895380,-92.572662850
1618477413790,124.644242999,337.111909164,-44.332643334
1618477413883,-276.275918078,117.405114941,532.427602329
1618477413976,-299.395936945,96.285138499,594.040958755
1618477414069,-100.435855405,254.378552680,165.000777791
1618477414162,-39.822484322,294.245183252,80.267411710
1618477414255,82.777567762,320.365197771,41.400727177
1618477414348,39.910873993,273.125215538,83.267409632
1618477414447,-336.889282588,70.165120318,593.040959122
1618477414542,-350.635960203,71.165136353,583.667621476
1618477414637,41.910883204,340.111872396,-49.705978421
1618477414732,82.777561466,353.858571282,-77.825990245
1618477414827,-59.569167380,213.511853110,274.854157821
1618477414922,-68.942499940,195.765161558,350.214190502
1618477415017,-287.649261712,129.778479786,478.814242893
1618477415112,-272.902585320,158.898479414,421.200885345
1618477415207,131.017581285,395.725261384,-110.319337999
1618477415302,147.764253200,395.725268921,-82.199327758
nan,nan,nan,nan
