1610679513694,115.812503879,232.388095379,419.672065133
1610679513789,115.282300949,231.358499954,421.660445870
1610679513884,116.069061177,232.127896876,418.651233397
1610679513979,116.783683955,232.674706518,421.656659730
1610679514074,116.131971004,230.819667037,420.666897655
1610679514169,117.150444640,231.442118906,422.659444647
1610679514264,118.610364591,232.516285495,421.670530232
1610679514359,118.110121760,230.296854137,419.697104878
1610679514454,117.759703904,228.153244906,421.686850773
1610679514551,121.081101331,231.583592430,421.681697952
1610679514645,121.136737751,229.645807903,420.704900263
1610679514739,121.626229138,228.237890231,421.685837262
1610679514833,122.258896978,226.836673010,417.690641287
1610679514927,124.163091010,227.360761042,420.720286936
1610679515021,124.041958477,224.437579327,420.719367143
1610679515115,126.095518692,224.769445949,421.727367123
1610679515209,126.924184377,222.975598828,418.748845982
1610679515303,130.006614298,224.654989985,419.764658461
1610679515397,130.627757877,222.261081074,421.769374980
1610679515491,132.132849415,221.038266834,422.795990130
1610679515585,133.353221669,219.166848456,423.782476914
1610679515679,135.028381296,217.836182606,422.810383440
1610679515769,138.662425188,219.434092738,421.815197914
1610679515863,140.769415955,218.463740967,421.838790174
1610679515957,142.771959930,217.193793173,422.853996056
1610679516051,143.468131296,213.752304098,422.859282282
1610679516145,145.294904543,211.959657099,421.880746770
1610679516239,147.927271743,211.290296047,418.900735079
1610679516333,150.417887064,210.344996638,422.912053742
1610679516427,152.264516143,208.173924964,418.926075719
1610679516521,156.816271781,210.287350637,422.960638486
1610679516615,157.245452061,205.746844074,421.979083939
1610679516709,160.398964121,205.381157267,419.995436165
1610679516803,162.347354260,203.145552063,424.010230842
1610679516897,163.196508999,198.972878699,422.024271996
1610679516985,167.424054879,200.194409311,422.033593099
1610679517080,170.013719045,198.917961881,422.060850434
1610679517175,172.157587617,196.924223414,422.084722717
1610679517270,174.721152213,195.932661964,427.096595305
1610679517365,176.549560005,193.773145634,420.110478922
1610679517460,178.678564891,192.423000474,422.126645058
1610679517555,180.883701784,191.390407644,418.150982569
1610679517650,183.369913738,191.082067950,424.154674513
1610679517745,183.247574919,186.525483977,424.161338843
1610679517840,188.551680875,190.430128210,419.186427853
1610679517935,189.938087032,188.282580351,422.212141793
1610679518030,189.997372376,183.976649041,420.227778529
1610679518125,192.566261695,183.810874607,421.277657962
1610679518223,193.221927543,180.931741778,422.252263487
1610679518318,194.018416919,178.524132575,423.281091305
1610679518413,198.461400137,181.877374372,421.276861719
1610679518508,198.322039931,178.063250319,423.298583365
1610679518603,199.000776469,175.632817839,422.303737204
1610679518698,202.100439905,177.301280065,424.319680542
1610679518793,205.584839500,179.725755222,420.338545290
1610679518888,205.939551512,177.500808482,422.341238719
1610679518983,205.500969277,174.144775726,422.345501723
1610679519078,208.551138996,176.381294221,420.330696110
1610679519173,208.485736202,173.886101556,421.360572619
1610679519268,209.439550639,173.281223683,423.367815202
1610679519363,209.085725134,170.871440985,421.372721787
1610679519457,210.871027542,172.007595165,423.371091528
1610679519551,213.008097285,173.652335536,422.387318902
1610679519645,211.492059709,169.711255176,420.398587049
1610679519739,212.166712595,169.649245171,419.411303161
1610679519833,213.038484616,170.193894180,420.440702621
1610679519927,210.790437200,165.717030483,421.446412409
1610679520021,211.687471733,166.074822615,420.513970108
1610679520115,220.499846861,179.242128800,421.679597638
1610679520209,259.772511578,240.752558643,419.529802405
1610679520303,274.842239980,263.873176439,419.671637592
1610679520397,143.583395521,55.068343383,420.262601499
1610679520491,109.793489137,-0.261601631,418.841286284
1610679520585,189.443130570,123.448932633,418.641200562
1610679520676,183.965126990,113.022972314,407.688410609
1610679520770,183.618428194,111.143625078,406.285647360
1610679520864,205.884293725,144.755008018,380.469904937
1610679520958,213.669656466,156.354454961,418.498648266
1610679521052,216.614662495,158.560166555,303.460264268
1610679521146,219.544202489,167.239017226,720.452135962
1610679521240,218.215849591,163.178913391,626.464829251
1610679521334,219.639843314,163.910030460,563.468048755
1610679521428,221.984620009,164.325551618,349.463073460
1610679521522,221.626327804,163.552768798,384.460352846
1610679521616,221.825279971,163.694934338,405.446676980
1610679521710,222.218439467,164.177270977,410.464848917
1610679521804,223.136321593,165.595180199,417.471818655
1610679521894,222.124071043,163.968781853,418.479318916
1610679521989,222.460987944,164.657621921,417.459097373
1610679522084,223.555237811,166.963684499,421.467406322
1610679522179,222.291712262,165.764971014,420.457812015
1610679522274,221.402938093,165.328602479,419.451063302
1610679522369,222.371851793,168.079981905,420.466013820
1610679522464,220.133215054,166.133819239,420.441421936
1610679522559,218.405258724,165.424629080,419.473860771
1610679522654,219.439629138,169.573668708,424.436155342
1610679522749,217.129028867,168.770641226,422.433796866
1610679522844,215.117096741,168.680709920,417.410926414
1610679522939,214.349976909,170.801359434,421.397508174
1610679523034,213.514640407,172.965269725,418.383571945
1610679523125,210.919824155,172.976649951,424.371462054
1610679523221,209.349473689,174.972514778,418.359537939
1610679523317,206.143346902,175.005735366,419.335192912
1610679523413,204.244672700,177.575645107,419.328369025
1610679523509,201.326595534,179.060361305,421.298617957
1610679523605,197.742340443,179.699211232,422.278994978
1610679523701,196.570721374,184.442213668,419.270098543
1610679523797,192.255545047,184.544589902,419.244925472
1610679523893,187.874873818,184.688500858,420.219255080
1610679523989,185.854480276,188.872269992,420.181133812
1610679524085,181.835844842,190.152422462,422.165805743
1610679524181,177.691744572,191.414642352,420.126745135
1610679524277,175.214323061,195.619909167,422.100340091
1610679524370,171.907377860,198.717065490,421.075229521
1610679524466,168.545970754,201.946258038,419.072485255
1610679524562,161.130081864,199.015004612,419.023767596
1610679524658,159.036052705,204.611303799,418.992680476
1610679524754,156.600729035,209.789873542,419.966595092
1610679524850,150.953799824,210.005138319,423.916123079
1610679524946,146.450855065,211.958256655,418.904710795
1610679525042,142.259210750,214.518961908,423.850102607
1610679525138,138.241432926,217.164403265,418.842374332
1610679525234,133.589727840,218.748529502,420.799459337
1610679525330,131.118404968,223.584096004,422.765507319
1610679525426,125.921157435,223.880020147,424.726043149
1610679525522,122.742141079,226.993546456,418.724683827
1610679525623,119.292777051,229.449354622,420.683305266
1610679525715,115.717059816,231.351124609,418.648560551
1610679525807,114.236106056,236.290296973,420.637315251
1610679525899,110.365898315,237.110488705,421.615520952
1610679525991,106.788435142,238.013365909,422.580762980
1610679526083,104.013775822,239.772963962,418.559694207
1610679526175,101.797439856,242.178491633,422.542864942
1610679526267,98.385134727,242.342463771,422.516954344
1610679526359,95.139227923,242.400911543,419.492307256
1610679526451,95.011049653,247.116365246,418.483740680
1610679526543,91.591828906,246.382221312,418.480557418
1610679526635,89.266048713,247.125489414,421.447710546
1610679526727,87.938275532,249.065017941,420.460408237
1610679526825,85.924360046,249.610511662,421.429929442
1610679526919,84.656485532,251.048723392,423.412708830
1610679527013,85.046963926,254.801094785,421.415673843
1610679527107,81.374534905,251.861694488,419.402974617
1610679527201,81.447354873,254.547179962,420.418714125
1610679527295,79.765605617,254.150359227,422.375570996
1610679527389,79.793011719,256.132979174,419.375779099
1610679527483,77.995209478,255.004751979,417.377314443
1610679527577,79.401455308,258.747124181,420.380399183
1610679527671,78.242652369,258.116166291,419.364006782
1610679527765,77.640494452,258.132202361,419.351841144
1610679527859,76.423069481,257.001751668,421.365376740
1610679527953,75.528088375,256.203486613,420.350987613
1610679528042,75.310436480,256.341514315,420.349334920
1610679528137,75.915497307,257.591971802,417.346336035
1610679528232,74.761470197,256.055483506,424.352759747
1610679528327,76.765565463,259.321220910,419.337604278
1610679528422,75.078475043,256.854449416,421.355166854
1610679528517,75.923895010,258.318311766,421.361586367
