1610679251916,124.070962718,166.046094889,501.345325180
1610679252010,111.513509378,179.603548628,459.672950946
1610679252104,124.070962684,184.026530016,447.115511885
1610679252198,238.953573202,255.813798291,310.540986983
1610679252292,233.242082728,252.813798348,325.098430132
1610679252381,105.090528163,158.911622815,518.037227629
1610679252475,105.379037124,168.046094949,527.460221438
1610679252569,163.031832761,209.429946576,398.308686477
1610679252663,164.743324436,215.852928249,375.616722535
1610679252757,215.261647358,235.833363161,355.924837731
1610679252851,209.838665574,223.987400158,377.328267138
1610679252945,83.398601268,154.488641123,533.883232086
1610679253039,81.398601531,163.623113382,526.748749257
1610679253133,206.415685191,237.544854063,345.655862271
1610679253227,218.973138448,245.679326174,321.386934508
1610679253321,171.166305254,201.006965173,431.558054175
1610679253415,163.743323241,194.161002119,448.115529961
1610679253509,96.956055999,175.180567224,500.345300256
1610679253599,105.090527792,168.757585668,479.364881638
1610679253693,242.665063378,253.525288903,311.541009510
1610679253787,240.665063594,255.525288950,309.541000783
1610679253881,124.070962477,176.180567037,494.922353503
1610679253975,113.224998652,169.046094641,517.614315407
1610679254069,132.205434374,193.872492838,433.558078911
1610679254163,146.474380227,197.872493156,404.443112838
1610679254257,235.242082291,243.679326052,328.521429269
1610679254351,221.684629483,236.544854039,346.790338891
1610679254445,94.244565028,162.334604238,524.460217224
1610679254539,87.821582635,151.777150368,532.883236148
1610679254633,184.723758684,227.410381723,354.924832529
1610679254727,218.973137665,245.679326002,324.809947647
1610679254820,206.415684010,225.698890870,380.039761790
1610679254914,186.435248559,213.141437133,401.731700491
1610679255008,83.398602077,163.623113501,524.037236433
1610679255102,94.244564752,160.623113444,518.325756176
1610679255196,227.107610404,250.813798321,316.252472191
1610679255290,235.242082149,241.967835287,312.540999916
1610679255384,151.185869882,186.026529986,465.807443308
1610679255478,140.339906411,182.603548402,482.364918708
1610679255572,109.513509198,182.603548589,462.384448966
1610679255666,122.359471891,187.738020737,454.961477234
1610679255760,241.665063768,257.525288988,306.118012299
1610679255854,243.376554802,251.102307586,310.540981590
1610679255948,106.802018184,165.046094860,523.748747156
1610679256039,97.956055154,167.046094839,526.748751066
1610679256133,161.031833120,217.564418855,405.020162676
1610679256227,175.589285895,215.141437193,376.616782224
1610679256321,228.107610621,248.390816901,351.213333689
1610679256415,210.838667006,228.410381939,370.193736995
1610679256509,80.975620103,160.911622657,533.883219878
1610679256603,84.398600936,154.488641051,525.748773332
1610679256697,208.127175691,239.256344745,338.655871748
1610679256791,206.127175045,248.390816805,316.963972018
1610679256885,178.300777757,208.718455973,423.423569744
1610679256979,171.166304667,193.161002110,448.115531623
1610679257073,93.533073445,165.046094786,503.056834984
1610679257167,107.090527724,178.180567120,490.499356570
1610679257256,234.530591827,258.236779778,302.406511042
1610679257351,235.242083331,248.390817013,305.117970598
1610679257446,125.070963203,177.892057929,489.499342658
1610679257541,106.090526817,153.488641054,524.037282063
1610679257636,131.205434604,200.583983622,442.981051055
1610679257731,141.051397585,196.872492899,415.289123304
1610679257826,231.530592276,246.679326209,325.098418734
1610679257921,226.107610365,250.390816845,341.367381094
1610679258016,93.533073294,156.200131819,528.460257682
1610679258111,88.821582777,158.911622600,536.594721115
1610679258206,178.300777702,228.410381829,371.193757321
1610679258301,187.146740909,238.256344822,347.790329688
1610679258396,209.127174669,219.275909387,385.462746282
1610679258490,191.858230451,214.852927960,396.597211066
1610679258584,81.398601897,160.623113462,520.037243713
1610679258678,96.956055309,152.488641205,521.325763312
1610679258772,218.973137823,251.102307504,316.963978323
1610679258866,232.530591927,255.813798333,319.675451421
1610679258960,158.320341930,190.449511420,461.672977316
1610679259054,141.339906333,177.603548385,478.653431128
1610679259148,112.513507959,180.603548318,476.518971284
1610679259242,122.359471151,181.603548374,460.672997907
1610679259336,237.953573110,251.102307537,307.118009231
1610679259430,243.376554027,254.813798151,317.963994398
1610679259524,110.802018736,168.046094981,521.325743360
1610679259618,96.956055462,154.200131972,527.037247876
1610679259709,160.320341744,201.006965047,406.731679416
1610679259803,164.743322941,210.141437188,395.462745927
1610679259897,236.530592275,241.967835475,362.790344669
1610679259991,219.261647277,238.544853877,392.770803932
1610679260085,85.398602193,159.911622793,578.883194650
1610679260179,84.398602120,165.046094977,485.306179098
1610679260273,211.127175967,234.833363339,414.944369853
1610679260367,229.107610382,247.390816849,-21.459017640
1610679260461,183.300777541,208.429946659,185.289106304
1610679260555,169.743323012,195.872492803,56.981067018
1610679260649,94.821583050,162.623113393,227.768312026
1610679260743,115.090527642,172.469076369,466.787869154
1610679260837,247.530592750,260.813798513,357.117964448
1610679260930,275.376555337,261.525289171,348.117978471
1610679261024,197.205434515,210.892057735,519.633850778
1610679261118,196.359471769,302.046094842,521.479806136
1610679261212,115.205434408,13.449511379,448.692549736
1610679261306,179.185870248,462.295474467,427.712086039
1610679261400,187.242083050,124.390816951,326.098417125
1610679261494,352.530592678,-112.320673703,343.655856133
1610679261588,231.533073808,136.200131931,534.883218363
1610679261682,25.533073215,0.065659601,534.883242338
1610679261776,244.723758833,96.833363222,363.059298707
1610679261870,233.146740983,201.544854105,341.367345223
1610679261964,228.704193809,204.275909520,378.328249540
1610679262058,213.281213051,204.141437474,408.154618905
1610679262149,97.533072859,159.334603924,524.037293825
1610679262243,102.956055862,166.757585727,513.191268739
1610679262337,232.530591893,258.525289059,312.252471308
1610679262431,238.242083118,254.525289167,306.117979218
1610679262525,163.320341854,183.026529936,465.095961833
1610679262619,142.339906497,179.315039154,488.787896717
1610679262713,110.513508413,179.603548417,472.518952924
1610679262807,115.936490558,186.026530032,452.538490361
1610679262901,247.088045132,248.390816765,316.963979391
1610679262995,240.665065170,246.390817094,327.809881410
1610679263089,96.956055768,165.046094973,521.614254015
1610679263183,86.110092985,158.200132072,545.729155232
1610679263277,159.320341866,212.141437274,389.885711554
1610679263366,179.300777844,209.141437459,384.039714493
1610679263460,218.973137649,235.833363065,360.059327813
1610679263554,208.127175139,231.410381691,373.905273588
1610679263648,83.398601978,144.065659812,533.883203358
1610679263742,77.975620155,151.488641201,523.460236315
1610679263836,203.127175260,244.679326118,330.521416961
1610679263930,218.973138286,248.390816872,318.675450306
1610679264024,172.166304823,210.429946546,435.981053092
1610679264118,159.320342298,193.161002234,456.961471659
1610679264212,92.533074242,170.757585694,493.922330516
1610679264306,106.090527777,175.180567132,480.364882219
1610679264400,237.953573552,253.813798368,302.406500592
1610679264494,232.530591587,251.102307525,312.540992958
1610679264585,124.070963292,168.757585748,509.479774187
1610679264679,105.090527350,166.334604104,521.037260501
1610679264773,135.916925329,201.295474354,434.558069939
1610679264867,152.185870065,202.295474427,407.443149070
1610679264961,232.530592724,241.967835573,346.790326503
1610679265055,232.530592034,245.679326156,358.636317354
1610679265149,96.956055018,158.911622609,537.594719478
1610679265243,86.398601237,152.488641117,544.017705530
1610679265337,186.858229917,234.121872244,358.636362408
1610679265431,199.992703488,236.833363278,336.655871820
1610679265525,195.281213060,219.275909677,404.731637079
1610679265619,183.723758643,211.429946579,412.577630341
1610679265713,85.398601900,161.623113462,522.037243600
1610679265806,91.533073783,163.046094860,513.191293519
1610679265900,231.530592107,249.102307639,313.252462654
1610679265994,236.953573498,252.813798356,309.252465737
1610679266088,138.339906678,178.603548460,476.941926449
1610679266182,131.205434400,176.180566976,497.633855454
1610679266276,113.936490951,183.315039385,459.672946643
1610679266370,123.070961742,189.449511277,444.404059287
1610679266464,243.376554746,248.390816841,318.675456054
1610679266558,231.530592569,250.102307740,329.232879094
1610679266652,93.533073715,169.046094845,529.460240661
1610679266746,85.110091992,156.200131855,533.883232463
1610679266840,171.877795699,213.141437310,388.462723386
1610679266934,183.723759449,227.410381890,374.905236711
1610679267023,217.261647788,225.410381789,365.770783271
1610679267117,204.415684637,229.410381741,391.885699363
1610679267211,82.398601397,152.488641152,536.306208351
1610679267305,88.821582957,162.623113373,526.748750918
1610679267399,207.127175621,248.390816931,323.386930166
1610679267493,225.107610100,252.813798254,320.675465945
1610679267587,161.743324166,194.161002322,449.826983253
1610679267681,159.320342885,191.449511629,456.961447910
1610679267775,99.667545771,170.469076280,484.076394763
1610679267869,110.513509000,177.892057812,472.518929175
1610679267963,237.953573109,249.813798271,312.540990731
1610679268057,243.376554295,253.813798209,317.963983561
1610679268151,107.802017988,168.757585551,514.902792160
1610679268241,106.090527578,166.334604154,520.037251265
1610679268335,135.051398333,204.006965263,418.289093046
1610679268429,151.185870776,217.564418984,400.020138812
1610679268523,233.530591689,242.967835347,349.501859110
1610679268617,221.684629418,234.833363291,363.059285927
1610679268711,81.398601751,151.777150496,540.306194016
1610679268805,83.398601137,166.334604029,519.614292976
1610679268899,194.569721174,232.833363092,344.790378302
1610679268993,208.127175746,249.102307691,339.655869531
1610679269087,177.300777538,207.718455925,416.289106408
1610679269181,175.589286638,206.006965155,435.269548290
1610679269275,95.244565670,165.334604379,509.191246836
1610679269369,89.821583111,168.757585607,499.633837361
1610679269460,231.530591613,258.236779731,313.252482620
1610679269554,237.953572846,247.390816746,312.541001384
1610679269648,133.205434937,180.603548561,497.922342992
1610679269742,124.070962195,170.757585508,502.345346344
1610679269836,125.493944174,195.449511488,448.115510960
