1610679251916,3.589540
1610679252010,4.069295
1610679252104,-0.930867
1610679252198,3.792076
1610679252292,-1.268839
1610679252381,-2.452735
1610679252475,3.729244
1610679252569,0.066477
1610679252663,-3.360340
1610679252757,2.670024
1610679252851,1.717123
1610679252945,-3.557314
1610679253039,1.128330
1610679253133,2.742607
1610679253227,-2.966201
1610679253321,-0.280289
1610679253415,3.764302
1610679253509,-1.707727
1610679253599,-2.122635
1610679253693,3.756198
1610679253787,-0.397126
1610679253881,-3.013237
1610679253975,3.132788
1610679254069,1.268283
1610679254163,-3.595508
1610679254257,-0.041936
1610679254351,2.743930
1610679254445,-3.236244
1610679254539,0.160551
1610679254633,3.735824
1610679254727,-2.446303
1610679254820,-1.615246
1610679254914,3.776768
1610679255008,-0.756144
1610679255102,-2.886329
1610679255196,3.313276
1610679255290,0.797165
1610679255384,-2.174648
1610679255478,2.216837
1610679255572,2.370918
1610679255666,-3.359075
1610679255760,0.466684
1610679255854,3.295171
1610679255948,-2.774074
1610679256039,-1.261088
1610679256133,4.039012
1610679256227,-1.407530
1610679256321,-2.717306
1610679256415,3.385509
1610679256509,-3.433083
1610679256603,-3.349031
1610679256697,2.506399
1610679256791,2.033969
1610679256885,-3.672324
1610679256979,1.261985
1610679257073,3.213521
1610679257167,-2.743673
1610679257256,-0.603873
1610679257351,3.931080
1610679257446,-1.849509
1610679257541,-2.110812
1610679257636,-3.116808
1610679257731,-0.187971
1610679257826,-3.262668
1610679257921,3.062969
1610679258016,1.473803
1610679258111,-3.766532
1610679258206,1.660261
1610679258301,2.765471
1610679258396,-3.265811
1610679258490,0.000289
1610679258584,3.673911
1610679258678,-2.226244
1610679258772,-0.652161
1610679258866,3.823266
1610679258960,-0.823931
1610679259054,-2.658965
1610679259148,3.380318
1610679259242,0.840201
1610679259336,-3.470960
1610679259430,2.244824
1610679259524,2.614348
1610679259618,-3.273807
1610679259709,0.677312
1610679259803,3.693466
1610679259897,2.075058
1610679259991,-0.508812
1610679260085,4.904897
1610679260179,-2.619090
1610679260273,-0.884344
1610679260367,-3.412449
1610679260461,-4.902705
1610679260555,-11.547154
1610679260649,-3.116427
1610679260743,1.376662
1610679260837,-2.563445
1610679260930,2.187249
1610679261024,3.887193
1610679261118,-2.880703
1610679261212,-0.191104
1610679261306,3.665696
1610679261400,-1.769208
1610679261494,-1.835218
1610679261588,3.569542
1610679261682,-0.627093
1610679261776,-3.069246
1610679261870,3.183178
1610679261964,0.883856
1610679262058,-3.588073
1610679262149,3.694255
1610679262243,2.758033
1610679262337,-3.610906
1610679262431,0.337485
1610679262525,3.439750
1610679262619,-2.645820
1610679262713,-1.266623
1610679262807,3.817323
1610679262901,-1.272207
1610679262995,-2.559606
1610679263089,3.772223
1610679263183,0.302543
1610679263277,1.907562
1610679263366,2.543241
1610679263460,1.765336
1610679263554,-3.496424
1610679263648,1.037248
1610679263742,3.066858
1610679263836,-3.080238
1610679263930,-0.397725
1610679264024,3.612973
1610679264118,-1.917895
1610679264212,-2.031555
1610679264306,3.639099
1610679264400,-1.496707
1610679264494,-2.963179
1610679264585,2.988125
1610679264679,0.940733
1610679264773,-3.608514
1610679264867,1.754093
1610679264961,2.532909
1610679265055,-3.410166
1610679265149,0.214571
1610679265243,3.567367
1610679265337,-2.568556
1610679265431,-1.465578
1610679265525,-3.197505
1610679265619,-1.237321
1610679265713,-2.722680
1610679265806,3.432210
1610679265900,0.255847
1610679265994,-3.790299
1610679266088,2.300493
1610679266182,1.873008
1610679266276,-3.514586
1610679266370,1.243340
1610679266464,2.945897
1610679266558,-3.234728
1610679266652,-3.323852
1610679266746,3.742811
1610679266840,-2.220403
1610679266934,-1.831128
1610679267023,3.754038
1610679267117,-0.658275
1610679267211,-3.184176
1610679267305,3.152336
1610679267399,0.862850
1610679267493,-3.602623
1610679267587,1.948505
1610679267681,2.363504
1610679267775,-1.585260
1610679267869,0.494243
1610679267963,3.541983
1610679268057,-2.918155
1610679268151,-1.073718
1610679268241,3.753576
1610679268335,-1.589535
1610679268429,-2.510133
1610679268523,3.685298
1610679268617,-0.078489
1610679268711,-3.389194
1610679268805,2.901529
1610679268899,1.135826
1610679268993,-3.676899
1610679269087,1.436175
1610679269181,2.449817
1610679269275,-3.422154
1610679269369,0.000136
1610679269460,3.574373
1610679269554,-2.499745
1610679269648,-1.518901
1610679269742,3.703084
1610679269836,-1.172580
