1618477303474	-4.64457	249.351548	322.617859
1618477303569	-7.132364	257.639846	320.522098
1618477303664	-7.996548	244.281175	316.631125
1618477303759	-6.263815	249.312985	317.468224
1618477303854	-14.178644	260.498234	320.34655
1618477303949	-3.927126	240.660427	318.552944
1618477304044	-13.15534	237.893872	323.969564
1618477304139	-6.572401	257.652456	317.665426
1618477304234	-8.898727	253.376369	325.431645
1618477304329	-15.499268	244.560159	320.619644
1618477304424	-7.751724	247.536435	317.877513
1618477304519	-11.789286	224.164832	321.054558
1618477304608	-11.444641	242.121758	322.859386
1618477304703	-5.884562	245.886608	324.390224
1618477304798	-19.048161	252.444302	326.404177
1618477304893	-6.262961	252.590853	323.829922
1618477304988	-15.583641	243.452118	323.817192
1618477305083	-14.41505	239.530604	320.946677
1618477305178	-14.217474	245.249486	322.630858
1618477305273	-9.952949	249.231786	324.626543
1618477305368	-8.155664	241.209639	316.341188
1618477305463	-8.473944	239.058282	325.262692
1618477305558	-8.415928	242.811713	318.608221
1618477305653	-14.574552	225.443369	327.648878
1618477305748	-4.516107	244.89746	322.467871
1618477305844	-10.658492	259.991358	314.863749
1618477305938	-10.33175	251.059064	325.109123
1618477306032	-15.772267	248.05694	326.585388
1618477306126	-13.164664	234.481838	324.358139
1618477306220	-10.523297	235.423147	315.452741
1618477306314	-15.054012	255.959731	321.89949
1618477306408	-15.725178	258.276749	323.857553
1618477306502	-11.66648	266.199324	324.041413
1618477306596	-5.448366	229.426295	321.886428
1618477306690	-15.522623	239.285328	319.803833
1618477306784	-15.526404	244.537721	321.368936
1618477306878	-11.828461	241.736355	320.083537
1618477306972	-7.812936	247.677211	321.869133
1618477307060	-7.889036	244.915018	314.722919
1618477307154	-8.881837	250.037453	322.936315
1618477307248	-11.389781	248.019937	318.813837
1618477307342	-10.05887	256.84377	324.661814
1618477307436	1.294861	238.970738	321.157234
1618477307530	-7.914568	251.035249	313.781766
1618477307624	-16.366662	256.837209	320.399712
1618477307718	-8.516104	247.012157	318.839064
1618477307812	-10.819157	229.868116	331.235507
1618477307906	-11.461856	256.54893	326.325516
1618477308000	-7.764869	240.65822	318.987024
1618477308094	-9.487379	244.811191	326.375066
1618477308188	-1.151944	249.898521	322.140282
1618477308277	-12.007893	262.873897	318.378607
1618477308371	-7.450456	242.547102	320.058152
1618477308465	-16.517083	255.192228	319.078143
1618477308559	-16.946022	260.735159	322.462229
1618477308653	-15.237908	247.941238	321.120427
1618477308747	-9.287567	258.38223	317.17567
1618477308841	-13.071147	257.71556	326.88105
1618477308935	-12.426387	246.75698	324.456627
1618477309029	1.812373	248.950409	322.840042
1618477309123	-5.689577	257.444925	316.0822
1618477309217	-12.133101	245.529819	326.165157
1618477309311	-12.207453	249.159337	316.911277
1618477309405	-9.593579	243.937635	321.943053
1618477309498	3.974971	257.308425	315.388576
1618477309592	-1.148979	250.112929	318.653405
1618477309686	-7.384611	239.051547	316.638957
1618477309780	-14.888257	253.558199	313.246386
1618477309874	-8.696488	255.621363	318.253178
1618477309968	-11.518697	244.5801	313.849081
1618477310062	-5.928313	269.18054	326.180086
1618477310156	-9.237126	242.300363	320.260124
1618477310250	-12.876774	247.368052	315.283354
1618477310344	-12.67379	253.53335	323.189137
1618477310438	-10.36591	249.280982	324.389032
1618477310532	-6.609273	237.002396	319.451989
1618477310626	-11.066083	247.583373	322.434375
1618477310716	-8.188648	258.731129	320.243278
1618477310810	-3.413612	240.219792	316.915353
1618477310904	-2.426757	242.192293	318.706592
1618477310998	2.309863	232.697562	309.161642
1618477311092	15.858697	254.003291	325.282234
1618477311186	27.585332	259.547769	324.740077
1618477311280	50.515242	251.317845	319.743261
1618477311374	75.648874	291.41633	347.686363
1618477311468	61.319587	357.51517	386.685353
1618477311562	55.138653	395.374657	436.684987
1618477311656	-25.168186	371.138964	451.933865
1618477311750	-141.364526	255.678115	366.110005
1618477311844	-74.31854	194.997352	296.463178
1618477311937	-24.931345	208.304369	296.265062
1618477312031	57.692459	226.668994	305.57108
1618477312125	25.25712	345.30956	425.951287
1618477312219	-43.290622	245.653799	331.217139
1618477312313	-33.087908	219.746706	357.883941
1618477312407	-38.000751	250.463881	363.137822
1618477312501	-27.834124	249.083249	360.816408
1618477312595	-12.177488	241.495805	329.420032
1618477312689	-10.902423	241.299428	255.021551
1618477312783	-21.265299	249.742456	279.954819
1618477312877	-17.507137	237.3712	313.83265
1618477312971	-12.164171	241.656794	335.551014
1618477313065	-8.597781	245.341093	306.13206
1618477313157	-9.242456	233.082101	298.186731
1618477313251	-9.564134	251.621749	294.718023
1618477313345	-12.051926	245.639468	315.696826
1618477313439	-11.520473	247.106145	319.011722
1618477313533	-7.838583	243.566305	319.311089
1618477313627	-8.204805	226.379198	318.599425
1618477313721	-3.283195	245.454818	321.180212
1618477313815	-4.435668	253.511306	326.766405
1618477313909	-13.409927	244.564481	321.896883
1618477314003	-18.144633	244.936307	325.347954
1618477314097	-3.404054	247.530665	324.685845
1618477314191	-11.383351	248.335953	312.744461
1618477314285	-13.451085	241.731667	320.336059
1618477314374	-12.32168	232.895758	321.304047
1618477314468	2.597929	252.88512	315.146189
1618477314562	-17.321456	240.738709	323.822461
1618477314656	-3.863376	246.761058	316.002299
1618477314750	-8.672396	241.206645	316.606654
1618477314844	-10.663514	247.961035	331.587192
1618477314938	-9.551526	243.576661	329.8735
1618477315032	-10.943088	248.42087	314.851698
1618477315126	-11.089098	249.892553	322.212795
1618477315220	-14.608731	242.275805	325.599847
1618477315314	-10.91693	258.45924	321.607862
1618477315408	-11.472278	260.297922	314.881791
1618477315502	-9.46814	226.5008	320.556559
1618477315593	-8.129524	240.952462	315.310031
1618477315687	-7.808405	238.14434	317.997459
1618477315781	-16.951746	260.932391	325.657349
1618477315875	-4.398758	254.603833	316.519129
1618477315969	-9.91396	232.956215	316.666907
1618477316063	-8.187873	237.210452	321.123265
1618477316157	-7.005344	245.581505	322.764222
1618477316251	-8.794951	244.886473	316.095224
1618477316345	-14.254644	250.491392	319.322252
1618477316439	-4.251677	247.331031	323.66223
1618477316533	-11.606407	239.529544	314.887963
1618477316627	-8.989053	242.97393	324.446728
1618477316721	-15.288567	240.288081	317.199607
1618477316815	-11.6278	239.494394	312.986201
1618477316908	-11.99566	245.911901	324.041795
1618477317001	-15.369774	233.281796	318.781706
1618477317094	-18.151302	242.002712	323.829311
1618477317187	-5.656114	233.055923	317.037526
1618477317280	-15.414031	235.000235	314.847181
1618477317373	-7.328608	250.98972	316.867273
1618477317466	-11.547005	253.349762	319.13225
1618477317559	-3.680979	230.431681	318.031151
1618477317652	-9.956615	247.78201	322.065488
1618477317745	-9.119727	243.492549	321.726289
1618477317838	-9.015061	252.246108	323.207699
1618477317931	-10.029307	268.625108	313.698151
1618477318028	-15.678724	249.406508	318.673016
1618477318122	-5.522398	266.320028	312.730661
1618477318216	-11.750907	250.170624	321.367818
1618477318310	-3.258849	251.5717	320.194319
1618477318404	-11.828688	251.20924	313.938862
1618477318498	-9.235767	253.650599	314.036688
1618477318592	-5.275747	228.160884	323.383983
1618477318686	-4.23133	257.153255	320.862411
1618477318780	-9.614148	240.342809	323.723117
1618477318874	-9.93574	253.674062	316.204501
1618477318968	-5.217375	239.986021	323.373779
1618477319062	-11.211403	258.498668	322.373583
1618477319156	-7.092726	240.163405	316.776095
1618477319248	-6.603042	237.734655	320.280452
1618477319342	-8.71911	257.389026	327.649275
