1610678994218,247.456465934,315.751423146,423.981678195
1610678994312,247.708875232,315.383427234,425.966396506
1610678994406,250.190598681,313.011157033,422.960518598
1610678994500,246.662096636,315.019378796,423.979169123
1610678994594,245.127239902,315.322411456,425.985695355
1610678994687,245.248724240,314.177625040,423.996414856
1610678994781,244.485522822,313.486195293,426.993525480
1610678994875,244.336604334,311.898324138,423.970938893
1610678994969,243.492016116,310.585381727,428.030051747
1610678995063,241.604854192,309.732420080,424.028674915
1610678995157,240.833529126,307.727312835,424.038086494
1610678995251,242.265444043,303.683954270,427.057220006
1610678995345,238.428537959,303.290297308,431.079633626
1610678995439,237.355044011,300.285253036,425.117135884
1610678995533,234.263347450,298.559580732,425.142658414
1610678995627,231.337227794,296.352761949,424.153958771
1610678995721,229.386061812,293.204030585,424.202170236
1610678995815,230.383072118,287.593951458,425.226610381
1610678995907,224.447450233,287.071658759,426.250228514
1610678996001,223.011886020,282.897895392,425.279946860
1610678996095,220.880595303,279.120628275,424.305952512
1610678996189,216.814788619,276.731784494,425.318957307
1610678996283,214.214282714,273.039995346,422.362890076
1610678996377,209.164634178,271.066023831,424.400101376
1610678996471,211.309769364,263.345873355,424.434935958
1610678996565,204.966046538,261.988696090,426.475735504
1610678996659,202.987198600,257.106984243,428.512082907
1610678996753,199.228697005,253.512403872,424.545741681
1610678996847,195.039905137,250.357115845,423.584650784
1610678996941,192.762197709,245.782871052,425.636846653
1610678997035,191.140784257,240.670020737,425.656630868
1610678997123,187.603569890,237.060706262,425.699791365
1610678997217,184.981077794,232.643358733,421.731790574
1610678997311,180.421978667,229.702434771,423.787419937
1610678997405,179.904720362,223.725308156,424.805933269
1610678997499,177.857165109,219.057156022,426.830917195
1610678997593,172.804846636,216.776613693,427.880362905
1610678997687,169.472593358,213.343657224,424.884417004
1610678997781,167.974104342,208.784805431,426.927104980
1610678997875,164.489324349,205.850001033,424.945222017
1610678997969,160.833748221,203.298816902,426.941019415
1610678998063,153.922502773,203.536113703,424.854523620
1610678998157,132.935321287,214.888849606,431.317486588
1610678998251,64.777256899,262.625092709,425.758130975
1610678998342,130.317202127,208.318570057,425.764844991
1610678998436,157.011788695,184.042229853,427.683158768
1610678998530,202.437508777,145.568089877,427.397322059
1610678998624,152.320112764,180.691335651,427.703250061
1610678998718,67.176035925,243.012976073,428.851980303
1610678998812,60.762647706,244.800204778,429.333446111
1610678998906,191.883081502,140.536456229,429.624270322
1610678999000,190.481558275,137.806940563,441.469995568
1610678999094,159.808427136,157.869980336,483.319585181
1610678999188,150.852490318,162.624307060,650.331249362
1610678999282,141.163663853,163.726703051,324.339654307
1610678999376,138.831687184,162.687923747,324.368108695
1610678999470,134.794755760,162.639798717,274.368559326
1610678999563,133.619673731,161.411650788,335.370695648
1610678999657,129.071411778,162.787940297,402.413990945
1610678999751,129.539859215,158.792186955,311.432678693
1610678999845,130.033694027,157.132607329,466.438854836
1610678999939,126.677254098,156.971225078,436.431002223
1610679000033,125.892177276,155.342014752,429.464985264
1610679000127,124.142333615,154.667991386,428.461932898
1610679000221,123.020279060,153.599668192,425.500027684
1610679000315,122.948980220,151.809850911,426.488695829
1610679000409,122.330344838,150.397529034,427.520647978
1610679000503,122.227442427,148.657254481,430.546307241
1610679000597,116.656761835,151.216697012,425.541068758
1610679000691,120.237449014,146.973385622,426.533983310
1610679000780,117.850879544,147.469650176,430.538700166
1610679000874,118.341857836,145.806348243,426.544911164
1610679000968,119.168095728,143.973737010,425.571435044
1610679001062,117.041749898,144.415280098,426.548573030
1610679001156,115.500014752,144.406257917,426.567385024
1610679001250,117.800835770,141.495163629,432.575916289
1610679001344,116.109615530,141.594440313,427.584350442
1610679001438,114.719805972,141.480299454,427.613510498
1610679001532,115.297105943,139.929482580,426.618668213
1610679001626,112.988363976,140.830255144,425.610233598
1610679001720,111.569628940,141.284605019,424.615342933
1610679001814,112.507104973,140.203130561,428.616105840
1610679001908,111.281015359,140.908515074,425.618864547
1610679001997,113.122431879,139.398774626,425.633001389
1610679002091,112.303122504,139.937322710,428.618594800
1610679002185,114.937731363,137.764276209,427.610851409
1610679002279,112.367040843,139.626797445,425.593411214
1610679002373,110.722529523,140.877665208,426.637880930
1610679002467,112.832283858,139.233051730,427.587734397
1610679002561,114.147217018,138.127980292,425.644900797
1610679002655,112.063066180,139.624507321,424.621523927
1610679002749,115.091297439,137.267478520,424.596775789
1610679002843,115.557539675,136.965759958,427.627692276
1610679002937,114.158341969,138.051752046,425.608159555
1610679003031,115.446843397,137.124604204,431.616841141
1610679003125,115.920932654,136.742385952,426.611056384
1610679003219,115.916037994,136.826732838,429.647721605
