1618477337897,2.009544137,269.905018660,377.351928626
1618477337990,-20.268631321,256.610345171,376.786999456
1618477338083,-10.355573678,260.960829277,378.077492477
1618477338176,6.935980622,275.557947391,379.496293309
1618477338269,-0.924456188,265.987976522,380.236646371
1618477338362,-1.626772876,266.208707252,379.245369706
1618477338455,1.383495028,267.699311142,378.304278755
1618477338548,-6.547011910,260.560373902,379.101186635
1618477338641,-30.316460040,244.935443535,376.404644856
1618477338734,-39.498767069,240.126807462,379.135565809
1618477338823,-18.106714039,259.213396338,379.850352450
1618477338917,2.406368546,270.199262032,380.363557200
1618477339011,-36.166223817,241.597872101,377.233222918
1618477339105,0.390603022,269.446076829,377.333791127
1618477339199,-2.127144887,265.837683837,377.230706766
1618477339293,-40.911219394,238.079480922,379.094175195
1618477339387,-11.458301532,257.918676495,379.957265817
1618477339481,-10.216440362,261.098015378,379.964353336
1618477339575,-19.341920135,254.814506728,378.755547716
1618477339669,-10.141613038,260.894994620,379.995850160
1618477339763,-8.795204823,264.410359485,377.976697255
1618477339857,11.099563213,278.386718808,379.647607339
1618477339951,-6.678078392,264.463188741,381.097345852
1618477340041,10.395189336,280.605924143,380.656270390
1618477340152,-1.596991199,269.455275654,380.334154667
1618477340263,-54.282210142,226.164956211,374.702350630
1618477340374,-2.946617176,267.230049114,378.206692885
1618477340485,4.047127860,272.898867385,378.470246297
1618477340596,-27.806009110,245.796930710,378.478211308
1618477340707,8.920311183,276.770814011,380.583746366
1618477340818,16.042356612,281.310280968,376.763147267
1618477340929,3.270314383,269.839873675,384.388874337
1618477341040,-35.217029730,242.043190052,378.290342255
1618477341151,-3.268021985,266.250233864,380.167970335
1618477341262,1.517570742,270.023213065,380.396119957
1618477341373,-6.853773521,260.849921368,377.033589111
1618477341489,-6.118860998,264.877845723,379.113733203
1618477341568,-31.152321383,250.540141841,379.468062946
1618477341647,30.157961983,291.776933806,381.176792078
1618477341726,4.587377022,279.040954659,376.515381880
1618477341805,3.478218516,270.994033581,378.394966776
1618477341884,-11.929463132,260.569312457,378.943458861
1618477341963,-6.982881663,260.978673740,377.117717952
1618477342042,-28.484160734,248.035579718,378.487642778
1618477342121,-10.829969263,259.643086678,379.946374437
1618477342200,-15.215353683,254.391345426,377.817864787
1618477342279,-8.404358191,261.924655797,379.076062892
1618477342358,-11.060135689,262.955409678,378.998237779
1618477342437,23.941701444,287.909101946,378.023934368
1618477342510,-18.338288636,258.558694610,379.784958212
1618477342604,-12.323340870,258.277254027,378.931916636
1618477342698,-31.219644138,245.265736913,378.378177879
1618477342792,-11.546512059,262.594763962,376.983984968
1618477342886,5.997107115,273.603272389,381.498084564
1618477342980,-1.199285727,271.233162618,377.404417217
1618477343074,-36.619790136,241.520059734,379.190627497
1618477343168,8.923637096,278.256270447,377.642451986
1618477343262,-13.974296925,257.053078129,379.883536890
1618477343356,0.105585993,269.976233230,378.354743044
1618477343450,-0.584872810,269.981271092,378.275901628
1618477343544,5.322894984,273.844842511,376.507631478
1618477343638,-18.951969316,254.362158223,375.737670787
1618477343732,4.696745815,273.897565656,379.430674596
1618477343826,0.765575869,267.499631942,379.256867125
1618477343920,-10.919551269,259.318157199,379.973053397
1618477344014,-24.072064231,254.531613282,376.704847437
1618477344108,14.785382269,281.378240596,380.726312792
1618477344202,-5.081555205,267.612983508,377.261346808
1618477344296,-25.858547096,249.982459480,378.564583967
1618477344390,-16.941593178,256.852842366,382.796583007
1618477344484,-9.049331408,259.221925856,378.969250310
1618477344578,-42.804096745,237.934426414,378.009402089
1618477344672,-23.719997975,250.826688125,377.597948100
1618477344766,13.107103227,279.133804836,378.677132371
1618477344860,-8.345176255,266.002558339,378.960580849
1618477344949,-19.771285941,253.496134067,379.742965547
1618477345043,-7.169398247,263.098877455,376.082948176
1618477345137,-21.515331433,252.978447372,378.603945664
1618477345231,-34.215812152,242.044092880,376.290377935
1618477345325,-11.031874617,256.751879694,375.911153708
1618477345419,-16.925880819,255.864493004,376.797043444
1618477345513,-4.824606726,263.837528981,373.151660132
1618477345607,-0.144157850,268.049554239,375.318120453
1618477345701,-11.828165961,259.644423818,375.946427281
1618477345795,-25.757275168,250.057552123,373.567551647
1618477345889,23.586930640,286.163050830,372.954929980
1618477345983,-13.340637159,258.264428913,369.931409785
1618477346077,14.615138183,281.217986010,365.838540261
1618477346170,-20.366619533,252.571706812,354.666911687
1618477346264,-15.037002893,254.006581959,335.881699350
1618477346358,-13.267682999,257.318524068,306.933547639
1618477346452,-18.858942525,255.431137136,326.740396851
1618477346546,-2.970319182,270.919949911,350.352518713
1618477346640,-46.076379052,233.991035262,341.972119028
1618477346734,-13.161357688,257.655868626,395.907359326
1618477346828,14.288885269,279.976071058,409.828979720
1618477346922,-19.834884894,254.190470897,375.770405917
1618477347016,-25.600126186,250.657067618,348.630764911
1618477347110,-17.263927551,253.613832994,334.787137296
1618477347204,-19.533179913,257.638669108,300.867159339
1618477347298,-19.764073919,258.467462323,278.860393203
1618477347396,-29.269941519,252.160402802,279.611136590
1618477347490,-13.213795930,266.514927653,329.257471615
1618477347584,-37.865351397,246.752928692,427.476472337
1618477347678,-23.148882944,263.114089452,456.083549359
1618477347772,-15.910931630,270.222490348,462.324954932
1618477347866,-27.793439508,265.119144178,451.123269380
1618477347960,-48.820527459,279.650087729,446.946651120
1618477348054,-21.946125689,332.094335854,430.675572547
1618477348148,-59.875522083,361.418843475,409.739911003
1618477348242,12.862522609,327.415070894,404.937363194
1618477348336,-78.788369066,316.054865038,395.357850594
1618477348430,-2.022404237,448.901697986,392.142202533
1618477348524,48.613867552,344.815742936,388.637035800
1618477348621,47.171312401,261.678056449,387.829195680
1618477348716,32.911620149,231.607923066,387.261146818
1618477348811,-40.398291271,225.480183524,381.900416205
1618477348906,-57.879810929,246.796595333,387.150042423
1618477349001,-127.688668496,297.659452773,380.393737631
1618477349096,-132.195357018,403.202056313,383.521748659
1618477349191,-163.960985469,589.647997068,381.590886183
1618477349286,-5.558035032,559.967151750,380.393904399
1618477349381,-2.469600311,538.168803361,379.927630638
1618477349476,78.291917210,427.631406634,380.301595152
1618477349571,75.288592771,383.336417299,380.448018126
1618477349666,110.207616969,369.555247881,380.207551250
1618477349761,81.375903209,317.884147853,380.509184835
1618477349851,56.205975517,291.860205566,379.152556316
1618477349945,19.688164673,258.163358170,378.492692615
1618477350039,7.878594356,249.304560856,379.498272982
1618477350133,5.351890535,253.362983394,378.658662884
1618477350227,13.221063475,266.612888358,380.182302534
1618477350321,-11.323760243,245.896011047,379.521647245
1618477350415,15.824349056,267.992182839,387.434413891
1618477350509,-16.006168879,247.872998645,379.560258046
1618477350603,-5.556544641,256.587324851,380.983690972
1618477350697,4.673907653,264.207174972,380.166268636
1618477350791,-18.577118498,249.932632563,376.602135051
1618477350885,-3.895976851,261.784608380,379.149568696
1618477350979,5.788229930,271.223905538,381.404051375
1618477351072,-20.485130032,249.742336708,379.634134767
1618477351167,8.735114932,271.667511313,379.461103046
1618477351262,0.335375529,259.956155046,377.156348264
1618477351357,25.756226303,286.547087598,380.930586954
1618477351452,-10.760890774,257.211317754,379.889790561
1618477351547,-0.554301129,269.969920421,380.394013818
1618477351642,-23.800892626,249.766705134,378.595577557
1618477351737,19.134349135,280.119988121,381.795147102
1618477351832,-5.155536658,264.592146044,380.141962535
1618477351927,3.000413244,271.639743291,385.380965133
1618477352022,-13.325460865,256.792691773,378.873246354
1618477352117,-12.468549336,262.169582654,379.927661436
1618477352212,-8.142146167,260.377589596,380.054442695
1618477352306,-7.229171882,262.571565306,380.022588408
1618477352400,-4.878767656,264.797368915,379.150072996
1618477352494,-16.086963687,254.003555696,379.763018980
1618477352588,-25.824592468,248.266141528,379.536274897
1618477352682,-1.265747571,267.993415475,380.197341063
1618477352776,-11.518772009,258.873837930,379.955493786
1618477352870,-33.246969479,242.762485017,379.318768977
1618477352964,-30.383262856,247.368899860,380.461295419
1618477353058,-11.494563669,262.633283441,376.985507267
1618477353152,26.412061849,287.774881614,376.979109689
1618477353246,-41.481907959,237.656318122,379.077451692
1618477353340,-60.566922306,229.729358092,374.606095166
1618477353434,7.451844439,272.940457907,383.511410223
1618477353523,1.301822421,271.380246445,381.331189493
1618477353617,-5.672253598,262.209002942,379.126820621
1618477353711,-5.087155602,263.642850265,380.143966379
1618477353805,-1.534360201,264.794240514,380.189469617
1618477353899,-22.508849387,251.983253777,379.604135615
1618477353993,7.183306616,273.258348127,377.444932812
1618477354087,-14.036077269,259.007268304,377.881726474
1618477354181,0.986771909,268.146638020,380.321957228
1618477354275,-0.536895202,269.533855967,378.218699410
1618477354369,-11.834236900,258.639922246,376.946249378
1618477354463,-5.517799711,265.065024893,378.160650829
1618477354557,-15.346687000,258.035457553,379.843320263
1618477354651,-27.528004466,246.261574659,379.457053899
1618477354743,-47.379468195,230.800315557,377.846020966
1618477354837,-29.163965087,250.014498379,377.526329895
1618477354931,-8.904904509,260.329017701,379.973482607
1618477355025,13.257006657,275.503462358,380.652221074
1618477355119,-5.729809259,263.424830554,380.095829927
1618477355213,2.132238205,272.254500572,380.326219984
1618477355307,-3.172049873,267.287377295,380.287999024
1618477355401,-9.003151945,259.997662848,378.999907635
1618477355495,32.334910409,292.132625637,381.269889624
1618477355589,13.856664020,276.948105381,379.669793481
1618477355683,-31.062308802,244.382400300,380.382788446
1618477355777,10.534278756,276.743077696,379.543129963
1618477355871,-26.923024697,247.451659364,378.504086353
1618477355960,13.465103453,278.882250554,379.746231395
1618477356054,-13.257038347,256.101931593,378.845947335
1618477356148,-7.179386753,263.349975882,382.053351394
1618477356242,-35.121640322,242.113920834,375.293137554
1618477356336,-16.343640197,263.262202175,376.931321783
1618477356430,-13.483325659,258.417130939,379.897924351
1618477356524,-10.075434631,257.944065587,379.997789458
1618477356618,3.215301811,269.799082120,378.387262244
1618477356712,-24.848932146,248.248093775,377.535561645
1618477356806,-28.522618331,246.265568452,379.457211735
1618477356900,17.810083932,280.621042191,377.814948888
1618477356994,-4.629787655,268.947966953,378.274585440
1618477357088,-7.998682660,263.483967089,378.058646761
1618477357179,-47.052423635,234.525807799,378.914212862
1618477357273,-32.023816331,247.669447136,377.354612353
1618477357367,2.814544490,270.277437081,379.287606184
1618477357461,-9.982499963,261.012976192,380.000512822
1618477357555,-14.384660815,258.748795297,375.871511554
1618477357649,-6.472374202,262.615717399,377.103373824
1618477357743,-10.497915744,260.630797894,378.985409038
1618477357837,-10.692754209,270.193801839,380.126219870
1618477357931,-17.066826742,258.759982287,377.792913153
1618477358025,-47.950301566,232.601530817,378.917205456
1618477358119,23.891166548,285.164154846,379.875933096
1618477358213,15.059205208,280.322774120,381.763641000
1618477358307,-10.499907438,259.629321062,379.985350673
1618477358398,-7.562425550,263.548944762,380.100734952
1618477358492,-8.928996232,261.052648950,380.002080700
1618477358586,-19.545186392,256.405280929,380.778895264
1618477358680,-31.450752350,245.094371296,377.371405465
1618477358774,-18.813042711,254.723676481,380.712437824
1618477358868,-56.452348103,227.072819163,377.580148579
1618477358962,-20.265399817,253.646760740,377.669877837
1618477359056,-12.021700028,261.500919246,379.940755943
1618477359150,-3.731570793,267.648009818,380.183690543
1618477359244,-44.191379750,234.647257947,378.998053118
1618477359338,-5.264880796,272.735553328,378.226670542
1618477359432,-64.439761313,220.633181342,380.404692951
1618477359526,-22.835886699,252.482252343,377.623856166
