1618477949420,-22.722632468,273.591687396,378.870697766
1618477949514,-43.151633956,296.495781778,377.578879034
1618477949608,2.764776939,238.635385370,378.297440717
1618477949699,-12.074783651,254.245003935,378.082464299
1618477949794,-34.116889416,290.590566425,379.663177195
1618477949889,-34.549869036,284.069865741,378.706157547
1618477949984,-33.966493826,286.012784428,379.682438595
1618477950079,-20.524340917,263.090652708,379.974477526
1618477950174,4.480202118,232.539633086,379.359649138
1618477950269,20.886376556,210.409871402,378.617599102
1618477950364,-40.010877827,291.188195313,379.631465607
1618477950459,-16.540443085,263.998199365,380.024437777
1618477950554,-10.574140096,253.186852458,380.107590001
1618477950649,-37.888119179,287.276805172,380.667007560
1618477950744,-18.873593733,263.569657330,377.968629887
1618477950839,10.706832067,227.371244485,383.447160091
1618477950935,-23.352992561,266.970183954,378.927116607
1618477951029,-24.069695754,273.067689052,377.864886787
1618477951123,14.785575032,219.148709851,382.498708361
1618477951217,-52.908745163,313.620807423,376.382026374
1618477951311,6.600377134,230.631786431,380.395147832
1618477951405,-15.005068831,261.635439409,377.016658416
1618477951499,10.885031106,221.383817154,378.483630298
1618477951593,-33.213064737,284.864909305,376.745283327
1618477951687,-16.469600643,264.015575735,379.975394058
1618477951781,-5.491918234,245.588033917,377.175939804
1618477951875,-15.204063562,261.279875737,376.996583306
1618477951969,-4.661236407,246.820255917,379.173104862
1618477952063,-13.303573480,256.558792059,378.078633606
1618477952154,-24.557584733,266.507759575,378.957177631
1618477952248,-35.243590898,287.021313986,379.694542365
1618477952342,-20.835955791,268.261061532,375.935773500
1618477952436,-6.186083951,246.797065801,377.197803759
1618477952530,-30.564329069,279.975160190,378.756145293
1618477952624,23.833124347,203.625344694,377.700423908
1618477952718,-31.992631212,282.819556845,377.782460677
1618477952812,-25.827436316,271.363914634,374.885686290
1618477952906,1.426904037,240.841807410,379.258297045
1618477953000,0.908491223,239.181304538,380.266360397
1618477953094,6.591278523,232.387290403,377.361508922
1618477953188,2.858760975,231.391947417,377.349244172
1618477953282,-8.424104465,248.238051593,380.143588660
1618477953371,0.830055824,242.660392229,378.248303846
1618477953466,28.058465859,199.201748313,378.754426719
1618477953561,-0.052581783,239.127915677,378.267012162
1618477953656,-28.579671418,277.253177302,373.789374981
1618477953751,-41.407618914,294.475355807,378.591336289
1618477953846,-16.405538969,257.813176676,383.026696515
1618477953941,-18.946875559,265.041676831,377.950659624
1618477954036,-17.517160602,257.966267147,379.024827602
1618477954131,1.547679839,239.933136770,379.293805798
1618477954226,1.658519079,235.781119360,378.295661611
1618477954321,-22.094948631,269.730811133,374.881207256
1618477954416,-13.316728910,257.319860008,379.044926772
1618477954511,-30.957753302,281.143233909,374.766301364
1618477954605,-54.652769966,309.898221671,376.403055524
1618477954700,1.772869412,230.138236218,376.364549350
1618477954795,-6.869207585,251.733978443,378.186366026
1618477954890,-54.392697569,309.913041668,373.390666706
1618477954985,-41.557078752,292.565804182,374.639063695
1618477955080,-16.129374998,260.805926878,380.014577122
1618477955175,-11.166858486,256.371285728,376.080922664
1618477955270,1.778115083,231.502554270,378.347893895
1618477955365,-22.284453183,270.619206449,375.894777612
1618477955460,-55.007579210,310.270309335,376.447344706
1618477955555,18.614917915,214.525205448,374.579567423
1618477955650,-57.842128935,316.272467543,371.349655179
1618477955745,-17.015998009,263.393454026,374.982988856
1618477955839,-3.557225270,241.563065668,372.225076204
1618477955933,-68.467767361,331.845664060,371.171747091
1618477956027,-34.463265961,285.951088537,368.707607567
1618477956121,-22.292880521,268.630764650,365.894636510
1618477956215,-10.858498062,251.833827866,358.136315484
1618477956309,-78.302499469,343.705635190,344.990338087
1618477956403,8.384645715,226.556152224,322.408279064
1618477956497,-31.179454131,279.075786824,291.779332648
1618477956591,-31.081446487,282.312880666,307.764230333
1618477956685,-17.012903149,261.760721943,336.966297390
1618477956779,19.743674826,211.605588617,372.615209806
1618477956873,-44.819272476,294.039943836,379.584443856
1618477956967,2.027630923,234.531852719,422.335328325
1618477957060,-13.389452938,249.933551701,412.110682271
1618477957154,2.952013746,230.521024958,379.384292099
1618477957248,-22.219636195,259.301233800,346.996322569
1618477957342,-43.626874177,289.661529485,328.637895090
1618477957436,2.070895325,230.729489936,293.369539283
1618477957530,-24.924409161,259.896326215,280.001265639
1618477957624,-15.578001814,244.963073516,257.207985051
1618477957718,-36.393338201,282.369131511,317.775751526
1618477957812,-10.563803943,241.457550733,419.275195909
1618477957906,4.020073898,216.341041488,471.569607781
1618477958000,-20.154943137,243.639818115,470.248555012
1618477958094,-26.783668084,247.873634831,457.221284807
1618477958188,-67.448219680,303.843814255,454.892035623
1618477958278,-68.968889587,331.644557688,439.699141767
1618477958373,-94.852674792,399.800881093,419.416451746
1618477958468,22.512347147,312.353108556,407.276470928
1618477958563,-84.841000988,305.011006195,398.902202458
1618477958658,-99.349093161,449.679961440,394.759749049
1618477958753,43.226833569,388.976708816,390.585215823
1618477958848,44.877795853,281.740292865,389.746804632
1618477958943,44.199124960,203.897234387,385.220996706
1618477959038,-66.302229885,265.674426436,384.442411286
1618477959133,-41.915553261,215.797542119,382.185590047
1618477959228,-92.189389233,264.659161818,381.114031995
1618477959323,-106.325454185,322.186450149,385.547079221
1618477959418,-200.090883108,536.725235217,381.881275326
1618477959513,-65.304054445,631.875165163,379.793989714
1618477959607,-43.948148519,512.529472936,379.883665172
1618477959701,82.145975864,451.998028590,380.354053093
1618477959795,48.282177312,388.470553055,377.921008152
1618477959889,55.820853037,357.731752533,379.930027353
1618477959983,70.281989320,318.755685326,380.088437851
1618477960077,42.485041551,320.907447765,378.756971919
1618477960171,48.673080310,267.733248898,379.161959137
1618477960265,-6.110713895,311.668734738,379.479104462
1618477960359,42.843637154,224.812102034,380.466193942
1618477960453,34.690663250,220.650395108,380.480375941
1618477960547,8.003305230,250.023366386,380.134001618
1618477960641,4.872775536,252.316927170,380.081586268
1618477960733,-28.567346696,290.951399352,379.622148491
1618477960827,6.270431835,245.542461225,380.188704048
1618477960921,-14.625637462,268.715632415,378.905808351
1618477961015,-1.172210295,247.892575577,380.147806196
1618477961109,-46.866538759,307.076870585,378.449706187
1618477961203,-0.503527845,239.117906419,380.242718560
1618477961297,-5.572058460,248.440972356,380.141111424
1618477961391,-6.312820020,247.713911024,380.162195212
1618477961485,-28.411191423,281.508155098,377.725222751
1618477961579,-24.794197177,278.175889518,376.802526400
1618477961673,9.939631348,221.680444792,376.467801200
1618477961767,-10.319777556,254.952528709,377.061619012
1618477961861,0.709533734,241.197202345,380.229542626
1618477961950,-34.413418686,283.254234930,376.691698890
1618477962044,-4.733428187,243.919267850,377.171896134
1618477962138,-41.741447861,297.676231511,378.552260327
1618477962232,-27.749896005,278.486642461,375.786524862
1618477962326,-23.721891497,270.590671146,379.870710173
1618477962420,-35.029357422,288.842027752,380.647899483
1618477962514,-5.290830488,246.312239548,378.179306673
1618477962608,-41.150998316,292.751884878,377.612376246
1618477962702,-45.798364579,300.868831173,378.501077500
1618477962796,-51.213111134,310.923711506,379.427160142
1618477962890,-20.826974066,266.620255539,378.919180599
1618477962984,-37.362320871,288.555666191,378.675811150
1618477963078,-53.623029734,314.600457681,379.370066904
1618477963169,-3.058383078,245.135872225,380.266915030
1618477963263,-28.458006231,277.086311970,381.791412056
1618477963357,-18.576640580,264.419357240,379.007088427
1618477963451,-29.134786639,284.757549910,376.746593959
1618477963545,16.849086984,218.318577300,378.533258329
1618477963639,-30.740818636,284.217217848,379.753190278
1618477963733,-17.040663448,267.541820654,375.932346022
1618477963827,-8.916269267,248.541549243,375.152091489
1618477963921,-25.996232380,276.709958223,379.832630236
1618477964015,-15.145490504,255.713491828,377.064537150
1618477964109,1.368065818,236.807967098,379.307541754
1618477964203,-20.413150791,266.052691723,380.926109360
1618477964297,14.464972550,218.845395068,380.526826991
1618477964387,-11.669829737,255.432629671,380.055757989
1618477964481,-7.084126626,251.514792830,379.115794436
1618477964575,0.074745828,237.953284260,384.269144045
1618477964669,-35.400792137,288.236917459,377.691910300
1618477964763,-2.375513198,240.570820167,379.261605230
1618477964857,-28.353869877,280.315000209,377.776412356
1618477964951,8.187903476,221.339936451,376.471958091
1618477965045,-43.016990932,292.939604624,378.597876685
1618477965139,-20.453693408,267.108296431,379.925430544
1618477965233,-6.639057729,248.161350137,378.156732921
1618477965327,-33.044487044,285.376727994,376.714619302
1618477965421,-10.596304774,256.960276703,379.073732323
1618477965515,-37.619124722,287.164850785,377.704997980
1618477965608,16.835819105,214.965261806,380.549779466
1618477965703,-20.786413980,269.936139429,379.903116424
1618477965798,-20.748338247,268.140892970,377.937240506
1618477965893,-24.219842414,275.016642193,375.828886270
1618477965988,-0.557880710,241.192452056,380.241808514
1618477966083,-15.254337625,260.348827246,379.995741553
1618477966178,-19.352672790,264.226720272,377.960608530
1618477966273,-32.366293718,283.075064776,379.742717770
1618477966368,4.797687026,234.847223660,380.331478309
1618477966463,-27.752439807,273.375593649,378.836712124
1618477966558,19.955942089,209.571436288,380.652250427
1618477966653,-32.553091556,283.074285469,377.706103592
1618477966748,-10.139884314,249.219752643,378.131604154
1618477966842,4.095178330,233.439210602,380.336459291
1618477966936,19.532921026,211.266152656,380.594937811
1618477967030,-33.183738251,285.567712774,376.712287779
1618477967124,-2.539137359,242.909770428,376.208635770
1618477967218,-28.143619656,278.655126835,380.796675920
1618477967312,-3.442085650,246.148175346,377.193517450
1618477967406,22.870030419,210.317752666,378.667555268
1618477967500,-7.272686608,248.030380102,377.146123892
1618477967594,-28.684804996,278.768881881,378.770871415
1618477967688,-28.319801651,279.268275210,378.776982770
1618477967782,-23.384849774,271.756901634,378.893096643
