1618476501318,-0.021179
1618476501412,0.145845
1618476501506,-0.006087
1618476501600,-0.021179
1618476501694,0.216576
1618476501788,-0.013204
1618476501882,0.019477
1618476501975,-3.956469
1618476502069,0.140664
1618476502163,-0.037129
1618476502257,-0.045775
1618476502351,-0.021179
1618476502445,-0.033477
1618476502539,0.191011
1618476502633,0.029278
1618476502727,-0.047601
1618476502821,-0.110356
1618476502915,-0.031651
1618476503009,0.084058
1618476503103,-0.054718
1618476503192,0.047725
1618476503286,-0.047601
1618476503380,0.014186
1618476503474,0.194477
1618476503568,0.067140
1618476503662,0.151994
1618476503756,0.060023
1618476503850,-0.037129
1618476503944,-0.122654
1618476504038,0.210427
1618476504132,-0.133423
1618476504226,0.072618
1618476504320,0.021303
1618476504410,0.084916
1618476504504,0.030136
1618476504598,-0.067984
1618476504692,0.055700
1618476504786,0.128256
1618476504880,-0.039626
1618476504974,0.131721
1618476505068,0.030136
1618476505162,-0.083934
1618476505256,0.058494
1618476505350,0.093859
1618476505444,-0.064519
1618476505538,0.162763
1618476505631,0.057526
1618476505725,0.063675
1618476505819,0.041576
1618476505913,0.022161
1618476506007,0.014186
1618476506101,0.043402
1618476506195,-0.083934
1618476506289,0.014186
1618476506383,0.072618
1618476506477,0.147671
1618476506571,0.123075
1618476506665,0.068966
1618476506759,-0.004261
1618476506850,0.001888
1618476506944,0.014186
1618476507038,-0.146689
1618476507132,-0.005229
1618476507226,-0.013204
1618476507320,0.061849
1618476507414,0.112306
1618476507508,0.091065
1618476507602,0.112306
1618476507696,-0.091909
1618476507790,0.055700
1618476507884,0.043402
1618476507978,-0.027328
1618476508070,-0.013204
1618476508163,-0.291615
1618476508256,-0.041452
1618476508349,3.523009
1618476508442,0.125572
1618476508535,0.049551
1618476508628,0.174764
1618476508721,0.070792
1618476508814,0.001888
1618476508907,0.133547
1618476509000,0.043402
1618476509093,-0.027328
1618476509186,-0.021179
1618476509285,0.139696
1618476509379,0.055700
1618476509473,0.037253
1618476509567,0.033601
1618476509661,-0.027328
1618476509755,-0.151012
1618476509849,-0.127274
1618476509943,0.155646
1618476510037,0.008037
1618476510131,0.141522
1618476510225,0.054842
1618476510319,-0.040594
1618476510413,0.164589
1618476510513,-0.073165
1618476510607,-0.040594
1618476510701,-0.062693
1618476510795,0.048693
1618476510889,-0.007913
1618476510983,0.047725
1618476511077,0.104331
1618476511171,-0.010707
1618476511265,0.061849
1618476511359,0.067140
1618476511453,0.082122
1618476511547,0.154491
1618476511641,0.059726
1618476511733,-0.010256
1618476511828,0.206070
1618476511923,0.138398
1618476512018,0.371796
1618476512113,3.763163
1618476512208,0.380035
1618476512303,-0.121422
1618476512398,-0.630491
1618476512493,-0.305188
1618476512588,-0.247757
1618476512683,-0.202251
1618476512778,-0.246295
1618476512873,-0.967324
1618476512962,-1.615039
1618476513057,-3.210792
1618476513152,-7.737154
1618476513247,-7.668657
1618476513342,-6.048859
1618476513437,-0.039980
1618476513532,4.962165
1618476513627,2.002079
1618476513722,-6.156877
1618476513817,-0.657247
1618476513912,0.220942
1618476514007,-0.161408
1618476514102,0.475758
1618476514191,0.359191
1618476514285,0.390904
1618476514379,0.255593
1618476514473,0.163621
1618476514567,0.149497
1618476514661,0.212253
1618476514755,0.058494
1618476514849,0.084916
1618476514943,-0.033477
1618476515037,0.164292
1618476515131,0.115661
1618476515225,0.049551
1618476515319,0.020335
1618476515411,0.072618
1618476515505,0.120281
1618476515599,0.058494
1618476515693,0.139696
1618476515787,-0.027328
1618476515881,0.092891
1618476515975,0.100008
1618476516069,0.031104
1618476516163,0.136341
1618476516257,-0.037800
1618476516351,0.155646
1618476516445,0.046196
1618476516539,-0.031651
1618476516632,-0.092019
1618476516726,-4.771240
1618476516820,0.133547
1618476516914,0.092891
1618476517008,0.147671
1618476517102,0.076941
1618476517196,-0.048569
1618476517290,0.085884
1618476517384,0.112306
1618476517478,-0.039626
1618476517572,0.050519
1618476517666,-0.037129
1618476517760,0.008037
1618476517850,0.117597
1618476517946,-0.060009
1618476518042,0.049551
1618476518138,-0.065190
1618476518234,0.215718
1618476518330,0.029278
1618476518426,-0.006087
1618476518522,0.006211
1618476518618,0.030136
1618476518714,0.100008
1618476518810,0.041576
1618476518906,0.066469
1618476519002,0.183036
1618476519092,0.008037
1618476519186,0.032930
1618476519280,0.041576
1618476519374,0.070792
1618476519468,0.129224
1618476519562,0.120281
1618476519656,0.112306
1618476519750,0.078767
1618476519844,0.120281
1618476519938,0.025516
1618476520032,0.057526
1618476520126,-0.004261
1618476520220,-0.021179
1618476520313,0.090207
1618476520408,0.001888
1618476520503,0.021303
1618476520598,0.078767
1618476520693,-0.004261
1618476520788,0.014186
1618476520883,-0.052892
1618476520978,0.065501
1618476521073,0.016012
1618476521168,0.043402
1618476521263,0.155646
1618476521358,0.086742
1618476521453,0.056668
1618476521545,0.149497
1618476521639,0.071760
1618476521733,-0.056544
1618476521827,0.184862
1618476521921,0.001888
1618476522015,0.009863
1618476522109,-0.004261
1618476522203,0.015154
1618476522297,0.035427
1618476522391,-0.029154
1618476522485,0.014186
1618476522579,0.044260
1618476522673,0.008037
1618476522763,-0.010410
1618476522858,0.135373
1618476522953,0.000062
1618476523048,0.101834
1618476523143,-0.054718
1618476523238,0.096543
1618476523333,-0.019353
1618476523428,0.044931
1618476523523,0.118455
1618476523618,-0.114008
1618476523713,0.056668
1618476523808,0.049551
1618476523903,0.043402
1618476523999,-0.027328
1618476524093,0.119423
1618476524187,0.004682
1618476524281,0.133547
1618476524375,-0.007913
1618476524469,0.008037
1618476524563,-0.002435
1618476524657,0.114132
1618476524751,-0.037800
1618476524845,0.153820
1618476524939,0.075973
