1618477688074	15.167878	320.814147	437.661261
1618477688168	-10.522041	267.997228	413.348498
1618477688260	-7.246038	274.651363	501.613569
1618477688354	9.085509	186.168637	428.765145
1618477688448	-31.779238	320.953408	441.59256
1618477688542	18.968858	247.281399	407.729357
1618477688636	1.384152	215.832819	395.36262
1618477688730	-16.104233	290.336065	459.366773
1618477688824	2.666857	235.983764	347.325106
1618477688918	-28.794847	294.906921	439.825532
1618477689012	34.768864	316.256514	405.802145
1618477689106	-32.406284	320.911289	465.907287
1618477689200	9.534026	314.042676	515.629127
1618477689294	-11.060979	194.270445	489.37293
1618477689388	-48.523394	263.241032	451.638167
1618477689478	-48.750962	252.39555	392.589224
1618477689572	16.516873	281.436013	509.899578
1618477689666	-19.391807	283.807223	449.412643
1618477689760	-44.096201	270.764582	370.811915
1618477689854	-23.09989	327.943464	484.090048
1618477689948	-32.110964	338.113895	466.497977
1618477690042	-61.096831	274.224612	387.972305
1618477690136	-39.276859	314.272005	452.96924
1618477690230	-45.821747	273.304907	410.271614
1618477690324	-24.066697	320.17499	527.786724
1618477690418	-20.628019	339.651029	432.149075
1618477690512	-30.989726	212.891036	389.185155
1618477690606	-15.950112	252.106239	441.401905
1618477690695	-34.993693	280.750238	382.441058
1618477690789	-54.587126	269.079032	377.590821
1618477690883	-0.882585	336.890695	473.221445
1618477690977	-42.809506	278.049927	481.031089
1618477691071	-13.70723	203.948739	501.445382
1618477691165	-17.079375	257.692326	431.92362
1618477691259	-27.331561	225.58186	392.463198
1618477691353	2.369351	247.318761	478.596373
1618477691447	-19.288156	240.536751	432.47873
1618477691541	-41.550336	313.395537	471.273266
1618477691635	17.343379	253.563493	439.973369
1618477691729	-30.329294	317.709569	349.617394
1618477691823	29.656965	274.829687	414.25619
1618477691915	-26.041775	269.74596	379.12018
1618477692009	-7.428695	216.707408	405.6282
1618477692103	1.232305	260.383851	465.335891
1618477692197	8.927453	265.313937	452.053235
1618477692291	-47.774265	185.809374	496.645916
1618477692385	33.885073	297.537051	457.639712
1618477692479	-23.850072	346.693342	429.055178
1618477692573	1.740239	263.659269	518.311793
1618477692667	-3.306821	282.26105	478.779837
1618477692761	37.303348	347.857065	403.599595
1618477692855	-9.776967	261.25762	400.203801
1618477692949	20.424141	248.996429	480.207271
1618477693043	3.432354	322.642721	351.241852
1618477693132	-5.190468	308.255122	512.22773
1618477693226	-22.667558	319.06097	455.24913
1618477693320	-59.539908	239.806764	463.647309
1618477693414	45.465402	287.184637	428.169829
1618477693508	-36.348259	227.205576	437.27152
1618477693602	-4.250468	302.869455	391.431373
1618477693696	24.115693	304.491952	401.206362
1618477693790	-9.128789	270.778278	449.700699
1618477693884	-31.356626	298.980614	453.698147
1618477693978	-13.686455	297.788957	480.539574
1618477694072	1.705238	326.92953	427.944761
1618477694166	-56.920822	305.356612	386.802909
1618477694260	-34.175111	264.516947	442.647241
1618477694350	-39.02361	275.236385	405.409136
1618477694444	5.997696	264.255715	487.908915
1618477694538	-12.893807	208.259903	489.62289
1618477694632	-7.709112	308.496552	361.941219
1618477694726	-11.630409	291.019196	403.77976
1618477694820	-32.105656	298.260477	351.120111
1618477694914	-52.254018	270.716008	396.127872
1618477695008	-27.424793	258.885061	428.425863
1618477695102	-62.52308	247.728194	445.598494
1618477695196	-43.206452	239.087995	507.640213
1618477695290	22.036028	344.515298	380.000264
1618477695384	-34.528968	231.252802	478.009366
1618477695478	11.748982	174.297145	348.960613
1618477695575	-78.104808	255.018284	527.495502
1618477695670	-44.259104	279.36192	451.071084
1618477695765	-82.184962	271.691092	416.083474
1618477695860	-42.44634	279.365378	379.1861
1618477695955	-23.677411	297.811944	410.714094
1618477696050	-6.50531	191.324687	395.061872
1618477696145	-36.390074	264.740214	415.661983
1618477696240	-40.987234	200.137994	464.384468
1618477696335	-46.0553	222.943172	339.561338
1618477696430	-38.741745	290.543702	463.714632
1618477696525	-37.235685	262.499929	501.67613
1618477696620	-58.016153	203.782907	412.208688
1618477696715	-13.69416	192.449311	432.715758
1618477696804	-24.404567	220.213957	457.09088
1618477696898	-5.69199	136.276658	444.357798
1618477696992	26.45076	223.374666	464.759518
1618477697086	75.648774	268.928726	360.131872
1618477697180	0.743361	207.489954	550.451364
1618477697274	22.779873	112.639979	457.391382
1618477697368	48.111813	89.17124	438.600111
1618477697462	-72.114644	146.350056	420.822183
1618477697556	-169.292052	99.866623	458.382198
1618477697650	-230.162955	-47.298523	502.912999
1618477697744	-230.997933	-195.500624	550.251358
1618477697838	-108.806159	-315.547584	627.516516
1618477697932	4.146239	-316.086219	697.455505
1618477698024	-12.479913	-265.294109	615.701587
1618477698118	102.283795	-139.868449	520.082103
1618477698212	64.928408	-45.418935	480.630385
1618477698306	30.576971	82.540494	414.795902
1618477698400	71.567183	-52.845746	504.354847
1618477698494	103.135651	223.771696	425.693257
1618477698588	-29.076651	576.712801	276.060988
1618477698682	-170.529999	522.036019	351.630785
1618477698776	-214.817141	318.263903	497.256529
1618477698870	82.638861	141.160989	516.2562
1618477698964	80.011627	272.33317	432.582763
1618477699058	-19.864436	374.605095	387.281957
1618477699152	-38.266725	463.469975	420.851987
1618477699243	-123.320378	352.501698	451.940978
1618477699337	-59.228481	325.255231	470.707141
1618477699431	-28.608605	217.759583	384.941571
1618477699525	-16.103726	226.176516	332.830707
1618477699619	-63.118349	254.624089	348.810229
1618477699713	-18.744081	225.162788	308.566223
1618477699807	31.185911	228.760215	295.181705
1618477699901	7.268644	219.302054	326.133273
1618477699995	3.378041	212.198158	358.190595
1618477700089	-23.917878	305.994716	515.143151
1618477700183	18.487457	261.244137	596.951703
1618477700277	4.272929	239.687368	772.373275
1618477700371	-26.738777	220.092807	1019.213214
1618477700460	2.534691	253.918194	1174.044132
1618477700554	-23.578787	233.669366	1057.398095
1618477700648	-53.501006	273.510521	747.451974
1618477700742	-44.758787	218.526267	871.635704
1618477700836	44.981662	242.372726	794.880742
1618477700930	-33.087311	322.956862	728.841722
1618477701024	-2.673368	289.069073	252.770641
1618477701118	1.179749	252.324736	467.787267
1618477701212	23.184474	369.492334	709.244286
1618477701306	-26.065542	257.687728	417.218663
1618477701400	-15.626884	341.590766	367.25085
1618477701494	-6.971122	290.295298	417.376534
1618477701588	-26.427896	334.480203	377.422003
1618477701687	-14.490281	273.959114	426.964987
1618477701781	-52.602408	290.418313	408.11282
1618477701875	-33.542243	217.45354	360.717902
1618477701969	-22.96131	330.071711	439.398399
1618477702063	9.307418	236.582401	377.04546
1618477702157	-15.614832	267.277398	402.481792
1618477702251	12.399254	212.342269	416.282631
1618477702345	-52.618217	329.136848	476.843311
1618477702439	-36.674312	205.369951	475.371409
1618477702533	-7.851029	276.15222	446.185371
1618477702627	-69.154632	264.807016	494.864183
1618477702721	-30.170414	340.506136	491.772668
1618477702815	-10.776246	299.645627	540.753755
1618477702910	-30.434666	321.908125	448.157122
1618477703004	-25.475336	207.444742	423.678193
1618477703098	-31.88849	248.330945	419.015151
1618477703192	-1.686374	331.985572	466.66733
1618477703286	-71.725767	274.94388	474.35056
1618477703380	-41.072632	272.188805	529.562177
1618477703474	2.333857	248.64916	399.098873
1618477703568	-15.205057	265.297825	428.026004
1618477703662	10.113003	269.354241	390.469073
1618477703756	-6.037638	254.745445	420.956984
1618477703850	4.197744	269.726409	376.869199
1618477703944	-33.854002	245.716752	418.10766
1618477704038	-10.353305	250.818143	530.982056
1618477704127	-11.891336	220.401725	440.588709
1618477704222	-28.621401	241.424685	433.148665
1618477704317	4.225327	216.40543	491.137289
1618477704412	-69.934721	224.333012	507.617234
1618477704507	-8.219748	315.316937	447.701646
1618477704602	-17.636204	335.521421	454.830706
1618477704697	34.152171	268.48173	365.501853
1618477704792	-37.530716	269.734405	479.827199
1618477704887	-102.082082	312.724231	388.244822
1618477704982	34.962648	253.038096	472.279184
1618477705077	18.041583	307.945343	426.7968
1618477705172	3.988894	256.347622	408.518764
1618477705267	32.914963	196.925343	530.877857
1618477705361	-14.729413	282.023415	486.085667
1618477705457	-3.286585	285.996276	449.649928
1618477705553	15.416201	233.632773	478.581823
1618477705649	-9.249659	297.985856	395.636979
1618477705745	-23.646511	206.111747	479.364198
1618477705841	-7.48038	296.783243	420.846369
1618477705937	-63.082322	284.398656	461.875506
1618477706033	8.670924	304.564888	441.538286
1618477706129	-44.555319	302.949382	266.835381
1618477706225	-25.568744	278.053368	412.801274
1618477706321	6.117422	280.055665	482.659167
1618477706417	-33.033926	280.036936	469.541845
1618477706513	16.383202	324.524049	453.477503
1618477706612	-41.21494	294.683358	400.709709
1618477706704	0.49958	296.604643	458.719305
1618477706796	-17.95718	277.11222	437.859377
1618477706888	-30.156679	241.32323	364.574525
1618477706980	-43.952287	309.906122	432.840883
1618477707072	-0.090823	325.058956	453.680715
1618477707164	-29.880192	303.217986	451.115005
1618477707256	5.617252	287.24223	395.292865
1618477707348	-12.078449	279.227941	442.13213
1618477707440	-21.775912	234.100592	417.002405
1618477707532	-56.900847	298.036559	431.278202
1618477707624	-45.409205	344.129656	420.087617
1618477707716	-6.45254	301.523727	392.656976
1618477707813	23.194681	302.901157	360.086262
1618477707907	-35.140602	224.175305	385.335367
1618477708001	-32.730824	197.394365	468.735937
1618477708095	-45.634884	298.898572	492.019021
1618477708189	14.807397	316.61569	528.486823
1618477708283	-46.119023	307.444406	484.648043
1618477708377	-49.96205	339.996714	464.310559
1618477708471	6.168158	328.213202	456.860853
1618477708565	-15.374646	273.873732	429.48945
1618477708659	0.233021	250.384606	465.232205
1618477708753	-56.966373	202.993773	391.391012
1618477708847	-9.064668	260.058867	457.199822
1618477708941	-2.739134	338.408429	416.901099
1618477709032	1.107051	248.236696	408.737705
1618477709127	-9.616649	198.038963	461.325836
1618477709222	-4.830243	174.47729	487.687253
1618477709317	-35.033962	249.231485	432.450066
1618477709412	-28.540389	277.742643	523.023071
1618477709507	-28.015192	367.302382	391.802187
1618477709602	-16.136879	255.144677	472.595307
1618477709697	-42.982698	234.104432	432.688802
1618477709792	-30.740868	278.346017	414.639049
1618477709887	3.341224	254.66819	503.630435
1618477709982	-29.421912	266.846327	377.856926
1618477710077	-17.514883	332.607015	372.954831
1618477710172	-56.146884	271.896096	441.48489
1618477710267	14.069196	317.265985	472.351232
