1616035543914,160.035250241,228.833679856,-476.007501381
1616035544008,161.035260623,228.833668160,-477.007501456
1616035544102,160.035254324,225.833675257,-476.007501411
1616035544196,160.035250241,228.833679856,-476.007501381
1616035544290,159.035257242,223.833671969,-476.007501432
1616035544382,163.035258671,227.833670359,-475.007501442
1616035544476,160.035259001,228.833669987,-482.007501444
1616035544570,160.035263800,225.833664580,-470.007501479
1616035544664,161.035262202,228.833666381,-476.007501468
1616035544758,163.035248996,225.833681259,-479.007501372
1616035544852,160.035255903,225.833673477,-475.007501422
1616035544946,163.035247874,226.833682523,-475.007501364
1616035545040,158.035259633,228.833669275,-478.007501449
1616035545134,162.035253951,224.833675677,-473.007501408
1616035545228,161.035260623,228.833668160,-477.007501456
1616035545322,159.035247497,229.833682948,-477.007501361
1616035545416,159.035253159,226.833676569,-476.007501402
1616035545510,158.035259633,228.833669275,-478.007501449
1616035545601,163.035262952,226.833665536,-477.007501473
1616035545695,161.035251405,227.833678545,-476.007501389
1616035545789,159.035253357,228.833676345,-478.007501404
1616035545883,161.035257266,226.833671942,-477.007501432
1616035545977,160.035265121,226.833663093,-476.007501489
1616035546071,161.035264706,225.833663560,-477.007501486
1616035546165,160.035248463,226.833681859,-475.007501368
1616035546259,161.035248246,227.833682103,-478.007501367
1616035546353,160.035259260,227.833669695,-475.007501446
1616035546447,161.035256342,229.833672983,-475.007501425
1616035546541,160.035254720,229.833674810,-480.007501413
1616035546635,163.035251490,227.833678449,-468.007501390
1616035546729,161.035260623,228.833668160,-477.007501456
1616035546818,158.035259633,228.833669275,-478.007501449
1616035546912,160.035263541,226.833664872,-477.007501477
1616035547006,159.035248421,226.833681907,-479.007501368
1616035547100,159.035261056,226.833667672,-471.007501459
1616035547194,159.035251580,226.833678348,-477.007501391
1616035547288,159.035254738,226.833674789,-475.007501414
1616035547382,164.035264315,227.833664001,-479.007501483
1616035547476,160.035262815,231.833665690,-477.007501472
1616035547570,161.035249628,225.833680547,-475.007501377
1616035547664,164.035249237,227.833680988,-477.007501374
1616035547758,161.035260623,228.833668160,-477.007501456
1616035547852,161.035257266,226.833671942,-477.007501432
1616035547946,162.035250066,229.833680053,-475.007501380
1616035548036,164.035263192,228.833665265,-475.007501475
1616035548130,162.035262046,226.833666556,-470.007501467
1616035548224,160.035262617,229.833665913,-475.007501471
1616035548318,161.035261547,225.833667119,-479.007501463
1616035548412,159.035256516,228.833672787,-476.007501426
1616035548506,161.035264904,227.833663337,-479.007501487
1616035548600,162.035261787,227.833666848,-477.007501465
1616035548694,162.035247633,224.833682794,-477.007501362
1616035548788,160.035251820,228.833678077,-475.007501392
1616035548882,162.035255927,228.833673450,-476.007501422
1616035548976,161.035260623,228.833668160,-477.007501456
1616035549070,162.035264946,227.833663289,-475.007501488
1616035549164,162.035250990,226.833679012,-477.007501386
1616035549256,161.035251405,227.833678545,-476.007501389
1616035549350,160.035265121,226.833663093,-476.007501489
1616035549444,159.035265078,226.833663140,-480.007501489
1616035549538,162.035253494,223.833676192,-478.007501405
1616035549632,161.035262004,226.833666604,-474.007501466
1616035549726,160.035263541,226.833664872,-477.007501477
1616035549820,160.035263739,228.833664649,-479.007501479
1616035549914,161.035259967,225.833668898,-480.007501451
1616035550008,163.035259793,226.833669095,-479.007501450
1616035550102,158.035258053,228.833671055,-479.007501438
1616035550196,159.035251778,228.833678125,-479.007501392
1616035550290,158.035262136,225.833666455,-479.007501467
1616035550384,161.035250948,226.833679060,-481.007501386
1616035550477,164.035259378,225.833669562,-480.007501447
1616035550571,161.035248445,229.833681880,-480.007501368
1616035550665,158.035253315,228.833676393,-482.007501403
1616035550759,160.035253141,229.833676589,-481.007501402
1616035550853,159.035251122,225.833678863,-482.007501387
1616035550947,161.035264249,224.833664075,-482.007501483
1616035551041,160.035257223,226.833671990,-481.007501432
1616035551135,163.035248996,225.833681259,-479.007501372
1616035551229,160.035255187,225.833674284,-487.007501417
1616035551323,160.035255187,225.833674284,-487.007501417
1616035551417,160.035263749,223.833664638,-491.007501479
1616035551511,159.035256922,227.833672329,-492.007501429
1616035551605,158.035254178,228.833675420,-493.007501410
1616035551693,164.035264919,228.833663320,-497.007501487
1616035551787,159.035259365,227.833669577,-502.007501447
1616035551881,160.035247894,226.833682500,-510.007501364
1616035551975,158.035264924,227.833663314,-514.007501487
1616035552069,161.035255584,222.833673836,-520.007501420
1616035552163,160.035256396,227.833672922,-523.007501426
1616035552257,94.076170119,299.890425726,-520.544056496
1616035552351,160.035263379,225.833665055,-528.007501476
1616035552445,160.035257665,226.833671492,-550.007501435
1616035552539,159.035259548,228.833669371,-578.007501448
1616035552633,158.035252024,222.833677847,-615.007501394
1616035552727,159.035250833,224.833679189,-637.007501385
1616035552821,159.035254906,226.833674601,-625.007501415
1616035552921,156.035253241,233.833676476,-605.007501403
1616035553015,158.035248510,225.833681806,-580.007501368
1616035553109,156.035249970,224.833680162,-534.007501379
1616035553203,159.035255404,224.833674040,-484.007501418
1616035553297,156.035250442,226.833679630,-455.007501382
1616035553391,156.035257537,223.833671637,-430.007501434
1616035553485,156.035260548,223.833668244,-405.007501456
1616035553579,152.035250608,223.833679443,-381.007501384
1616035553673,158.035251009,223.833678991,-380.007501387
1616035553767,155.035251141,222.833678842,-385.007501388
1616035553861,152.035260292,220.833668532,-389.007501454
1616035553955,155.035252004,222.833677870,-396.007501394
1616035554049,61.394867287,322.949767636,-410.350724865
1616035554138,148.035247894,219.833682500,-429.007501364
1616035554232,153.035252016,220.833677856,-448.007501394
1616035554326,149.035255533,213.833673894,-460.007501419
1616035554420,148.035261550,214.833667115,-467.007501463
1616035554514,146.035258565,213.833670478,-470.007501441
1616035554608,149.035261602,209.833667057,-475.007501463
1616035554702,152.035259107,197.833669868,-475.007501445
1616035554796,148.035251092,199.833678898,-475.007501387
1616035554890,148.035251690,184.833678224,-476.007501392
1616035554984,148.035261435,178.833667245,-475.007501462
1616035555078,156.035260482,162.833668319,-473.007501455
1616035555172,166.035248497,149.833681821,-479.007501368
1616035555266,199.035262758,125.833665754,-475.007501472
1616035555359,232.035256347,117.833672977,-478.007501425
1616035555453,256.035248206,123.833682149,-475.007501366
1616035555547,270.035258645,131.833670388,-479.007501442
1616035555641,278.035254917,145.833674588,-476.007501415
1616035555735,273.035265026,155.833663199,-477.007501488
1616035555829,263.035247520,166.833682922,-476.007501361
1616035555923,252.035249062,182.833681184,-478.007501372
1616035556017,242.035250647,198.833679399,-476.007501384
1616035556111,223.035263217,215.833665237,-475.007501475
1616035556205,202.035261280,235.833667420,-477.007501461
1616035556299,182.035253397,246.833676301,-475.007501404
1616035556393,158.035258635,260.833670399,-478.007501442
1616035556487,142.035247116,263.833683376,-477.007501358
1616035556578,128.035251029,260.833678969,-475.007501387
1616035556673,122.035252933,255.833676823,-475.007501401
1616035556768,121.035247558,249.833682879,-476.007501362
1616035556863,122.035255309,242.833674147,-477.007501418
1616035556958,129.035247657,240.833682768,-475.007501362
1616035557053,130.035257185,235.833672033,-477.007501431
1616035557148,138.035248463,229.833681860,-479.007501368
1616035557243,141.035255969,231.833673403,-476.007501423
1616035557338,144.035253602,229.833676070,-475.007501405
1616035557433,146.035251193,227.833678784,-478.007501388
1616035557528,149.035258699,229.833670328,-475.007501442
1616035557623,153.035257695,228.833671459,-476.007501435
1616035557718,155.035247845,227.833682555,-479.007501364
1616035557810,156.035251047,227.833678949,-473.007501387
1616035557904,156.035250589,226.833679464,-478.007501384
1616035557998,155.035263381,228.833665053,-476.007501476
1616035558092,156.035249665,229.833680505,-476.007501377
1616035558186,158.035258053,228.833671055,-479.007501438
1616035558280,155.035260481,227.833668320,-471.007501455
1616035558374,158.035247713,228.833682704,-474.007501363
1616035558468,158.035259633,228.833669275,-478.007501449
1616035558562,154.035257280,227.833671926,-477.007501432
1616035558656,73.489650030,322.083342878,-474.394887412
1616035558750,160.035247082,228.833683415,-478.007501358
1616035558844,158.035253772,229.833675878,-477.007501407
1616035558938,158.035253574,227.833676101,-475.007501405
1616035559029,158.035262791,228.833665717,-476.007501472
1616035559123,158.035264371,228.833663937,-475.007501483
1616035559217,158.035262791,228.833665717,-476.007501472
1616035559311,155.035255285,226.833674173,-479.007501418
1616035559405,160.035250241,228.833679856,-476.007501381
1616035559499,158.035247058,225.833683442,-477.007501358
1616035559593,158.035261014,226.833667719,-475.007501459
1616035559687,161.035249826,227.833680324,-477.007501378
1616035559781,159.035248878,227.833681392,-474.007501371
1616035559875,159.035254937,228.833674566,-477.007501415
1616035559969,159.035256714,230.833672563,-478.007501428
1616035560063,159.035254738,226.833674789,-475.007501414
1616035560157,160.035251820,228.833678077,-475.007501392
1616035560249,163.035253734,225.833675921,-476.007501406
1616035560343,159.035258096,228.833671007,-475.007501438
1616035560437,156.035264744,229.833663518,-478.007501486
1616035560531,158.035257855,226.833671278,-477.007501436
1616035560625,163.035258671,227.833670359,-475.007501442
1616035560719,158.035247058,225.833683442,-477.007501358
1616035560813,160.035265121,226.833663093,-476.007501489
1616035560907,162.035255927,228.833673450,-476.007501422
1616035561001,161.035252985,227.833676765,-475.007501401
1616035561095,160.035261763,224.833666875,-476.007501464
1616035561189,159.035254738,226.833674789,-475.007501414
1616035561283,156.035247431,226.833683022,-480.007501361
1616035561377,160.035250042,226.833680080,-474.007501380
1616035561468,158.035251994,227.833677881,-476.007501394
1616035561562,159.035252504,223.833677307,-479.007501397
1616035561656,163.035257290,229.833671915,-478.007501432
1616035561750,160.035254522,227.833675033,-478.007501412
1616035561844,162.035264946,227.833663289,-475.007501488
1616035561938,160.035265121,226.833663093,-476.007501489
1616035562032,162.035254149,226.833675453,-475.007501409
1616035562126,158.035262791,228.833665717,-476.007501472
1616035562220,160.035259260,227.833669695,-475.007501446
1616035562314,159.035261453,230.833667225,-475.007501462
1616035562408,162.035260208,227.833668627,-478.007501453
1616035562502,160.035263343,224.833665095,-475.007501476
1616035562596,158.035264371,228.833663937,-475.007501483
1616035562686,161.035251405,227.833678545,-476.007501389
1616035562781,159.035251580,226.833678348,-477.007501391
1616035562876,161.035252985,227.833676765,-475.007501401
1616035562971,160.035260382,226.833668431,-479.007501454
1616035563066,162.035254347,228.833675230,-477.007501411
1616035563161,163.035255314,225.833674141,-475.007501418
1616035563256,160.035263739,228.833664649,-479.007501479
1616035563351,158.035264371,228.833663937,-475.007501483
1616035563446,158.035261212,228.833667496,-477.007501460
1616035563541,160.035259458,229.833669472,-477.007501448
1616035563636,160.035254522,227.833675033,-478.007501412
1616035563731,158.035257855,226.833671278,-477.007501436
1616035563826,158.035249034,229.833681216,-480.007501372
1616035563920,160.035250241,228.833679856,-476.007501381
1616035564014,160.035254522,227.833675033,-478.007501412
1616035564108,156.035249010,226.833681243,-479.007501372
1616035564202,161.035263782,228.833664601,-475.007501479
1616035564296,159.035258096,228.833671007,-475.007501438
1616035564390,161.035263782,228.833664601,-475.007501479
1616035564484,160.035265121,226.833663093,-476.007501489
1616035564578,159.035257440,225.833671746,-478.007501433
1616035564672,161.035249826,227.833680324,-477.007501378
1616035564766,160.035251622,226.833678300,-473.007501391
1616035564860,159.035256516,228.833672787,-476.007501426
1616035564954,161.035264507,223.833663783,-475.007501484
1616035565048,158.035257855,226.833671278,-477.007501436
1616035565139,160.035260839,227.833667916,-474.007501458
1616035565234,163.035250377,223.833679703,-476.007501382
1616035565329,158.035261014,226.833667719,-475.007501459
1616035565424,158.035256276,226.833673058,-478.007501425
1616035565519,156.035261386,227.833667300,-478.007501462
