1618477153320,-1015.491611616,-245.388451535,953.042374591
1618477153414,-619.390071955,-147.658676010,1025.589705214
1618477153508,1280.570307221,962.098603907,-849.188222642
1618477153602,-502.477843890,105.348187695,372.481286224
1618477153696,-1060.856497017,-453.030446161,1326.961471662
1618477153789,1091.110757358,775.639057514,-666.728674257
1618477153883,2.535912607,405.719956708,-203.079802891
1618477153977,-1361.228258924,-523.577783417,1533.603463991
1618477154071,747.374107127,614.361947830,-227.262246410
1618477154165,608.279424728,682.909310180,-668.728675447
1618477154259,-1360.228272072,-451.030432948,1350.143914637
1618477154353,1259.387850748,1030.645954024,-899.553110622
1618477154447,1071.928315302,962.098603728,-878.370666194
1618477154541,-1200.951171832,-404.665538785,1048.772148049
1618477154635,-415.748074341,-9.564023045,907.677487786
1618477154729,1191.840529833,963.098608646,-970.100440651
1618477154823,-782.667174441,-56.928905431,630.488164860
1618477154917,-896.579383872,-405.665571424,1298.779028650
1618477155006,1188.840521976,960.098620473,-670.728674897
1618477155100,-201.106088650,288.807752786,27.744632093
1618477155194,-1338.045810174,-521.577791230,1534.603464336
1618477155288,885.468760751,660.726846591,-367.356908284
1618477155382,379.455014690,614.361941028,-481.269125267
1618477155476,931.833637354,963.098628699,-829.005780179
1618477155570,373.455002400,334.172636810,189.021737148
1618477155664,863.286317780,844.186394183,-855.188223000
1618477155758,-1340.045820371,-407.665558083,1232.231697380
1618477155852,-250.470972890,-10.564017826,724.217939077
1618477155946,1184.840537418,961.098597229,-1013.465327265
1618477156040,-898.579398758,-106.293782741,767.582825784
1618477156134,-734.302285490,-242.388456668,1139.501923296
1618477156226,1237.205418388,939.916162927,-831.005779197
1618477156320,-387.565633617,218.260416821,212.204180805
1618477156414,-1201.951149244,-451.030459906,1464.056133629
1618477156508,1001.380993271,751.456598672,-505.451568662
1618477156602,-180.923624730,310.990165699,4.562189889
1618477156696,-1432.775586367,-593.125118968,1488.238577087
1618477156790,562.914547502,498.449746811,-44.802698674
1618477156884,724.191651484,799.821514496,-645.546231291
1618477156978,-1431.775600941,-497.395322791,1307.779027638
1618477157072,-18.646544330,149.713097686,513.575946571
1618477157166,1167.658083139,985.281056925,-919.735553740
1618477157260,-1110.221384612,-244.388453407,955.042374674
1618477157354,-596.207619595,-150.658689257,1095.137036479
1618477157443,1211.022970126,962.098613565,-875.370666629
1618477157537,-642.572523025,104.348214452,420.846172160
1618477157631,-1106.221396899,-428.847983390,1393.508801491
1618477157725,-1012.491620921,-244.388437529,792.765269053
1618477157819,29.718342259,334.172646962,-135.532473138
1618477157913,-1382.410706616,-523.577777197,1533.603463716
1618477158007,794.738983911,568.997076268,-252.444690658
1618477158101,495.367223235,730.274172756,-621.363787241
1618477158195,-1476.140478321,-592.125111690,1414.691246085
1618477158289,238.360333480,335.172648191,235.386623764
1618477158383,961.016084414,935.916179871,-922.735554185
1618477158477,-1200.951154199,-428.848008887,1146.501923462
1618477158571,-366.383183821,-58.928915282,840.130157333
1618477158660,1211.022981494,987.281040013,-968.100440111
1618477158754,-874.396964873,-127.476211737,655.670607341
1618477158848,-1431.775597373,-545.760215282,1373.326358555
1618477158942,1145.475646237,914.733716224,-780.640891938
1618477159036,-317.018306136,267.625308755,102.291962793
1618477159130,-1244.316053353,-545.760208572,1424.691245378
1618477159224,910.651209396,659.726838937,-359.356907945
1618477159318,286.725238181,567.997057325,-401.721794739
1618477159412,-1453.958032557,-524.577784330,1439.691246232
1618477159506,450.002339153,426.902401907,28.562189074
1618477159600,795.738977214,847.186409066,-746.640892979
1618477159694,-1360.228256429,-479.212900054,1338.596585000
1618477159788,-107.376321971,102.348215688,609.758389904
1618477159880,1165.658092617,934.916155538,-861.917996669
1618477159975,-1288.680934066,-525.577774656,1385.873689364
1618477160070,-686.937389217,-249.388470446,1043.501923906
1618477160165,1284.570300357,958.098614239,-1010.917997338
1618477160260,-611.390055461,122.530621880,293.116399519
1618477160355,-1187.951166393,-434.847990532,1385.326358248
1618477160450,1139.293186953,798.821522093,-634.546231627
1618477160545,104.083227615,476.267310976,-250.079803935
1618477160640,-1311.228261690,-512.577779254,1399.238576687
1618477160735,851.556549485,615.997062519,-204.897359371
1618477160830,683.279445608,850.274165870,-630.363786937
1618477160925,-1382.958037932,-280.577776239,1439.873689434
1618477161020,14.630578157,477.260401921,324.116399263
1618477161111,-615.295397767,11.888635358,880.495044709
1618477161206,-1212.586280110,-348.753327914,1042.772148355
1618477161301,-425.748070510,-141.928915931,837.130157362
1618477161396,1302.022971181,1057.645942656,-925.735553679
1618477161491,-829.667167955,121.888641244,556.940834612
1618477161586,-978.126724834,-374.665555945,1279.596584405
1618477161681,1176.840540960,939.733704778,-785.640891432
1618477161776,-225.106090516,267.625312035,96.291962648
1618477161871,-1328.863379359,-520.577772047,1438.873689249
1618477161966,877.468744103,708.091758770,-389.539352952
1618477162061,297.907669802,544.814631736,-436.904239093
1618477162156,-1367.228250918,-593.125126148,1441.873690285
1618477162251,743.374109047,611.361944940,-247.444689842
1618477162344,766.556545201,914.733722365,-759.458448650
1618477162438,-1246.316049612,-434.847996404,1211.049253589
1618477162532,-91.193868693,104.348201059,558.940834111
1618477162626,1184.840523933,912.733730408,-969.100441044
1618477162720,-970.126713588,-108.293806596,790.765270399
1618477162814,-666.754949930,-222.206020454,1075.954592942
1618477162908,1254.387852253,1032.645951758,-898.553110522
1618477163002,-505.477834943,151.713061347,281.751512581
1618477163096,-1129.403843047,-475.212866614,1392.508801319
1618477163190,1024.563421751,847.186395609,-620.363787465
1618477163284,49.900805501,496.449722254,-251.444689626
1618477163378,1185.840527409,940.916168736,-827.005779454
1618477163472,652.644319254,564.997081233,-159.714916639
1618477163561,654.644317149,774.639076439,-669.728675094
1618477163655,-1410.593152225,-497.395330553,1347.143915101
1618477163749,214.177889322,240.442874853,327.116397963
1618477163843,1025.563433542,888.551264981,-992.282883636
1618477163937,-1198.951148859,-266.570912007,978.224818899
1618477164031,-366.383192064,-57.928902875,863.312600344
1618477164125,1185.840533812,1029.645933337,-923.735553266
1618477164219,-806.849617976,-33.746461909,629.488164861
1618477164313,-970.126724289,-380.483113206,1209.049253762
1618477164407,1188.840519455,891.551293588,-811.823336424
1618477164501,1000.380983177,985.281049463,-872.370666290
1618477164595,-1269.498478666,-521.577792478,1465.056133712
1618477164689,931.833649110,731.274175406,-505.451569560
1618477164780,304.907654338,566.997098573,-390.539353004
1618477165287,-1432.775600871,-523.577766456,1467.056132561
1618477165794,541.732119181,403.719949634,28.744633020
1618477166301,794.738991620,846.186387381,-805.823335579
1618477166808,-1338.045835477,-427.847978905,1256.414139934
1618477167315,-17.646533870,128.530638381,513.575947267
1618477167822,1116.293208738,963.098594219,-970.100440013
1618477168329,-1057.856500899,-221.206004719,861.312600208
1618477168836,-529.660285054,-130.476251510,1020.589706057
1618477169343,122.448125731,476.267294423,-295.809577441
1618477169850,-572.025183834,56.983314520,376.481285607
nan,nan,nan,nan
nan,nan,nan,nan
nan,nan,nan,nan
nan,nan,nan,nan
nan,nan,nan,nan
nan,nan,nan,nan
nan,nan,nan,nan
nan,nan,nan,nan
nan,nan,nan,nan
nan,nan,nan,nan
nan,nan,nan,nan
nan,nan,nan,nan
nan,nan,nan,nan
nan,nan,nan,nan
nan,nan,nan,nan
nan,nan,nan,nan
nan,nan,nan,nan
nan,nan,nan,nan
nan,nan,nan,nan
nan,nan,nan,nan
nan,nan,nan,nan
nan,nan,nan,nan
nan,nan,nan,nan
nan,nan,nan,nan
nan,nan,nan,nan
nan,nan,nan,nan
nan,nan,nan,nan
nan,nan,nan,nan
nan,nan,nan,nan
nan,nan,nan,nan
nan,nan,nan,nan
nan,nan,nan,nan
nan,nan,nan,nan
nan,nan,nan,nan
nan,nan,nan,nan
nan,nan,nan,nan
nan,nan,nan,nan
nan,nan,nan,nan
nan,nan,nan,nan
nan,nan,nan,nan
nan,nan,nan,nan
nan,nan,nan,nan
nan,nan,nan,nan
nan,nan,nan,nan
nan,nan,nan,nan
nan,nan,nan,nan
