1610679591900,0.014663
1610679591993,-0.026454
1610679592086,-0.067339
1610679592179,-0.092015
1610679592272,-0.048887
1610679592365,0.018451
1610679592458,-0.049351
1610679592551,-0.128880
1610679592644,-0.026222
1610679592741,-0.087105
1610679592836,-0.043321
1610679592931,-0.003557
1610679593026,-0.005335
1610679593121,-0.132243
1610679593216,-0.026918
1610679593311,-0.067996
1610679593406,-0.024212
1610679593501,4.653435
1610679593596,-0.004253
1610679593691,-0.046220
1610679593786,-0.046877
1610679593881,-0.026454
1610679593977,-0.046645
1610679594090,0.015977
1610679594203,0.016209
1610679594316,-0.025797
1610679594429,-0.108688
1610679594542,-0.027343
1610679594655,-0.153787
1610679594768,-0.028000
1610679594881,-4.351895
1610679594994,-0.044442
1610679595107,-0.004214
1610679595220,-0.025565
1610679595333,-0.043553
1610679595450,-0.046181
1610679595527,-0.004446
1610679595604,-0.089541
1610679595681,-0.045795
1610679595758,-0.005335
1610679595835,-0.005799
1610679595912,-0.046684
1610679595989,-0.070935
1610679596066,-0.024444
1610679596143,-0.025565
1610679596220,-0.008234
1610679596297,-0.044442
1610679596374,0.035318
1610679596446,-0.046220
1610679596557,-0.025140
1610679596668,-0.047109
1610679596779,-0.003132
1610679596890,0.013078
1610679597001,-0.068035
1610679597112,-0.046027
1610679597223,-0.046259
1610679597334,-0.090043
1610679597445,-0.071669
1610679597556,-0.030320
1610679597667,-0.039367
1610679597778,-0.026907
1610679597893,-0.085731
1610679597984,0.008842
1610679598075,-0.199967
1610679598166,0.102692
1610679598257,0.051744
1610679598348,0.171799
1610679598439,0.317977
1610679598530,0.445008
1610679598621,1.043260
1610679598712,0.400488
1610679598803,0.813399
1610679598894,-6.625937
1610679598985,-6.707243
1610679599080,-7.651610
1610679599171,-2.491135
1610679599262,1.185889
1610679599353,0.684829
1610679599444,0.392410
1610679599535,0.202415
1610679599626,0.081306
1610679599717,0.039996
1610679599808,0.016441
1610679599899,0.056862
1610679599990,0.057326
1610679600081,-0.008002
1610679600172,-0.127565
1610679600261,0.017330
1610679600345,0.035743
1610679600429,0.012189
1610679600513,0.016866
1610679600597,-0.006920
1610679600681,-0.025333
1610679600765,-0.069775
1610679600849,0.058641
1610679600933,-0.025101
1610679601017,-0.026029
1610679601101,-0.003557
1610679601185,0.016905
1610679601269,0.017098
1610679601355,0.036207
1610679601449,-0.024444
1610679601543,-0.130233
1610679601637,0.057752
1610679601731,0.019341
1610679601825,-0.090469
1610679601919,-0.065793
1610679602013,-0.003789
1610679602107,-0.067803
1610679602201,-0.005335
1610679602295,-0.030049
1610679602389,-0.028889
1610679602483,-0.069117
1610679602575,-0.023787
1610679602684,-0.087994
1610679602793,-0.027111
1610679602902,-0.045563
1610679603011,-0.004678
1610679603120,3.575995
1610679603229,-0.027111
1610679603338,0.055084
1610679603447,0.015552
1610679603556,-0.025565
1610679603665,-0.002900
1610679603774,-0.088226
1610679603883,-0.026686
1610679603987,-0.004949
1610679604080,0.058873
1610679604173,-0.046877
1610679604266,4.521809
1610679604359,0.036207
1610679604452,-0.064440
1610679604545,-0.065986
1610679604638,0.016209
1610679604731,-0.004910
1610679604824,0.039107
1610679604917,-0.004021
1610679605010,-0.047109
1610679605103,-0.045099
1610679605197,-0.173321
1610679605295,-0.003789
1610679605393,-0.025990
1610679605491,-0.023362
1610679605589,-0.110660
1610679605687,0.037328
1610679605785,-0.005335
1610679605883,0.036014
1610679605981,-0.006688
1610679606079,0.017098
1610679606177,0.017562
1610679606275,0.035550
1610679606373,-0.085984
1610679606472,0.033772
1610679606567,0.037328
1610679606662,-0.046916
1610679606757,-0.028232
1610679606852,-0.025758
1610679606947,-0.007113
1610679607042,-0.003325
1610679607137,0.013542
1610679607232,-4.388939
1610679607327,-0.008002
1610679607422,0.015552
1610679607517,-0.025333
1610679607612,-0.008466
1610679607710,-0.007538
1610679607786,-0.089347
nan,nan
