1610678699454,133.796081095,191.809606242,488.268966528
1610678699548,166.550314323,208.208912837,443.248537829
1610678699642,198.215807018,224.563833092,369.695711012
1610678699736,138.929180856,196.942706555,479.047134182
1610678699830,164.461575252,200.075797378,460.647835733
1610678699924,199.260175996,229.652572598,368.695711157
1610678700018,146.151010847,200.987066807,457.559102839
1610678700112,145.106651116,191.853985047,483.135867381
1610678700206,199.215812737,229.652581016,370.695711343
1610678700303,154.239751603,208.208919627,435.026705613
1610678700397,139.884814010,191.809606159,499.490798892
1610678700491,198.215810515,220.475109305,382.961910054
1610678700585,164.461579780,212.297641603,410.583040639
1610678700679,129.751713087,189.809602222,499.490798805
1610678700773,184.949609757,214.342004860,411.538674094
1610678700867,183.860879291,221.430744303,389.139375979
1610678700961,126.662980749,195.942703234,495.446432367
1610678701055,173.683413105,210.208911169,425.893606007
1610678701149,188.993974031,220.475098519,366.695710976
1610678701243,129.796081506,186.765240844,479.091500659
1610678701337,172.639042848,212.297634204,397.272475163
1610678701431,191.082712179,234.696944507,376.828810697
1610678701521,138.929177901,191.853965870,472.958401065
1610678701615,154.328479172,200.031439651,471.869668293
1610678701709,195.171445868,220.519480560,367.651344847
1610678701803,140.973546319,202.031436856,450.381637026
1610678701897,148.106644845,195.942701569,485.180233491
1610678701991,200.260174861,222.519470206,374.828810511
1610678702085,154.328479246,210.208905738,420.849239413
1610678702179,135.884813120,185.720870881,493.357699421
1610678702273,200.260178943,218.430747951,391.139376060
1610678702367,173.639043733,212.297636523,410.583040526
1610678702461,138.929185015,191.853984501,464.736569110
1610678702555,183.905245460,214.342010558,410.538674220
1610678702649,180.772140403,219.430728740,386.139375635
1610678702745,122.574250853,192.853978277,499.490799017
1610678702839,172.683416152,211.208919149,434.071072076
1610678702933,191.082708344,224.519468573,381.917543422
1610678703027,132.840445696,191.765234865,480.135867000
1610678703121,170.594679516,205.120176539,448.381637174
1610678703215,199.171440344,222.519466092,373.740077474
1610678703309,148.151014549,195.942710031,462.692202473
1610678703403,153.239750294,197.987083833,468.825302055
1610678703497,196.127076264,226.608205307,370.695711139
1610678703591,130.796083811,195.898346301,497.490799051
1610678703685,137.929182916,193.898345478,469.135867248
1610678703779,194.127076160,227.652571509,251.961909972
1610678703873,161.417212333,210.253272580,384.760506475
1610678703961,141.884814027,190.809606205,585.402065947
1610678704056,196.127080653,206.253285017,413.139376125
1610678704151,180.683410887,210.253271831,338.449941146
1610678704246,164.751717027,180.676513122,483.712631399
1610678704341,241.860874406,211.386365034,400.583040428
1610678704436,446.905246195,171.430745431,389.095009531
1610678704531,50.751719440,230.987084754,499.446432700
1610678704626,87.683411821,296.253274278,427.937972405
1610678704721,208.461579428,236.120174788,460.647835975
1610678704816,48.796085325,352.942716739,482.135867353
1610678704911,44.417217178,192.120185849,454.470370327
1610678705006,184.127074294,190.563833674,368.695711025
1610678705101,142.973545297,189.120167125,461.736568752
1610678705195,152.151012685,192.987071621,479.047134151
1610678705289,199.215808118,216.430736554,371.695711076
1610678705383,154.195376928,208.208898147,442.248537504
1610678705477,135.884817242,192.898347570,492.357699660
1610678705571,196.171440045,218.519465310,376.828810403
1610678705665,161.417214717,210.253278822,423.849239559
1610678705759,137.884819204,187.765253289,498.490799193
1610678705853,197.215805732,220.475096779,384.006276250
1610678705947,174.683411306,215.342005876,396.316841751
1610678706041,133.796083750,188.809613196,500.535165521
1610678706135,185.905244608,211.297641854,414.716140064
1610678706229,185.949612420,218.430744781,385.006276570
1610678706323,136.884809771,187.765228584,492.402065701
1610678706413,173.639044643,206.164539486,437.248537677
1610678706507,191.082708550,228.652568532,379.917543433
1610678706601,134.884814136,184.765240015,479.091500641
1610678706695,158.328480062,206.164541402,456.559103032
1610678706789,199.260173619,223.475100481,368.695711020
1610678706883,145.062280186,200.987072792,457.647835918
1610678706977,189.993976142,220.519470521,377.873176991
1610678707071,202.304543368,224.519475533,368.695711209
1610678707165,156.239749156,206.208913220,438.159804891
1610678707259,137.884817339,196.987080771,495.313333192
1610678707353,191.127071331,225.519459440,374.873176747
1610678707447,159.372840725,215.341992078,416.716139705
1610678707541,137.884815139,187.765242642,494.402066011
1610678707631,192.082710037,215.342007113,397.316841778
1610678707725,175.683409761,216.342001830,399.316841662
1610678707819,133.796080644,181.676505641,496.490798868
1610678707913,178.772141736,212.297632814,418.804872810
1610678708007,187.993977211,220.430740374,378.917543526
1610678708101,152.239745805,212.208904443,426.982338804
1610678708195,170.683414178,205.075814558,441.248537854
1610678708289,188.993975790,232.696935491,373.828810498
1610678708383,135.884811320,189.809599115,476.002767532
1610678708477,162.417215506,198.942715576,462.692202596
1610678708571,193.127077735,227.608209160,366.695711224
1610678708665,139.973545267,202.075800574,458.692202277
1610678708759,150.195380457,193.898342077,473.002767753
1610678708849,198.260175622,233.652571619,375.873177028
1610678708943,153.239741330,205.120159775,433.071071492
1610678709037,135.884816144,199.987077640,491.313333123
1610678709131,183.949611468,222.519475234,376.873177095
1610678709225,131.796084357,192.853981258,487.313333190
1610678709319,138.929183571,196.942713665,491.357699651
1610678709413,189.993974821,218.430734114,395.272475174
nan,nan,nan,nan
