1610679237656,-0.080236
1610679237750,-0.020709
1610679237844,0.000650
1610679237938,-0.054287
1610679238032,-0.033698
1610679238126,-3.955713
1610679238220,0.082276
1610679238314,-0.023404
1610679238408,-0.082132
1610679238502,-0.077541
1610679238596,-0.068017
1610679238690,-0.022634
1610679238784,-0.011185
1610679238873,-0.091685
1610679238970,-0.035209
1610679239067,0.057867
1610679239164,-0.152338
1610679239261,0.010944
1610679239358,-0.024145
1610679239455,0.168878
1610679239552,-0.033698
1610679239649,0.070442
1610679239746,-0.021864
1610679239843,-0.057722
1610679239940,-0.094351
1610679240037,-0.032543
1610679240132,-0.126389
1610679240226,-0.080621
1610679240320,0.068546
1610679240414,0.131123
1610679240508,0.024289
1610679240602,-0.010800
1610679240696,0.001034
1610679240790,-0.023789
1610679240884,-0.136683
1610679240978,-0.010415
1610679241072,-0.021864
1610679241166,-0.035594
1610679241260,-0.044378
1610679241349,-0.008519
1610679241444,-0.021864
1610679241539,0.179942
1610679241634,-0.011185
1610679241729,-0.043993
1610679241824,-0.010800
1610679241919,-0.000505
1610679242014,0.049468
1610679242109,0.083431
1610679242204,0.049853
1610679242299,-0.021864
1610679242394,-0.000120
1610679242489,-0.069172
1610679242585,0.151327
1610679242679,-0.080621
1610679242773,-0.021864
1610679242867,0.013610
1610679242961,3.800674
1610679243055,-0.126774
1610679243149,0.001775
1610679243243,-0.021864
1610679243337,-0.082546
1610679243431,-0.057722
1610679243525,-0.089761
1610679243619,-0.010800
1610679243713,0.212750
1610679243802,0.035353
1610679243900,0.094110
1610679243998,0.049853
1610679244096,0.014379
1610679244194,0.035353
1610679244292,0.234494
1610679244390,0.082276
1610679244488,0.096776
1610679244586,0.213520
1610679244684,0.140263
1610679244782,0.237159
1610679244880,0.284467
1610679244978,0.459198
1610679245073,0.567543
1610679245164,0.412246
1610679245255,2.000762
1610679245346,-0.343549
1610679245437,7.567244
1610679245528,1.417242
1610679245619,8.990230
1610679245710,3.731648
1610679245801,0.180457
1610679245892,0.358786
1610679245983,2.320993
1610679246074,1.733104
1610679246165,1.011450
1610679246257,0.555372
1610679246352,0.220319
1610679246447,-0.038306
1610679246542,0.170616
1610679246637,0.134411
1610679246732,0.156134
1610679246827,0.022177
1610679246922,-0.154520
1610679247017,0.005269
1610679247112,-0.043194
1610679247207,0.002189
1610679247302,0.107099
1610679247397,0.104405
1610679247491,-0.021864
1610679247585,-0.010415
1610679247679,-0.000120
1610679247773,0.095650
1610679247867,-0.022249
1610679247961,-0.032543
1610679248055,-0.173312
1610679248149,-0.114940
1610679248243,-0.045503
1610679248337,-0.008134
1610679248431,0.003315
1610679248525,0.093725
1610679248619,-0.267542
1610679248711,-0.083287
1610679248806,4.073253
1610679248901,-0.009645
1610679248996,-0.057338
1610679249091,-0.068787
1610679249186,-0.000120
1610679249281,0.047957
1610679249376,0.118134
1610679249471,-0.068402
1610679249566,-0.176362
1610679249661,-0.103490
1610679249756,-0.010415
1610679249851,0.062813
1610679249947,-0.115710
1610679250041,-0.024145
1610679250135,-0.013494
1610679250229,0.014379
1610679250323,-0.010030
1610679250417,0.082661
1610679250511,-0.042838
1610679250605,-0.080621
1610679250699,0.141418
1610679250793,0.049853
1610679250887,-0.022249
1610679250981,-0.010800
1610679251075,-0.011570
1610679251164,-0.047428
1610679251258,-0.010800
1610679251352,-0.010800
1610679251446,-0.079081
1610679251540,0.010944
1610679251634,0.034583
1610679251728,-0.032543
1610679251822,-0.127515
1610679251916,-0.011185
1610679252010,-0.057722
1610679252104,-0.000120
1610679252198,-0.090915
1610679252292,0.082661
1610679252381,-0.020324
1610679252475,-0.173697
1610679252569,-0.058107
1610679252663,-0.021864
1610679252757,0.013225
1610679252851,0.025444
1610679252945,-0.033313
1610679253039,0.049083
1610679253133,-0.071866
1610679253227,-0.021864
1610679253321,-0.024145
1610679253415,0.024289
1610679253509,-0.021864
1610679253599,-0.010030
1610679253693,-0.082902
1610679253787,-0.010415
1610679253881,-0.032928
1610679253975,-0.044378
1610679254069,0.010944
1610679254163,0.061302
1610679254257,0.000650
1610679254351,-0.011185
1610679254445,0.001419
1610679254539,0.013994
1610679254633,-0.047043
1610679254727,-0.021094
1610679254820,-0.057338
1610679254914,-0.021479
1610679255008,-0.044762
1610679255102,-0.010415
