1618478013158,-178.166996199,186.577381380,313.379308351
1618478013252,-74.006211041,233.848217952,242.552508499
1618478013346,-13.036845573,281.579300495,157.868297682
1618478013440,-164.309564326,190.275966611,288.664471930
1618478013534,-101.721055482,217.371647564,268.187918169
1618478013628,-6.798558169,286.738165276,153.249156936
1618478013722,-140.753600932,210.752497706,263.648206741
1618478013816,-136.134445923,205.593667490,292.823324241
1618478013910,-4.719122148,282.039613981,155.328580965
1618478014004,-117.118193221,229.768766534,234.393660203
1618478014098,-163.849273248,190.196546124,311.299878750
1618478014192,-17.036843163,280.579303745,176.884565891
1618478014284,-131.515310424,204.053949900,291.823324894
1618478014379,-175.087570135,185.577381536,315.538160227
1618478014474,-34.973672280,254.943914488,202.980257915
1618478014569,-50.450222729,263.102773457,177.963988246
1618478014664,-179.706687925,185.577410023,316.458730249
1618478014759,-53.989945312,243.086491836,230.774518237
1618478014854,-22.195683258,275.960180731,166.027146870
1618478014949,-168.008131098,192.275964050,298.442463114
1618478015044,-87.863624973,223.609943931,258.029063651
1618478015139,-10.798550998,289.277887917,152.249155569
1618478015234,-152.531582068,199.974519940,273.886482742
1618478015329,-129.896160621,205.593677539,284.664470922
1618478015424,-47.831096914,248.245339016,216.377389160
1618478015519,-123.816745100,223.149645126,250.251074496
1618478015613,-149.991875506,189.736233448,305.680743455
1618478015707,-8.798558679,274.880747818,163.027147855
1618478015801,-91.943062607,242.546770900,215.377389618
1618478015895,-173.087574025,182.577376292,318.538160969
1618478015989,-23.735395270,264.102765258,189.202267253
1618478016083,-62.767953306,256.943885458,183.583132276
1618478016177,-182.246427509,185.577374154,308.760170450
1618478016271,-44.831102501,247.705618511,218.917103199
1618478016365,-38.053105973,273.420459743,165.027148003
1618478016459,-175.706700315,190.196532245,303.680741790
1618478016553,2.360297510,284.119031449,160.408008113
1618478016647,-10.877987273,278.039596151,156.868296461
1618478016744,-161.309576240,198.974515424,287.664474202
1618478016840,-109.499057668,210.292206296,277.965911158
1618478016936,-2.719130295,284.119028948,150.169730620
1618478017032,-138.134452796,214.371649047,253.330501189
1618478017128,-150.372728283,198.895096534,307.061602949
1618478017224,-0.639704747,275.960176509,165.566860442
1618478017320,-110.419618088,233.848206314,227.075954450
1618478017416,-167.388986521,189.656832747,312.919017731
1618478017512,-19.036829497,269.261618370,179.963989234
1618478017608,-76.545918927,249.785067530,193.900831267
1618478017704,-38.053104331,267.721897085,169.185999588
1618478017800,-41.672244899,247.245339173,210.218537239
1618478017896,-44.291391640,267.721884330,172.805140316
1618478017987,-181.325843760,188.117100202,314.379307524
1618478018082,-64.307658674,238.467340018,233.853946010
1618478018177,-22.195691456,281.039595629,154.788870586
1618478018272,-161.849289025,196.434802704,296.442464988
1618478018367,-101.721047993,220.530509557,262.648203767
1618478018462,-4.719121932,284.658753195,153.868293898
1618478018557,-147.912441252,209.752513312,259.568778585
1618478018652,-138.674166292,202.514231574,292.363038625
1618478018747,-9.258841716,282.579318067,157.408008171
1618478018842,-139.753575595,212.831957808,266.568775961
1618478018937,-155.690429087,188.736248670,302.680741302
1618478019032,-16.877987421,279.880744053,172.265426235
1618478019127,-87.704794232,245.626184080,206.678826552
1618478019221,-176.087559163,184.577396325,311.379306237
1618478019315,-30.814816159,257.563059104,199.980257110
1618478019409,-56.450230852,261.102762508,179.963989795
1618478019503,-173.627286151,182.577377436,314.379308909
1618478019597,-54.069387331,240.546757200,223.075956429
1618478019691,-26.275113394,276.420462113,160.487434694
1618478019785,-167.468435500,185.736227653,293.442466427
1618478019879,-91.943070949,224.070203960,262.029067470
1618478019973,-174.087561682,183.577392929,308.839593743
1618478020067,-150.531594143,203.053929612,271.346772069
1618478020161,-119.197613573,206.673079461,282.585048371
1618478020255,-2.179423116,281.579308160,157.868296598
1618478020349,-126.356458846,223.609931111,250.171648694
1618478020440,-155.071287960,187.736251639,303.061601958
1618478020534,-7.258842464,279.499891110,166.106573186
1618478020628,-100.641622628,238.467351490,215.377388693
1618478020722,-163.849293833,183.037666478,317.919021599
1618478020816,-23.116257982,268.182189003,193.741980539
1618478020910,-60.688525671,254.943887732,189.202270878
1618478021004,-179.706700992,180.958253486,320.538158689
1618478021098,-135.134454414,202.514230095,296.442464784
1618478021192,-31.973678684,273.801322626,170.566860722
1618478021286,-170.547844198,186.656824958,304.061602062
1618478021380,-78.704780430,232.848211864,251.171648283
1618478021474,-7.877982406,285.738167583,158.249156610
1618478021568,-159.230153851,197.895084676,289.045335957
1618478021658,-111.499034278,213.371663775,287.807054800
1618478021752,-1.179418820,288.277878824,186.788869830
1618478021846,-140.134462464,218.371636015,302.949641956
1618478021940,-136.753587001,195.355386739,369.061602499
1618478022034,0.280870571,280.119030115,246.487434251
1618478022128,-101.340184332,231.848216837,244.695091885
1618478022222,-53.069377424,239.546770554,118.234806438
1618478022316,-8.036838662,275.801318990,139.963990982
1618478022410,-60.466495485,246.785064151,179.361118771
1618478022504,-163.166997556,177.958240628,334.458734559
1618478022598,-20.672248125,249.324760774,166.218537854
1618478022692,-1.672251686,273.801311669,114.344853094
1618478022786,-117.786123965,208.577396421,268.839593249
1618478022885,23.692345925,341.848207294,223.853945133
1618478022979,-38.195703196,533.499866829,152.408011748
1618478023073,-194.388988065,433.275969589,291.442462331
1618478023167,-213.101924167,290.990776232,262.648206645
1618478023261,-81.719139511,211.658729499,150.249158326
1618478023355,-17.639712786,195.579304596,153.868297102
1618478023449,-46.515312329,228.593660306,288.743899308
1618478023543,-78.258851186,365.119018276,153.328584028
1618478023637,-143.737318279,260.149646300,240.552509457
1618478023731,-172.611005729,204.736245177,304.220454770
1618478023825,-26.258849678,278.960168411,175.344852409
1618478023919,-97.784214922,245.626191169,208.758251498
1618478024013,-179.547847153,183.577395026,320.538158319
1618478024108,-34.894264792,257.023315552,191.281696563
1618478024202,-63.609090854,258.102751583,187.122843238
1618478024296,-178.627272539,185.577395785,309.839593339
1618478024390,-62.529651328,250.785066089,220.536239064
1618478024484,-54.910515647,266.102765513,176.963989370
1618478024578,-173.547844315,187.196537775,303.061602084
1618478024672,-88.403341148,227.149652592,256.949638313
1618478024766,-12.877999219,284.119005997,153.249159815
1618478024860,-161.690435162,201.593657251,281.045334868
1618478024954,-124.197610854,212.212796100,284.045334878
1618478025048,-4.719146452,285.658720143,157.328585599
1618478025142,-128.975598037,216.451078852,250.251074694
1618478025236,-146.293308342,197.434801410,300.061604094
1618478025325,-6.798556526,279.039602618,165.027147444
1618478025418,-99.721053196,233.848206340,222.536241472
1618478025511,-162.849290418,186.117097031,316.458733922
1618478025604,-133.515324225,220.530486990,254.409929112
1618478025697,-69.387073918,250.324771219,187.202267708
1618478025790,-177.166993841,184.577384559,314.919020876
1618478025883,-41.211946732,249.785067167,209.758248089
1618478025976,-42.211960709,271.801316995,175.805139366
1618478026069,-178.167000382,185.656801691,306.220457251
1618478026162,-76.006214239,231.848213641,248.552509108
1618478026255,-17.036838780,275.420457754,158.408009361
1618478026348,-166.309578651,198.434799199,290.363039534
1618478026441,-105.721057883,213.911357302,266.648205652
1618478026540,-4.719136084,284.658734119,152.788870647
1618478026634,-142.753600978,212.831923592,262.648206750
1618478026728,-177.706695353,183.577400010,315.379305716
1618478026822,-5.258857879,282.119009254,162.487437202
1618478026916,-112.038755097,233.308495920,238.933370856
1618478027010,-158.610998014,190.196542601,306.220453299
1618478027104,-12.338274273,275.420457262,170.265426201
1618478027198,-88.323925739,242.626194077,204.059686214
1618478027292,-173.087564474,179.418537268,313.458733199
1618478027386,-29.354555315,259.483597863,197.361123178
1618478027480,-52.989962299,262.102737607,183.583132241
1618478027574,-174.087571488,184.577379712,309.839595613
1618478027668,-58.069372487,241.546777209,227.155379548
1618478027760,-28.354543280,272.420456805,164.027148419
1618478027854,-136.594736246,203.514237097,293.902750819
1618478027948,-88.403348958,221.149642064,251.790787904
1618478028042,-10.338286999,285.738143903,151.249159959
1618478028136,-157.150726598,204.053938331,273.426196785
1618478028230,-115.578470626,206.133371910,279.045334630
1618478028324,-2.719133905,283.119024082,147.709444283
1618478028418,-130.896181154,224.990779607,251.251076423
1618478028512,-146.912447006,190.275949862,303.601317019
1618478028606,-7.719129855,278.039603592,158.487434332
1618478028700,-101.721056627,234.848201716,217.456816177
1618478028794,-168.389008187,179.577377593,315.379308887
1618478028888,-24.116265652,264.182178663,182.043417129
1618478028978,-45.831096209,251.324765915,212.837676051
1618478029072,-175.166988283,183.037679076,316.458732791
1618478029166,-42.672250175,251.864470985,209.758251220
1618478029260,-42.672249880,268.261601128,169.646287877
1618478029354,-171.547851562,187.117102057,305.760168338
1618478029448,-70.926794954,233.848204657,242.552510379
1618478029542,-17.036831474,276.420467603,154.788869045
1618478029636,-162.309573253,194.355380526,289.283612556
1618478029730,-105.800492004,212.371633312,270.807059109
1618478029824,-6.719142135,281.119012987,150.709445852
1618478029918,-152.372737026,215.212788545,263.108493227
1618478030012,-135.594743495,203.053940299,291.823326252
1618478030106,-5.719139250,284.658729851,153.249158276
1618478030197,-113.578470185,226.689354147,236.393658285
1618478030291,-156.150709320,187.196544851,309.839591905
1618478030385,-17.957413746,274.960169495,173.725713332
1618478030479,-85.244503595,250.785040846,208.758251812
1618478030573,-176.087567033,183.577385717,318.538159636
1618478030667,-28.814824860,261.563047375,198.980258769
