1618477337897,-10.371526479,260.724514920,376.989112759
1618477337990,-13.371530291,261.724512093,376.989112647
1618477338083,-13.371532704,258.724510304,377.989112576
1618477338176,-10.371532777,262.724510250,378.989112574
1618477338269,-9.371534920,259.724508661,379.989112511
1618477338362,-10.371523774,259.724516926,378.989112838
1618477338455,-9.371534625,259.724508880,377.989112520
1618477338548,-10.371517772,257.724521376,378.989113014
1618477338641,-10.371523478,259.724517145,376.989112847
1618477338734,-10.371518655,261.724520721,379.989112988
1618477338823,-13.371522467,262.724517895,379.989112876
1618477338917,-10.371515654,260.724522947,379.989113076
1618477339011,-10.371537896,260.724506454,377.989112424
1618477339105,-11.371526750,260.724514719,376.989112751
1618477339199,-10.371523478,259.724517145,376.989112847
1618477339293,-10.371515654,260.724522947,379.989113076
1618477339387,-10.371532189,258.724510686,379.989112591
1618477339481,-9.371518385,261.724520922,379.989112996
1618477339575,-11.371527045,260.724514500,378.989112742
1618477339669,-10.371515654,260.724522947,379.989113076
1618477339763,-8.371526823,264.724514665,377.989112749
1618477339857,-11.371530046,261.724512275,378.989112654
1618477339951,-10.371530072,261.724512256,380.989112654
1618477340041,-12.371525198,263.724515870,379.989112796
1618477340152,-13.371516465,260.724522345,379.989113052
1618477340263,-10.371531598,258.724511124,375.989112609
1618477340374,-10.371518360,261.724520940,377.989112997
1618477340485,-12.371515899,260.724522765,377.989113069
1618477340596,-10.371520773,258.724519151,378.989112926
1618477340707,-11.371518925,261.724520521,379.989112980
1618477340818,-10.371518064,261.724521159,375.989113005
1618477340929,-10.371535781,259.724508022,383.989112486
1618477341040,-11.371524044,259.724516725,378.989112830
1618477341151,-9.371518385,261.724520922,379.989112996
1618477341262,-12.371535731,259.724508060,379.989112488
1618477341373,-8.371522938,259.724517546,376.989112863
1618477341489,75.448631074,325.359745008,381.503993408
1618477341568,-13.371525468,263.724515670,379.989112788
1618477341647,-10.371518655,261.724520721,379.989112988
1618477341726,-13.371530879,265.724511657,375.989112630
1618477341805,-10.371537896,260.724506454,377.989112424
1618477341884,-10.371529776,261.724512475,378.989112662
1618477341963,-11.371517746,257.724521395,376.989113015
1618477342042,-11.371527045,260.724514500,378.989112742
1618477342121,-9.371537921,260.724506436,379.989112424
1618477342200,-9.371531623,258.724511105,377.989112608
1618477342279,-11.371524044,259.724516725,378.989112830
1618477342358,-11.371533047,262.724510049,378.989112566
1618477342437,-11.371529751,261.724512494,376.989112663
1618477342510,-11.371524928,263.724516070,379.989112804
1618477342604,-10.371523774,259.724516926,378.989112838
1618477342698,-10.371526775,260.724514700,378.989112750
1618477342792,-11.371532752,262.724510269,376.989112575
1618477342886,-11.371527341,260.724514281,380.989112734
1618477342980,-15.371527831,260.724513918,376.989112719
1618477343074,-9.371518385,261.724520922,379.989112996
1618477343168,-13.371530291,261.724512093,376.989112647
1618477343262,-10.371535190,259.724508461,379.989112504
1618477343356,-12.371515899,260.724522765,377.989113069
1618477343450,-10.371521361,262.724518715,377.989112909
1618477343544,-12.371515604,260.724522984,375.989113078
1618477343638,-10.371537600,260.724506673,375.989112433
1618477343732,-10.371532777,262.724510250,378.989112574
1618477343826,-8.371526235,260.724515101,378.989112766
1618477343920,-10.371535190,259.724508461,379.989112504
1618477344014,-14.371530561,261.724511893,376.989112639
1618477344108,-10.371521656,262.724518496,379.989112900
1618477344202,-14.371527560,260.724514118,376.989112727
1618477344296,-11.371527045,260.724514500,378.989112742
1618477344390,-10.371530367,261.724512037,382.989112645
1618477344484,-8.371523233,259.724517326,378.989112854
1618477344578,-9.371532507,262.724510450,378.989112582
1618477344672,-10.371537896,260.724506454,377.989112424
1618477344766,-10.371518360,261.724520940,377.989112997
1618477344860,-7.371521434,266.724518661,378.989112907
1618477344949,-11.371535460,259.724508260,379.989112496
1618477345043,-10.371537600,260.724506673,375.989112433
1618477345137,-8.371532237,262.724510651,378.989112590
1618477345231,-10.371523478,259.724517145,376.989112847
1618477345325,-8.371531058,258.724511525,375.989112625
1618477345419,-10.371526479,260.724514920,376.989112759
1618477345513,-10.371522887,259.724517583,372.989112864
1618477345607,-11.371523453,259.724517164,374.989112847
1618477345701,-10.371537600,260.724506673,375.989112433
1618477345795,-11.371537575,260.724506692,373.989112434
1618477345889,-9.371517203,261.724521798,371.989113031
1618477345983,-11.371533983,259.724509356,369.989112539
1618477346077,-14.371522786,259.724517658,364.989112867
1618477346170,-9.371522959,260.724517530,354.989112862
1618477346264,-11.371519956,256.724519757,335.989112950
1618477346358,-11.371532942,258.724510128,306.989112569
1618477346452,-10.371522093,261.724518172,326.989112887
1618477346546,-15.371515574,261.724523006,349.989113078
1618477346640,-11.371518725,259.724520670,342.989112986
1618477346734,-10.371537554,259.724506708,395.989112434
1618477346828,-14.371526286,258.724515063,408.989112764
1618477346922,-12.371535140,259.724508498,375.989112505
1618477347016,-13.371520152,259.724519611,348.989112944
1618477347110,-10.371536809,258.724507260,334.989112456
1618477347204,-15.371516601,260.724522244,300.989113048
1618477347298,-15.371516352,261.724522429,278.989113056
1618477347396,-16.371528038,261.724513764,279.989112713
1618477347490,-22.371519629,259.724519999,328.989112960
1618477347584,-20.371522448,259.724517909,427.989112877
1618477347678,-26.371531207,260.724511414,455.989112620
1618477347772,-27.371535365,261.724508331,461.989112498
1618477347866,-32.371523822,261.724516890,450.989112837
1618477347960,-47.371516694,280.724522176,446.989113046
1618477348054,-45.371536798,314.724507268,429.989112456
1618477348148,-51.371536762,367.724507295,409.989112457
1618477348242,14.628474899,328.724515942,404.989112799
1618477348336,-91.371531317,306.724511333,394.989112617
1618477348430,-41.371518281,419.724520999,390.989112999
1618477348524,60.628482278,353.724521413,388.989113015
1618477348621,52.628462645,265.724506855,387.989112440
1618477348716,23.628476584,224.724517191,386.989112849
1618477348811,-37.371536896,227.724507196,381.989112454
1618477348906,-63.371533333,242.724509837,386.989112558
1618477349001,-107.371529041,312.724513020,380.989112684
1618477349096,-150.371524131,389.724516661,382.989112828
1618477349191,-150.371534441,599.724509016,381.989112526
1618477349286,-19.371528989,549.724513059,379.989112685
1618477349381,-0.371516381,539.724522408,379.989113055
1618477349476,67.628478993,419.724518977,379.989112919
1618477349571,59.628463123,371.724507210,379.989112454
1618477349666,68.628463322,338.724507357,378.989112460
1618477349761,63.628462443,304.724506706,379.989112434
1618477349851,50.628476291,287.724516974,378.989112840
1618477349945,36.628478452,270.724518576,378.989112903
1618477350039,24.628468265,261.724511023,379.989112605
1618477350133,16.628477520,261.724517885,378.989112876
1618477350227,6.628463401,261.724507416,379.989112462
1618477350321,4.628474865,257.724515917,379.989112798
1618477350415,0.628464483,256.724508218,386.989112494
1618477350509,-1.371529757,258.724512489,379.989112663
1618477350603,-5.371536252,256.724507673,380.989112472
1618477350697,-1.371532758,259.724510264,379.989112575
1618477350791,-5.371522127,259.724518147,376.989112886
1618477350885,-9.371517501,257.724521577,378.989113022
1618477350979,-8.371526530,260.724514882,380.989112757
1618477351072,-8.371531649,258.724511087,379.989112607
1618477351167,-7.371522963,259.724517527,378.989112862
1618477351262,-5.371532660,255.724510337,376.989112578
1618477351357,-6.371520575,262.724519297,379.989112932
1618477351452,-7.371534380,259.724509062,379.989112527
1618477351547,-14.371536271,259.724507659,379.989112472
1618477351642,-10.371523774,259.724516926,378.989112838
1618477351737,-8.371523529,259.724517107,380.989112845
1618477351832,-10.371515654,260.724522947,379.989113076
1618477351927,-10.371530663,261.724511818,384.989112636
1618477352022,-9.371523504,259.724517126,378.989112846
1618477352117,-10.371524657,263.724516271,379.989112812
1618477352212,-10.371532189,258.724510686,379.989112591
1618477352306,-8.371518115,261.724521122,379.989113004
1618477352400,-10.371526775,260.724514700,378.989112750
1618477352494,-8.371534650,259.724508861,379.989112519
1618477352588,-10.371535190,259.724508461,379.989112504
1618477352682,-8.371521116,262.724518897,379.989112916
1618477352776,-10.371535190,259.724508461,379.989112504
1618477352870,-10.371535190,259.724508461,379.989112504
1618477352964,-12.371527611,260.724514081,380.989112726
1618477353058,-11.371532752,262.724510269,376.989112575
1618477353152,-7.371520255,262.724519535,375.989112941
1618477353246,-10.371515654,260.724522947,379.989113076
1618477353340,-13.371527878,264.724513882,375.989112718
1618477353434,-10.371524365,259.724516488,382.989112821
1618477353523,-10.371533073,262.724510031,380.989112566
1618477353617,-10.371520773,258.724519151,378.989112926
1618477353711,-10.371535190,259.724508461,379.989112504
1618477353805,-8.371534650,259.724508861,379.989112519
1618477353899,-9.371518385,261.724520922,379.989112996
1618477353993,-8.371528940,261.724513095,376.989112687
1618477354087,-10.371518360,261.724520940,377.989112997
1618477354181,-10.371535190,259.724508461,379.989112504
1618477354275,-8.371523821,263.724516890,377.989112837
1618477354369,-10.371523478,259.724517145,376.989112847
1618477354463,-11.371515629,260.724522965,377.989113077
1618477354557,-10.371518655,261.724520721,379.989112988
1618477354651,-9.371534920,259.724508661,379.989112511
1618477354743,-8.371523233,259.724517326,378.989112854
1618477354837,-13.371519170,261.724520339,377.989112973
1618477354931,-8.371537651,260.724506636,379.989112431
1618477355025,-9.371531919,258.724510886,379.989112599
1618477355119,-9.371537921,260.724506436,379.989112424
1618477355213,-9.371524387,263.724516471,379.989112820
1618477355307,-13.371536001,259.724507859,379.989112480
1618477355401,-9.371523504,259.724517126,378.989112846
1618477355495,-11.371535460,259.724508260,379.989112496
1618477355589,-9.371523504,259.724517126,378.989112846
1618477355683,-10.371524069,259.724516707,380.989112829
1618477355777,-8.371532237,262.724510651,378.989112590
1618477355871,-10.371523774,259.724516926,378.989112838
1618477355960,-12.371524314,259.724516525,378.989112822
1618477356054,-8.371523233,259.724517326,378.989112854
1618477356148,-9.371518681,261.724520702,381.989112987
1618477356242,-11.371534869,259.724508698,375.989112513
1618477356336,-14.371517028,264.724521928,376.989113036
1618477356430,-10.371515654,260.724522947,379.989113076
1618477356524,-10.371529188,257.724512911,379.989112679
1618477356618,-10.371534895,259.724508680,377.989112512
1618477356712,-9.371534625,259.724508880,377.989112520
1618477356806,-10.371535190,259.724508461,379.989112504
1618477356900,-10.371523478,259.724517145,376.989112847
1618477356994,-14.371519441,261.724520139,377.989112965
1618477357088,-10.371518360,261.724520940,377.989112997
1618477357179,-10.371518655,261.724520721,379.989112988
1618477357273,-10.371524362,263.724516490,377.989112821
1618477357367,-7.371531967,262.724510851,378.989112598
1618477357461,-10.371515654,260.724522947,379.989113076
1618477357555,-10.371518064,261.724521159,375.989113005
1618477357649,-10.371523478,259.724517145,376.989112847
1618477357743,-10.371526775,260.724514700,378.989112750
1618477357837,-15.371535012,266.724508593,379.989112509
1618477357931,-10.371524362,263.724516490,377.989112821
1618477358025,-11.371535460,259.724508260,379.989112496
1618477358119,-6.371531696,262.724511051,378.989112606
1618477358213,-11.371527341,260.724514281,380.989112734
1618477358307,-10.371535190,259.724508461,379.989112504
1618477358398,-11.371515924,260.724522746,379.989113068
1618477358492,-9.371537921,260.724506436,379.989112424
1618477358586,-12.371530612,261.724511855,380.989112638
1618477358680,-10.371537896,260.724506454,377.989112424
1618477358774,-9.371529801,261.724512456,380.989112661
1618477358868,-8.371532237,262.724510651,378.989112590
1618477358962,-9.371518089,261.724521141,377.989113005
1618477359056,-10.371521656,262.724518496,379.989112900
1618477359150,-10.371521656,262.724518496,379.989112900
1618477359244,-10.371535190,259.724508461,379.989112504
1618477359338,-13.371534176,266.724509213,377.989112533
1618477359432,-10.371515950,260.724522727,381.989113067
1618477359526,-10.371518360,261.724520940,377.989112997
