1618478159420,-21.050841403,260.190846350,378.872288447
1618478159514,-18.050834562,258.190851094,378.872288662
1618478159608,-19.050827185,258.190856210,379.872288895
1618478159702,-20.050839469,260.190847691,376.872288508
1618478159791,-22.050823051,257.190859077,377.872289025
1618478159885,-23.050825504,258.190857375,376.872288948
1618478159979,-19.050842112,257.190845858,377.872288424
1618478160073,-22.050836575,259.190849698,379.872288599
1618478160167,-20.050836921,261.190849458,376.872288588
1618478160261,-22.050828930,262.190855000,379.872288840
1618478160355,-23.050841577,259.190846230,378.872288441
1618478160449,-21.050830427,257.190853962,376.872288793
1618478160543,134.130182187,369.804869076,383.764706486
1618478160637,-21.050843951,259.190844583,378.872288366
1618478160731,-18.050841324,259.190846405,379.872288449
1618478160825,-24.050819273,260.190861697,381.872289144
1618478160919,-20.050832187,258.190852741,378.872288737
1618478161010,-21.050834641,259.190851039,377.872288660
1618478161104,-19.050827705,259.190855849,376.872288879
1618478161198,-22.050841671,257.190846164,379.872288438
1618478161292,-20.050827091,260.190856275,378.872288898
1618478161386,-22.050820502,258.190860844,377.872289106
1618478161480,-21.050834641,259.190851039,377.872288660
1618478161574,-22.050836575,259.190849698,379.872288599
1618478161668,-19.050820943,258.190860539,375.872289092
1618478161762,-20.050841498,258.190846284,379.872288444
1618478161856,-19.050834467,260.190851160,377.872288665
1618478161950,-20.050836401,260.190849819,379.872288604
1618478162044,-21.050824811,258.190857856,379.872288970
1618478162138,-18.050841324,259.190846405,379.872288449
1618478162228,-20.050836401,260.190849819,379.872288604
1618478162322,-26.050830423,262.190853965,383.872288793
1618478162416,-21.050818049,257.190862546,378.872289183
1618478162510,-19.050829734,257.190854443,379.872288815
1618478162604,-19.050835350,256.190850548,376.872288638
1618478162698,-21.050846500,258.190842816,378.872288286
1618478162792,-19.050817875,258.190862666,378.872289189
1618478162886,-19.050843258,259.190845064,381.872288388
1618478162980,-20.050827091,260.190856275,378.872288898
1618478163074,-21.050819714,260.190861391,379.872289131
1618478163168,-22.050839123,258.190847931,379.872288519
1618478163262,-20.050820329,259.190860965,377.872289111
1618478163356,-19.050846326,259.190842936,378.872288292
1618478163447,-20.050822877,258.190859197,377.872289031
1618478163541,-19.050846326,259.190842936,378.872288292
1618478163635,-19.050842112,257.190845858,377.872288424
1618478163729,-24.050829623,262.190854519,376.872288818
1618478163823,-24.050846579,259.190842761,377.872288284
1618478163917,-18.050818490,257.190862240,376.872289169
1618478164011,-21.050843951,259.190844583,378.872288366
1618478164105,-20.050839469,260.190847691,376.872288508
1618478164199,-20.050844046,257.190844517,379.872288363
1618478164293,-20.050827091,260.190856275,378.872288898
1618478164387,-18.050820155,260.190861085,377.872289117
1618478164481,-22.050832881,258.190852260,375.872288715
1618478164575,-19.050823492,257.190858771,375.872289011
1618478164665,-21.050837189,258.190849272,377.872288580
1618478164759,-22.050841671,257.190846164,379.872288438
1618478164853,-24.050844030,260.190844528,377.872288364
1618478164947,-22.050817954,259.190862611,377.872289186
1618478165041,-19.050829734,257.190854443,379.872288815
1618478165135,-19.050824011,258.190858411,372.872288995
1618478165229,96.888639527,341.672297417,379.622113320
1618478165323,-22.050844740,257.190844036,376.872288342
1618478165417,-20.050844566,258.190844157,376.872288347
1618478165511,-20.050847114,257.190842390,376.872288267
1618478165605,-20.050819183,257.190861759,373.872289147
1618478165699,-24.050834200,259.190851345,379.872288674
1618478165793,-23.050840951,258.190846664,371.872288461
1618478165888,-22.050823571,258.190858717,374.872289009
1618478165982,-24.050826812,257.190856468,371.872288907
1618478166076,-22.050839017,258.190848005,369.872288522
1618478166170,-19.050836910,259.190849466,367.872288588
1618478166264,-26.050834682,259.190851011,356.872288659
1618478166358,-19.050826974,258.190856357,359.872288902
1618478166452,-22.050823773,259.190858576,341.872289003
1618478166546,-23.050824975,258.190857743,326.872288965
1618478166640,-20.050822762,259.190859277,314.872289034
1618478166734,-19.050836592,259.190849686,337.872288598
1618478166828,-20.050837900,258.190848779,332.872288557
1618478166922,-19.050821040,259.190860472,332.872289089
1618478167016,-21.050829898,257.190854329,326.872288809
1618478167107,-23.050838297,259.190848504,361.872288545
1618478167201,110.775859132,350.689672944,424.122992345
1618478167295,-26.050826219,259.190856880,435.872288925
1618478167389,-26.050827824,257.190855767,398.872288875
1618478167483,-21.050824599,258.190858003,359.872288977
1618478167577,-26.050821052,257.190860463,344.872289088
1618478167671,-22.050823041,258.190859084,324.872289026
1618478167765,-24.050832834,258.190852293,302.872288717
1618478167859,-27.050831449,257.190853253,267.872288761
1618478167953,-28.050817099,256.190863204,247.872289213
1618478168047,-26.050845598,257.190843441,320.872288315
1618478168141,-31.050846697,257.190842679,399.872288280
1618478168235,-27.050836423,257.190849804,444.872288604
1618478168324,-30.050818719,259.190862081,468.872289162
1618478168418,-34.050838364,264.190848458,462.872288543
1618478168512,-37.050842394,261.190845663,457.872288416
1618478168606,-40.050847463,260.190842147,446.872288256
1618478168700,-55.050830072,278.190854208,426.872288804
1618478168794,-48.050819866,284.190861286,414.872289126
1618478168888,-46.050841739,269.190846117,402.872288436
1618478168982,-41.050823861,299.190858515,396.872289000
1618478169076,-27.050838862,268.190848113,394.872288527
1618478169170,-106.050829495,320.190854608,389.872288822
1618478169264,137.236973799,577.863762822,392.358220153
1618478169358,75.949158543,394.190846313,384.872288445
1618478169452,66.949167236,274.190852341,383.872288719
1618478169542,36.949158201,192.190846075,382.872288434
1618478169636,-24.050835840,172.190850208,382.872288622
1618478169730,-55.050838000,209.190848710,378.872288554
1618478169824,-71.050829560,200.190854563,380.872288820
1618478169918,28.054975827,346.059241298,388.730808276
1618478170012,-153.050827267,333.190856153,380.872288892
1618478170106,-167.050842465,475.190845613,379.872288413
1618478170200,-41.050846782,605.190842620,379.872288277
1618478170294,11.949156320,519.190844771,380.872288375
1618478170388,59.949176574,497.190858817,379.872289014
1618478170482,67.949179380,396.190860763,380.872289102
1618478170576,54.949161014,373.190848026,379.872288523
1618478170670,62.949165516,342.190851148,379.872288665
1618478170761,59.949154837,306.190843743,379.872288328
1618478170855,43.949174673,282.190857499,379.872288954
1618478170949,28.949174855,269.190857624,379.872288959
1618478171043,15.949158980,264.190846616,376.872288459
1618478171137,5.949177252,258.190859287,377.872289035
1618478171231,0.949165141,257.190850888,377.872288653
1618478171325,-4.050832044,257.190852841,379.872288742
1618478171419,-5.050840114,257.190847244,375.872288487
1618478171513,-11.050829922,257.190854312,378.872288809
1618478171607,-12.050830190,254.190854126,379.872288800
1618478171701,-15.050826055,253.190856993,377.872288931
1618478171795,-16.050828509,254.190855292,376.872288853
1618478171889,-15.050834483,257.190851149,379.872288665
1618478171980,-16.050842553,257.190845553,375.872288411
1618478172074,-17.050832108,257.190852796,379.872288740
1618478172168,-17.050829560,258.190854563,379.872288820
1618478172262,-19.050817875,258.190862666,378.872289189
1618478172356,-19.050838681,262.190848238,378.872288533
1618478172450,-20.050834736,257.190850974,378.872288657
1618478172544,-20.050845712,260.190843362,380.872288311
1618478172638,-20.050841498,258.190846284,379.872288444
1618478172732,-22.050832361,257.190852621,378.872288732
1618478172826,-19.050837016,259.190849393,377.872288585
1618478172920,-20.050832187,258.190852741,378.872288737
1618478173014,-19.050826666,257.190856570,382.872288911
1618478173108,-20.050841498,258.190846284,379.872288444
1618478173198,-21.050819714,260.190861391,379.872289131
1618478173292,-19.050827185,258.190856210,379.872288895
1618478173386,-21.050821117,257.190860418,375.872289086
1618478173480,-19.050830254,258.190854082,376.872288798
1618478173574,-21.050839738,257.190847505,377.872288499
1618478173668,-19.050824637,259.190857977,379.872288975
1618478173762,-20.050827091,260.190856275,378.872288898
1618478173856,-20.050836401,260.190849819,379.872288604
1618478173950,-20.050834736,257.190850974,378.872288657
1618478174044,-20.050820329,259.190860965,377.872289111
1618478174138,-21.050837189,258.190849272,377.872288580
1618478174232,-21.050837189,258.190849272,377.872288580
1618478174326,-21.050846500,258.190842816,378.872288286
1618478174418,-20.050827091,260.190856275,378.872288898
1618478174512,-22.050834027,260.190851466,379.872288679
1618478174606,-19.050819903,256.190861260,381.872289125
1618478174700,84.777592980,331.886651926,387.177232000
1618478174794,-20.050829639,259.190854508,378.872288818
1618478174888,-19.050820423,257.190860899,378.872289108
1618478174982,-20.050822877,258.190859197,377.872289031
1618478175076,-18.050841324,259.190846405,379.872288449
1618478175170,-21.050824811,258.190857856,379.872288970
1618478175264,-21.050832093,260.190852807,377.872288740
1618478175358,-21.050819714,260.190861391,379.872289131
1618478175452,-22.050838760,263.190848183,377.872288530
1618478175546,-19.050846326,259.190842936,378.872288292
1618478175636,-21.050839738,257.190847505,377.872288499
1618478175730,-19.050846326,259.190842936,378.872288292
1618478175824,-19.050842112,257.190845858,377.872288424
1618478175918,-21.050825331,259.190857496,376.872288953
1618478176012,-18.050846421,257.190842871,379.872288289
1618478176106,-19.050824637,259.190857977,379.872288975
1618478176200,-20.050822357,257.190859558,380.872289047
1618478176294,-22.050821648,260.190860050,381.872289070
1618478176388,-19.050824637,259.190857977,379.872288975
1618478176482,-21.050829907,256.190854322,379.872288809
1618478176576,-21.050841403,260.190846350,378.872288447
1618478176670,-20.050844046,257.190844517,379.872288363
1618478176764,-19.050832802,257.190852315,376.872288718
1618478176853,-18.050837110,257.190849327,378.872288582
1618478176947,-24.050844393,255.190844276,379.872288352
1618478177041,-19.050846326,259.190842936,378.872288292
1618478177135,-20.050834736,257.190850974,378.872288657
1618478177229,-20.050847114,257.190842390,376.872288267
1618478177323,-21.050818049,257.190862546,378.872289183
1618478177417,-20.050838949,259.190848052,379.872288524
1618478177511,-20.050839469,260.190847691,376.872288508
1618478177605,-22.050829813,258.190854388,378.872288812
1618478177699,-22.050823051,257.190859077,377.872289025
1618478177793,-21.050825331,259.190857496,376.872288953
1618478177887,-20.050832707,259.190852380,375.872288721
1618478177981,-21.050822262,259.190859624,379.872289050
1618478178075,-19.050827185,258.190856210,379.872288895
1618478178169,nan,nan,nan
1618478178263,nan,nan,nan
