1610679807717,20.056508629,144.880949279,540.593765780
1610679807808,475.974895524,420.683433590,46.903646955
1610679807903,64.085485196,233.310280968,358.477860031
1610679807998,-99.144550272,74.708889080,600.508606931
1610679808093,428.317293332,363.397189723,114.447112856
1610679808188,-159.059398290,90.594721091,584.622742619
1610679808283,-157.430772809,43.565766212,640.908961985
1610679808378,337.887963676,309.110976364,243.276797637
1610679808473,338.887975016,378.654512264,106.818486559
1610679808568,-155.430769782,79.708895500,584.622740424
1610679808663,198.172411139,243.567504130,368.735105270
1610679808758,423.317291186,409.426152658,61.160893054
1610679808853,-84.887307437,122.366479566,497.193410407
1610679808948,44.199621079,157.138207111,493.564788612
1610679809041,469.346271801,436.569289260,40.275025470
1610679809135,8.799269244,186.281333324,369.735102580
1610679809229,-76.630062727,81.337506934,605.137229212
1610679809323,-149.802150348,56.823012883,644.537583900
1610679809417,152.143438286,277.339258899,237.276796833
1610679809511,-140.544908366,63.451621580,620.023096410
1610679809605,362.402456140,325.996869237,217.762307979
1610679809699,309.116238831,344.511377704,126.704354033
1610679809793,-158.059393305,64.080264209,617.394473243
1610679809887,246.201392634,266.082024206,324.706127121
1610679809981,416.060053284,412.426191652,46.903646838
1610679810075,-130.916287571,104.480590104,527.336521934
1610679810169,88.599975924,177.024076246,461.793056132
1610679810259,456.089027967,405.797558649,31.017781271
1610679810354,-15.715222323,176.024068137,404.506836040
1610679810449,36.942383622,146.881004797,527.336518670
1610679810544,463.717654126,418.054828562,81.675378353
1610679810639,127.000329884,248.196160345,294.563016731
1610679810734,-128.287665679,56.822990611,617.394474839
1610679810829,380.288321210,356.139972657,181.990576031
1610679810924,262.087262258,332.625510614,147.218842296
1610679811019,-173.316633271,42.565802017,618.394471835
1610679811114,282.601744769,270.710632201,285.934395563
1610679811209,397.174181659,401.168913195,77.046758962
1610679811304,-150.802149994,85.966125367,567.736875035
1610679811399,123.000328837,189.909933236,418.392702256
1610679811493,447.831785888,410.426193445,29.017780582
1610679811587,243.201396142,240.567558039,317.077503875
1610679811681,4.170650737,117.737890971,539.593762969
1610679811775,471.346280043,420.683474892,63.789510880
1610679811869,95.857223928,231.310321270,329.334747585
1610679811963,-109.401796814,77.337495828,617.394473919
1610679812057,421.317304056,356.140013008,128.704353316
1610679812151,233.944144262,325.996839985,190.619199296
1610679812245,-151.430775636,63.451614607,620.023096787
1610679812339,320.373473499,303.482341964,257.162664465
1610679812433,362.402462848,384.283131925,94.303998476
1610679812527,-149.802149333,69.080263367,576.994118917
1610679812621,165.400686351,223.681685298,379.992346816
1610679812712,428.317299407,376.654472007,151.218843109
1610679812807,-65.372812860,130.995141621,492.564786190
1610679812902,34.313756148,152.509592778,508.450654354
1610679812997,492.860759311,423.683418683,52.532269815
1610679813092,59.456860755,215.424399806,351.849238790
1610679813187,-78.630070978,80.337455082,584.622743805
1610679813282,447.831781775,379.654435279,100.561246618
1610679813377,186.286549992,286.596512058,209.133686078
1610679813472,-149.802148806,63.451644625,630.280339269
1610679813567,364.402456473,338.254115439,207.505063759
1610679813662,330.630725007,353.139986958,100.561244460
1610679813757,-146.802145677,79.337530446,590.251361780
1610679813852,486.232139612,440.569299636,44.275024908
1610679813945,440.203157678,421.683398855,45.903648835
1610679814039,-108.401796907,92.594739349,517.079276994
1610679814133,78.971356001,191.281333738,480.307543621
1610679814227,468.346277686,418.683460082,30.389157309
1610679814321,-10.086597804,176.024083636,415.764079307
1610679814415,-37.229712240,91.594726630,574.994120267
1610679814509,467.346272223,423.683425748,98.561245858
1610679814603,130.628952120,260.453405605,266.419906403
1610679814697,-145.173528077,61.451636304,633.280339719
1610679814791,395.174183785,349.511328079,172.733333143
1610679814885,274.344501050,338.254099269,145.590222050
1610679814979,408.431434613,422.683457015,59.160889794
1610679815073,272.344509723,271.710689141,306.820258642
1610679815164,390.545564941,394.540324671,51.532268936
1610679815259,-144.173532686,90.594717602,562.108254596
1610679815354,119.371705600,186.281303740,437.278568819
1610679815449,469.346272816,423.683429476,12.131914859
1610679815544,-38.229707908,161.766840541,446.535811571
1610679815639,0.170643873,126.995091944,539.593765303
1610679815734,478.603511093,414.054770789,67.160893266
1610679815829,88.599976270,242.567543055,311.448882633
1610679815924,-109.401800171,80.337474728,618.394475060
1610679816019,426.317303241,372.025874049,136.961597699
1610679816114,136.257571938,266.082013606,261.791285110
1610679816209,-163.688022293,46.565732415,622.023097654
1610679816304,317.373477727,309.110990588,250.534040974
1610679816400,357.773833310,383.283084891,105.189867180
1610679816494,-167.688012332,65.080283224,578.994117842
1610679816588,178.657930834,228.681687666,387.620968741
1610679816682,466.717658052,428.312097337,38.646400593
1610679816776,-82.887312586,129.995069264,497.564790104
1610679816870,33.942373464,152.509563009,532.336522124
1610679816964,474.974893186,420.683418899,54.903647750
1610679817058,21.685129763,217.424408140,366.106482445
1610679817152,-84.887305050,84.966140196,571.508606552
1610679817246,-63.372822418,128.995081550,311.164435068
1610679817340,188.915170292,269.710634883,114.019552833
1610679817434,-150.430782620,60.451570713,427.280343268
1610679817528,378.659699919,324.996867181,301.876441931
1610679817617,307.487619187,363.397259006,239.818487054
1610679817711,-169.945256618,40.565793886,583.137228169
1610679817805,250.572771485,267.710651938,490.077504761
1610679817899,436.060050554,406.054796546,114.646403660
1610679817993,-55.401788826,40.966168082,575.593762459
1610679818087,174.228589373,110.024022174,488.421681111
1610679818181,683.974893342,251.312041933,40.389159485
1610679818275,-9.601090351,-583.861809764,429.392702834
1610679818369,-458.688012477,99.823038208,600.879984051
1610679818463,610.089028689,729.426185238,76.418135398
1610679818557,-124.514166807,479.824729120,289.305775508
1610679818651,-31.659039722,319.823015143,610.137229405
1610679818745,466.802811806,397.511365582,176.733331114
1610679818845,278.830014868,334.996867927,165.476087518
1610679818939,-151.316637321,63.451642725,611.137229106
1610679819033,300.230375196,292.225173039,265.791282450
1610679819127,380.659695039,395.540301150,73.418136368
1610679819221,-144.802157691,71.708832894,577.365499706
1610679819315,157.143444900,214.424457882,393.249590019
1610679819409,468.717652462,417.054818101,35.017780441
1610679819503,-131.916285979,60.451623678,614.765852190
1610679819597,16.427890370,127.995106967,539.593764490
1610679819691,493.860764211,421.683449476,36.017779936
1610679819785,32.313749872,215.053017976,345.591994893
1610679819879,-111.401796553,82.966119516,595.879985618
1610679819973,453.460410432,382.283098832,107.189866426
1610679820062,198.172416536,302.482380636,213.133685947
1610679820156,-151.802153447,61.451615459,631.023096741
1610679820250,369.031077274,326.996863463,218.762308291
1610679820344,330.630718486,364.397190082,111.818490783
1610679820438,-172.316637408,59.451642176,615.765851189
1610679820532,217.058276824,242.567501150,344.591995166
1610679820626,63.085490893,166.395474188,477.678921210
1610679820720,-100.144549149,117.737872559,517.079275752
1610679820814,83.971354144,174.024077962,469.421678093
1610679820908,477.974893139,432.569284765,38.646403660
1610679821002,-10.086591845,172.395499030,399.878211122
1610679821096,-52.115581956,90.594704280,573.365499423
1610679821190,471.346277134,414.426212506,72.418133922
1610679821282,131.628946349,250.824747279,286.305774525
1610679821376,-139.544901103,59.451667226,613.765849834
1610679821470,396.174188263,357.768600329,169.104709567
1610679821564,255.458641714,320.368275997,160.847463835
1610679821658,-150.802151997,42.565758411,623.765852142
1610679821752,363.402460414,337.254140205,201.876440366
1610679821846,372.031081527,409.426220989,81.046755517
1610679821940,-120.659042618,80.966107207,560.479631912
1610679822034,161.772058919,211.424407390,402.878214804
1610679822128,467.346276799,409.426210404,25.389157611
1610679822222,-51.115573368,161.766844936,454.164433387
1610679822316,21.056515177,133.623746326,525.707897394
1610679822410,487.232143579,438.569324569,44.275023559
1610679822500,55.456863749,228.681662728,334.334749559
1610679822594,-93.515931907,73.708865901,602.508608185
1610679822688,431.945922369,392.540343876,111.818488428
1610679822782,193.543787369,309.110957979,202.876444260
1610679822876,469.346269490,416.054786523,61.160892415
1610679822970,341.887970567,325.996885828,224.390929135
1610679823064,339.887963810,378.654441841,101.561246263
1610679823158,-158.059397127,67.080240188,593.251364277
1610679823252,233.944145421,249.196138522,342.591994337
1610679823346,431.945916736,402.797552583,22.760537493
1610679823440,-108.401793504,120.366493052,504.193409677
1610679823534,93.228597674,175.024074341,474.050300342
1610679823628,469.346272178,436.569291627,39.646403289
1610679823719,-11.715222107,180.652691546,422.764080072
1610679823813,-54.115582074,92.223325589,559.479633304
1610679823907,468.346269329,405.797541402,67.789514523
1610679824001,426.317295362,426.312045063,50.903647528
1610679824095,-130.287671053,63.451578890,619.394476666
1610679824189,409.431429128,367.397202008,141.961600404
1610679824283,257.458642199,326.996901096,171.104707777
1610679824377,-164.688018200,60.451624297,620.394474209
1610679824471,312.744860874,285.596535053,269.419905365
1610679824565,376.659699307,388.540327973,69.789512863
1610679824659,-141.173529766,84.966113902,566.736875656
1610679824753,177.657927517,219.053044766,391.620969869
1610679824847,454.460407006,422.683431671,29.389158847
1610679824938,-75.630057241,134.623761947,474.050298070
1610679825032,57.828243047,158.138206579,512.450654800
1610679825126,212.429666537,304.482417676,193.619195730
1610679825220,42.571004035,200.167215022,361.849235580
1610679825314,-73.630068928,87.594712072,602.508609267
1610679825408,448.831793878,404.797621603,83.675376343
1610679825502,172.029313341,291.225180963,230.019549702
1610679825596,-147.802157407,54.822968519,624.023098087
1610679825690,370.031081207,352.139998447,194.619196688
1610679825784,324.002095496,351.139940089,120.447113155
1610679825878,-166.688016739,61.451633476,615.765851660
1610679825972,275.344504409,267.710655745,316.448882502
1610679826066,423.317303082,414.054849475,46.275022850
1610679826158,-148.802155019,91.594715845,545.222388531
1610679826253,-17.343842973,153.509588743,414.135457616
1610679826348,469.346273397,420.683433125,23.760536715
1610679826443,-37.229708787,138.252346806,436.649945711
1610679826538,3.170640246,111.109202990,518.079278323
1610679826633,nan,nan,nan
