1610679807754,-1.361288
1610679807849,3.854246
1610679807943,-1.520122
1610679808037,-2.795086
1610679808131,3.541847
1610679808225,-3.978227
1610679808319,-3.474023
1610679808413,2.492295
1610679808507,1.883732
1610679808601,-3.734429
1610679808695,0.799367
1610679808789,3.053164
1610679808883,-3.021630
1610679808977,-1.032808
1610679809071,3.615073
1610679809159,-1.951887
1610679809253,-2.498358
1610679809347,-3.496030
1610679809441,-0.306389
1610679809535,-3.346421
1610679809629,2.854423
1610679809723,1.647921
1610679809817,-3.790636
1610679809911,1.344098
1610679810005,2.880245
1610679810099,-3.749673
1610679810193,-0.526993
1610679810287,3.753378
1610679810379,-2.316705
1610679810474,-1.118187
1610679810569,3.731657
1610679810664,-0.530946
1610679810759,-3.032590
1610679810854,2.825635
1610679810949,0.975035
1610679811044,-3.762766
1610679811139,2.030069
1610679811234,2.689585
1610679811329,-3.795942
1610679811424,0.025983
1610679811519,3.498441
1610679811615,1.557525
1610679811710,-1.439802
1610679811805,3.768685
1610679811900,-0.867286
1610679811995,-3.021362
1610679812090,3.654363
1610679812185,0.533048
1610679812280,-3.676911
1610679812375,2.263895
1610679812470,2.194408
1610679812565,-3.606398
1610679812660,0.363432
1610679812755,3.358175
1610679812849,-2.714966
1610679812943,-1.274730
1610679813037,4.166785
1610679813131,-1.429248
1610679813225,-2.449989
1610679813319,3.840747
1610679813413,0.022833
1610679813507,-3.549958
1610679813601,2.754628
1610679813695,2.005042
1610679813789,-3.758573
1610679813883,3.881815
1610679813977,3.261685
1610679814068,-3.079717
1610679814162,-0.762440
1610679814256,3.690903
1610679814350,-2.148261
1610679814444,-1.851748
1610679814538,3.796577
1610679814632,-0.534353
1610679814726,-3.415624
1610679814820,3.211928
1610679814914,1.196252
1610679815008,2.669931
1610679815102,1.872164
1610679815196,2.658609
1610679815286,-3.700568
1610679815381,-0.021955
1610679815476,3.762885
1610679815571,-2.557342
1610679815666,-1.529172
1610679815761,3.934109
1610679815856,-1.105084
1610679815951,-2.999160
1610679816046,3.504518
1610679816141,-0.460934
1610679816236,-3.637453
1610679816331,2.255846
1610679816426,2.186170
1610679816521,-3.872727
1610679816616,0.634125
1610679816711,3.771860
1610679816806,-2.937189
1610679816901,-0.908126
1610679816996,4.279710
1610679817091,-1.260338
1610679817186,-1.243774
1610679817281,1.268065
1610679817376,10.351422
1610679817471,-4.159757
1610679817566,-3.508150
1610679817661,0.312447
1610679817756,-8.733232
1610679817850,1.021936
1610679817944,3.360677
1610679818038,-2.710308
1610679818132,-0.210349
1610679818226,4.009345
1610679818320,-2.330463
1610679818414,-3.684034
1610679818508,3.774940
1610679818602,-0.932859
1610679818696,-2.973877
1610679818790,3.343587
1610679818884,0.913587
1610679818972,-3.870346
1610679819066,1.920886
1610679819160,2.407530
1610679819254,-3.645442
1610679819348,0.304632
1610679819442,3.775645
1610679819536,-3.182063
1610679819630,-1.297983
1610679819724,4.199161
1610679819818,-1.895322
1610679819912,-3.027654
1610679820006,3.915522
1610679820100,0.217288
1610679820193,-3.626274
1610679820287,2.922481
1610679820381,1.832369
1610679820475,-3.915965
1610679820569,1.145425
1610679820663,-0.839254
1610679820757,-3.179750
1610679820851,-0.600364
1610679820945,3.692702
1610679821039,-2.110419
1610679821133,-2.131039
1610679821227,3.952927
1610679821321,-0.472328
1610679821410,-3.287656
1610679821504,3.186590
1610679821598,1.018101
1610679821692,-3.429854
1610679821786,2.719657
1610679821880,2.137125
1610679821974,-3.249165
1610679822068,0.387987
1610679822162,3.902054
1610679822256,-2.822114
1610679822350,-1.278870
1610679822444,3.910227
1610679822538,-1.486902
1610679822629,-2.592415
1610679822723,3.395500
1610679822817,0.037682
1610679822911,3.865999
1610679823005,2.450810
1610679823099,1.933292
1610679823193,-3.777154
1610679823287,1.376797
1610679823381,3.305171
1610679823475,-3.380886
1610679823569,-0.369458
1610679823663,3.633272
1610679823757,-2.432630
1610679823849,-2.188860
1610679823943,3.962038
1610679824037,2.979439
1610679824131,-3.081288
1610679824225,3.242317
1610679824319,0.975376
1610679824413,-3.843987
1610679824507,2.374471
1610679824601,2.410891
1610679824695,-3.699471
1610679824789,0.684498
1610679824883,3.466202
1610679824977,-2.992233
1610679825066,-0.917515
1610679825160,0.426228
1610679825254,-1.718783
1610679825348,-2.506028
1610679825442,3.572861
1610679825536,-0.146153
1610679825630,-3.429994
1610679825724,2.622244
1610679825818,1.902309
1610679825912,-3.825458
1610679826006,1.871716
1610679826100,3.041259
1610679826194,-3.831607
1610679826286,-2.102440
1610679826380,3.781973
1610679826474,-2.276687
1610679826568,-1.331855
nan,nan
