1610679874301	783	263	566
1610679874395	781	259	573
1610679874489	734	235	620
1610679874583	734	233	620
1610679874677	791	269	541
1610679874771	794	270	541
1610679874865	768	245	597
1610679874959	759	244	605
1610679875050	748	244	602
1610679875144	753	249	589
1610679875238	792	270	545
1610679875332	790	268	550
1610679875426	744	231	622
1610679875520	742	236	625
1610679875614	773	256	565
1610679875708	782	264	549
1610679875802	783	256	570
1610679875896	778	254	583
1610679875990	739	233	622
1610679876084	740	236	615
1610679876178	787	267	545
1610679876270	793	272	536
1610679876364	755	245	608
1610679876458	750	237	614
1610679876552	752	245	590
1610679876646	758	249	582
1610679876740	792	266	556
1610679876834	789	262	554
1610679876928	740	231	625
1610679877022	732	232	623
1610679877116	772	262	560
1610679877210	785	264	549
1610679877304	778	254	574
1610679877398	770	252	586
1610679877488	741	235	618
1610679877582	747	238	612
1610679877676	795	270	541
1610679877770	795	271	542
1610679877864	749	240	607
1610679877958	752	236	617
1610679878052	756	245	590
1610679878146	760	254	578
1610679878240	791	263	552
1610679878334	792	260	559
1610679878428	742	234	626
1610679878522	736	233	622
1610679878616	785	266	555
1610679878707	786	268	547
1610679878801	771	252	583
1610679878895	770	251	593
1610679878989	740	234	612
1610679879083	747	244	607
1610679879177	793	271	543
1610679879271	798	272	544
1610679879365	751	238	617
1610679879459	746	234	621
1610679879553	762	250	583
1610679879647	760	254	573
1610679879741	795	264	559
1610679879835	784	259	566
1610679879927	738	233	626
1610679880021	740	234	623
1610679880115	784	268	548
1610679880209	789	267	548
1610679880303	772	248	591
1610679880397	766	246	602
1610679880491	743	241	609
1610679880585	743	244	601
1610679880679	796	266	542
1610679880773	795	269	544
1610679880867	745	234	620
1610679880961	745	239	624
1610679881055	768	254	577
1610679881144	770	255	569
1610679881238	787	266	556
1610679881332	773	252	582
1610679881426	734	234	627
1610679881520	740	231	620
1610679881614	788	260	551
1610679881708	795	269	544
1610679881802	765	245	597
1610679881896	763	248	603
1610679881990	743	240	605
1610679882084	747	245	598
1610679882178	796	266	540
1610679882272	794	270	546
1610679882362	747	235	623
1610679882456	737	234	624
1610679882550	765	255	575
1610679882644	773	266	565
1610679882738	782	263	567
1610679882832	780	258	574
1610679882926	738	236	622
1610679883020	739	231	620
1610679883114	788	265	544
1610679883208	789	270	542
1610679883302	764	242	597
1610679883396	758	243	607
1610679883490	750	242	600
1610679883584	756	245	597
1610679883678	794	267	544
1610679883772	791	268	548
1610679883866	741	230	620
1610679883960	737	234	627
1610679884054	764	254	569
1610679884148	779	265	551
1610679884242	782	256	569
1610679884336	774	251	575
1610679884430	731	231	621
1610679884524	733	231	619
1610679884618	781	265	544
1610679884712	779	262	542
1610679884802	745	230	598
1610679884896	740	222	603
1610679884990	725	229	597
1610679885084	669	317	586
1610679885178	592	207	549
1610679885272	357	-10	542
1610679885366	873	-557	625
1610679885460	1003	-53	622
1610679885554	1001	332	563
1610679885648	949	988	551
1610679885742	1124	1	564
1610679885836	1005	398	576
1610679885930	944	495	615
1610679886027	691	401	608
1610679886121	743	322	537
1610679886215	764	286	533
1610679886309	739	253	602
1610679886403	739	243	664
1610679886497	742	243	670
1610679886591	752	252	555
1610679886685	791	265	518
1610679886779	787	266	697
1610679886873	739	232	594
1610679886967	734	231	24
1610679887061	773	260	507
1610679887155	779	265	505
1610679887247	779	256	441
1610679887341	777	252	416
1610679887435	737	232	530
1610679887529	738	236	572
1610679887623	792	267	519
1610679887717	794	269	524
1610679887811	761	245	591
1610679887905	754	244	605
1610679887999	749	241	589
1610679888093	757	247	583
1610679888187	793	272	547
1610679888281	797	265	550
1610679888375	746	238	623
1610679888463	742	233	624
1610679888557	775	257	561
1610679888651	778	264	550
1610679888745	784	260	568
1610679888839	776	252	579
1610679888933	739	236	619
1610679889027	742	236	616
1610679889121	791	268	542
1610679889215	791	267	541
1610679889309	760	242	600
1610679889403	752	240	609
1610679889497	750	242	600
1610679889591	756	252	585
1610679889683	792	264	543
1610679889778	788	265	558
1610679889873	744	232	620
1610679889968	741	235	624
1610679890063	768	259	565
1610679890158	779	259	555
1610679890253	785	261	567
1610679890348	780	256	573
1610679890443	741	238	616
1610679890538	738	236	620
1610679890633	792	267	545
1610679890728	791	265	543
1610679890823	764	245	594
1610679890919	758	244	605
1610679891013	744	243	596
1610679891107	750	245	592
1610679891201	791	270	542
1610679891295	792	267	545
1610679891389	745	232	624
1610679891483	742	234	618
1610679891577	767	254	569
1610679891671	777	262	565
1610679891765	788	263	564
1610679891859	781	259	570
1610679891953	739	236	621
1610679892047	738	239	620
1610679892136	789	266	547
1610679892231	789	270	543
1610679892326	773	246	592
1610679892421	762	245	601
1610679892516	745	240	604
1610679892611	757	247	591
1610679892706	798	268	541
1610679892801	794	269	546
1610679892896	751	238	611
1610679892991	746	240	619
1610679893086	762	253	576
1610679893181	768	258	569
1610679893276	790	266	562
1610679893373	788	261	563
1610679893467	740	233	622
1610679893561	739	226	621
1610679893655	782	261	551
1610679893749	791	271	546
1610679893843	775	246	580
1610679893937	771	241	589
1610679894031	740	237	613
1610679894125	741	244	606
1610679894219	792	269	537
1610679894313	794	271	543
1610679894407	755	240	610
1610679894501	749	237	614
1610679894590	754	246	589
1610679894685	766	249	576
1610679894780	789	263	549
1610679894875	793	264	555
1610679894970	737	231	627
1610679895065	740	232	624
1610679895160	778	255	555
1610679895255	782	261	553
1610679895350	782	257	573
1610679895445	771	246	598
1610679895540	741	234	614
1610679895635	746	236	613
1610679895730	794	270	544
1610679895823	795	269	541
1610679895917	762	244	601
1610679896011	755	241	612
1610679896105	747	245	599
1610679896199	756	246	590
1610679896293	794	267	543
1610679896387	795	269	548
1610679896481	745	236	622
1610679896575	741	236	624
1610679896669	770	253	567
1610679896763	772	259	565
