1610679726292	109.874866	60.250453	505.256757
1610679726387	183.02846	120.53116	518.795123
1610679726482	120.322949	122.801834	512.610143
1610679726577	99.884186	160.616775	545.542517
1610679726672	114.099586	173.647517	533.200611
1610679726767	172.975262	153.595614	544.878373
1610679726862	239.810656	116.973572	516.787244
1610679726957	162.907472	133.89625	506.234915
1610679727052	143.697484	134.091295	551.23288
1610679727147	198.989862	72.929507	531.636905
1610679727242	181.05847	139.859332	509.157152
1610679727331	156.557397	168.444846	537.561105
1610679727425	183.609655	312.199349	527.330222
1610679727519	180.739716	196.702323	514.03598
1610679727613	127.037111	140.323401	530.111599
1610679727707	167.892083	183.253277	514.03015
1610679727801	201.898261	167.463021	526.868325
1610679727895	117.356927	86.724017	527.336535
1610679727989	76.372929	170.141144	498.077933
1610679728083	151.207127	223.85696	516.708814
1610679728177	139.14068	191.036923	520.14104
1610679728271	190.346894	225.534259	552.726508
1610679728365	125.407228	133.658197	520.85481
1610679728459	246.539241	157.445508	525.009279
1610679728551	194.221795	179.597241	550.836762
1610679728645	144.056779	150.777174	523.827877
1610679728739	204.470258	246.036861	510.366192
1610679728833	185.247516	147.005024	520.735771
1610679728927	109.522858	141.948871	511.79853
1610679729021	214.114705	192.918584	539.647468
1610679729115	148.254757	203.061129	550.833912
1610679729209	166.076539	51.771858	551.67664
1610679729303	221.938879	132.694917	534.306086
1610679729397	153.393317	108.107533	534.739747
1610679729491	206.827813	115.067769	553.918076
1610679729585	206.927563	189.82593	533.155467
1610679729679	104.902186	170.644319	526.092557
1610679729768	196.504403	229.170309	521.90403
1610679729862	268.431979	95.795396	522.147563
1610679729956	202.211458	156.944914	503.76214
1610679730050	96.068683	160.136273	563.855784
1610679730144	135.401391	78.774132	543.597171
1610679730238	146.513558	143.938428	510.759483
1610679730332	162.368849	120.641646	554.356046
1610679730426	121.848271	199.124164	546.791848
1610679730520	148.845641	212.445615	540.651515
1610679730614	137.182349	138.853698	573.732206
1610679730708	129.473066	130.358689	497.269482
1610679730802	184.702385	170.867953	564.311325
1610679730896	213.49093	114.589795	539.665099
1610679730986	123.949247	140.343568	527.990345
1610679731080	133.324171	170.764833	481.858605
1610679731174	184.080332	168.552941	527.962165
1610679731268	192.78257	89.583976	548.35915
1610679731362	130.291363	132.850178	524.44532
1610679731456	140.484921	194.995235	559.704504
1610679731550	212.987257	206.155494	546.133838
1610679731644	191.868203	116.2422	566.363286
1610679731738	141.070103	158.088918	528.082532
1610679731832	185.228515	157.569469	500.369688
1610679731926	137.15607	138.480365	521.997264
1610679732020	160.746961	156.46064	529.56543
1610679732114	168.851109	151.429767	504.236946
1610679732207	186.953202	196.204754	557.115343
1610679732301	122.078476	106.036614	548.267457
1610679732395	163.519857	129.103702	525.349584
1610679732489	86.770516	162.095122	510.606194
1610679732583	127.908696	158.288695	522.867006
1610679732677	211.847865	177.569138	521.036079
1610679732771	183.386882	118.654072	509.748311
1610679732865	131.641283	103.829103	558.554896
1610679732959	116.728921	92.77128	534.118295
1610679733053	145.024445	158.012219	533.409387
1610679733147	194.721546	99.056273	512.025634
1610679733241	92.709804	37.633215	562.953816
1610679733335	248.928776	194.70357	552.005425
1610679733423	197.405704	164.391604	530.591635
1610679733517	204.391845	163.094188	513.788689
1610679733611	129.532744	153.943124	574.286544
1610679733705	159.125996	173.493144	542.196838
1610679733799	251.992593	1.634052	571.077327
1610679733893	355.373349	-5.002398	592.196589
1610679733987	294.050282	-112.658621	637.20629
1610679734081	-17.505303	-579.695649	810.448773
1610679734175	-118.131727	-169.955867	662.776651
1610679734269	-93.815168	301.580002	472.338825
1610679734363	326.414487	626.405212	321.818032
1610679734457	-236.57835	69.234073	560.236351
1610679734551	-94.79038	571.92187	415.259493
1610679734641	250.071432	282.76718	479.902315
1610679734735	224.516409	42.998986	562.309077
1610679734829	164.037053	165.024463	557.757499
1610679734923	151.38575	148.891318	509.509143
1610679735017	197.009902	108.255093	384.649611
1610679735111	124.470822	96.145623	395.480105
1610679735205	183.118803	140.768128	324.875723
1610679735299	148.241518	177.372513	385.448544
1610679735393	101.592022	97.558206	943.706327
1610679735487	202.117506	127.142064	514.868922
1610679735581	137.116376	121.78517	630.943474
1610679735675	201.316918	138.737228	684.103875
1610679735769	220.710516	215.141484	638.05931
1610679735862	226.746502	130.363431	570.898298
1610679735956	226.607945	180.102227	576.464203
1610679736050	166.839015	141.056918	526.928838
1610679736144	170.041315	193.351443	547.856964
1610679736238	122.003035	167.999976	556.881232
1610679736332	181.072459	67.888425	550.36823
1610679736426	141.939649	93.598996	557.977039
1610679736520	209.711755	73.098275	540.392718
1610679736614	132.574764	125.005396	553.179117
1610679736708	157.105258	202.01034	548.425665
1610679736802	140.670767	150.846065	522.907301
1610679736896	129.207507	127.323743	493.45071
1610679736990	155.795734	198.573732	546.856538
1610679737080	103.560969	236.689532	503.619318
1610679737174	159.573368	154.803522	508.653846
1610679737268	159.594061	162.103961	568.175549
1610679737362	146.732589	142.602939	525.404208
1610679737456	122.577367	233.046316	537.482126
1610679737550	135.187423	131.498472	555.117529
1610679737644	109.002505	111.112092	546.537385
1610679737738	221.961894	106.391579	519.061604
1610679737832	191.521028	135.347509	515.774218
1610679737926	187.501693	109.186842	530.179476
1610679738020	158.915888	160.329249	565.601415
1610679738114	136.234069	165.775345	479.147571
1610679738208	166.07239	154.196426	511.644603
1610679738298	157.136743	161.859597	540.541638
1610679738392	182.752182	134.777039	557.961975
1610679738486	180.033696	70.258252	561.493403
1610679738580	152.778641	151.028077	536.997384
1610679738674	188.533198	80.297835	574.261329
1610679738768	188.408997	121.408293	532.487067
1610679738862	151.569722	83.7333	525.336673
1610679738956	66.179657	109.676495	528.625041
1610679739050	222.618774	109.97871	524.877082
1610679739144	94.013519	160.999248	502.565021
1610679739238	184.809305	144.01716	533.90577
1610679739332	199.985107	119.046695	505.448472
1610679739426	93.183238	236.62085	531.903155
1610679739517	158.220378	135.979204	554.099055
1610679739611	154.886619	132.278601	547.307133
1610679739705	120.70534	232.563344	473.313259
1610679739799	222.416835	216.650818	517.532014
1610679739893	112.79709	91.478311	582.597086
1610679739987	183.993983	161.52689	561.445093
1610679740081	200.854683	120.672413	520.831427
1610679740175	194.962041	148.363562	498.470973
1610679740269	130.722896	150.772873	531.700393
1610679740363	225.980869	114.932783	521.127297
1610679740457	181.938912	163.233641	537.669177
1610679740551	111.337455	75.446139	525.580543
1610679740645	216.135801	104.420994	561.338615
1610679740736	231.67969	158.274499	519.090365
1610679740830	216.247752	206.291284	509.013208
1610679740924	169.220546	117.17863	549.144484
1610679741018	166.521451	126.686535	535.684504
1610679741112	128.537018	204.792921	525.2683
1610679741206	234.148559	180.407673	534.893875
1610679741300	100.915113	152.667032	522.023386
1610679741394	184.275211	155.214203	505.93026
1610679741488	196.563459	141.798973	534.695802
1610679741582	182.283009	107.015994	541.194291
1610679741676	168.618642	123.261836	529.21695
1610679741770	179.541277	160.838646	575.312034
1610679741864	162.119918	87.514639	516.219099
1610679741953	180.892429	124.454748	559.610808
1610679742047	205.300845	86.745412	516.221696
1610679742141	194.585636	204.032181	512.426695
1610679742235	138.857115	141.20666	537.14996
1610679742329	181.090479	151.404101	542.970506
1610679742423	209.992299	185.598964	522.715672
1610679742517	160.482165	148.29548	527.015393
1610679742611	160.030024	129.491782	512.61952
1610679742705	130.754638	200.932957	528.513525
1610679742799	148.604367	158.646635	511.681319
1610679742893	242.483356	142.052909	543.904544
1610679742987	215.70944	157.06569	585.058229
1610679743081	125.248621	153.615735	527.141449
1610679743174	189.362364	196.723198	537.967867
1610679743268	179.92658	169.151961	506.483299
1610679743362	173.669139	79.11973	545.140098
1610679743456	106.525014	111.998537	533.832324
1610679743550	177.903846	246.546878	524.242248
