1616035308537,39.970306693,163.309950976,-311.190925908
1616035308631,272.475101266,298.075885239,-651.548760004
1616035308725,102.682092779,211.679380960,-444.842773664
1616035308819,67.655027220,181.766430481,-322.419125117
1616035308913,267.246868654,287.733530229,-627.863993526
1616035309007,163.393885230,245.592336799,-513.782778141
1616035309101,47.084428787,142.853475094,-296.734425190
1616035309195,235.448035835,275.391173440,-559.038064844
1616035309289,204.649199628,283.505292241,-599.065147441
1616035309383,46.084424332,161.309950165,-323.419178597
1616035309477,191.192715944,235.364096022,-486.983980472
1616035309571,252.904514396,293.961770628,-635.092201221
1616035309665,102.682097263,183.880547976,-357.332111072
1616035309753,138.709166934,191.108784599,-402.701577404
1616035309847,265.246864326,304.190005362,-651.548745870
1616035309941,83.111493229,198.337021573,-417.043963852
1616035310035,79.997376004,171.538187424,-334.761560113
1616035310129,266.246862051,303.190004257,-631.978168502
1616035310223,128.480930947,215.793501728,-494.212180027
1616035310317,50.312662706,157.195830738,-316.305061340
1616035310411,259.018627694,281.619409783,-588.722820185
1616035310505,185.964481243,249.706455850,-566.152214319
1616035310599,37.970310497,146.853475589,-296.734416600
1616035310693,223.991558323,253.706457453,-507.554516165
1616035310787,190.078602066,233.249979350,-466.413338150
1616035310881,51.198544278,166.424069783,-321.419173225
1616035310975,156.165647703,201.451144241,-423.272144160
1616035311069,275.475106249,294.961768350,-644.320479381
1616035311163,76.997382425,193.108787086,-394.359176303
1616035311257,109.910339391,181.880549681,-357.446200790
1616035311351,274.589226653,312.418246116,-639.206350845
1616035311445,122.252689269,211.679380933,-468.413370662
1616035311539,70.769141685,165.424070202,-307.962688716
1616035311633,269.246866619,294.847648549,-602.179294833
1616035311727,178.850361699,260.048813661,-538.581619764
1616035311821,39.970299986,154.081709102,-303.962743825
1616035311915,253.904510790,275.391172333,-565.152203370
1616035312009,214.763317554,285.733530187,-598.065159096
1616035312103,43.084425741,161.309950849,-317.305047412
1616035312192,186.964479549,225.021739175,-449.956887957
1616035312286,267.246869078,303.190007669,-654.548705808
1616035312380,70.769146753,172.538191973,-362.446197000
1616035312474,124.366812040,191.108786071,-378.016835995
1616035312568,275.475100587,311.418242835,-651.548765732
1616035312662,100.682097181,209.565263788,-456.070975174
1616035312756,82.111499141,167.424069974,-321.419169914
1616035312850,254.018628097,309.190006522,-613.521651950
1616035312944,159.279766864,240.478217948,-522.896889508
1616035313038,272.360989595,314.532366183,-642.320457000
1616035313132,247.676276314,271.391174344,-569.266287772
1616035313226,217.877435503,271.391171600,-588.836931941
1616035313320,40.970301603,151.967590578,-295.734491578
1616035313416,198.306836952,237.364096847,-483.869846840
1616035313510,253.904512732,303.190008437,-626.863976635
1616035313604,56.426785230,159.195832300,-358.332108012
1616035313698,145.823284430,202.337022336,-401.701592688
1616035313792,267.246874281,299.075890887,-649.548661950
1616035313886,99.682093780,189.108784902,-419.043930071
1616035313980,94.453852587,180.880545033,-342.989804225
1616035314074,290.817465464,304.190007593,-641.320468520
1616035314168,260.018626601,310.418244413,-635.092261107
1616035314262,49.198549341,159.195833625,-298.734414689
1616035314356,138.823287130,205.337023647,-402.701569928
1616035314450,183.964481562,261.048813931,-550.809853705
1616035314544,100.682095493,193.108785734,-419.158034934
1616035314632,212.763315444,237.364097457,-512.668671400
1616035314726,272.475106993,301.075888020,-625.749876570
1616035314820,41.970310514,161.309952832,-328.647370929
1616035314914,65.655028695,158.195834654,-307.076754750
1616035315008,260.018633046,301.190008925,-650.548684009
1616035315102,195.192719023,269.277051987,-560.038102075
1616035315196,114.024454546,186.994666972,-371.788593734
1616035315290,218.991551219,242.478215385,-506.554576057
1616035315384,112.024456975,216.793503313,-459.185078737
1616035315478,174.736242739,265.162933140,-544.581616821
1616035315572,253.904508976,278.505290761,-604.179292442
1616035315666,256.018629702,285.733530066,-580.608683952
1616035315760,53.312658963,161.309948229,-302.848615660
1616035315849,44.198547226,165.195832597,-302.848551833
1616035315943,224.105672247,279.619409308,-602.179305666
1616035316037,233.448033308,297.075888065,-607.293398548
1616035316131,170.622128578,225.021742552,-458.185067946
1616035316225,157.279762667,215.793500057,-424.272180783
1616035316319,63.769144865,172.538191056,-361.560332225
1616035316413,71.883259597,184.880546760,-386.245086657
1616035316507,280.703348516,303.190008739,-650.548687238
1616035316601,278.703344526,320.646484037,-628.978124324
1616035316695,77.111500974,172.538190173,-335.989751006
1616035316789,53.655019598,171.424068854,-321.419189367
1616035316883,149.165646110,242.478217246,-503.440424451
1616035316977,165.622124715,250.706456529,-541.467486685
1616035317069,239.790394593,275.391173844,-570.266296455
1616035317163,197.763317393,254.820575639,-520.896893588
1616035317257,30.084422506,152.967591352,-302.848597446
1616035317351,18.970307793,161.081712893,-325.419155247
1616035317445,219.676275739,298.847651300,-628.863962939
1616035317539,234.246869298,311.075888468,-644.320465331
1616035317633,110.279767971,227.565264016,-423.158016760
1616035317727,30.024453234,230.108785644,-374.902724104
1616035317821,-118.888501520,380.880546888,-386.245084426
1616035317915,32.024456282,437.451145050,-438.614488036
1616035318009,172.703343810,497.190006454,-632.978130364
1616035318103,36.475105857,652.733529542,-621.635766836
1616035318197,-94.344980510,491.967591566,-314.190951659
1616035318288,-96.029698357,476.967590598,-294.620371930
1616035318382,-1.149635522,536.820576394,-551.695715646
1616035318476,98.420960743,606.162934185,-586.608672463
1616035318570,195.333914719,307.048814636,-530.125125608
1616035318664,188.078606931,215.364101021,-491.983893682
1616035318758,116.742071065,-112.804166881,-329.419139318
1616035318852,13.540904058,-71.461810008,-352.989754144
1616035318946,190.904505016,200.190004690,-654.320518916
1616035319040,212.246866681,244.190006505,-672.548726018
1616035319134,78.024455121,161.108786560,-414.016827499
1616035319228,71.567978976,159.652309854,-390.875625226
1616035319322,91.910332945,193.451143094,-369.728641301
1616035319416,114.480931996,218.021740855,-334.869813254
1616035319506,273.703350156,290.961770918,-558.407480324
1616035319600,247.904513740,284.619412383,-323.836894360
1616035319694,31.970305556,144.853473189,134.265541750
1616035319788,35.970303221,144.853472055,163.607879985
1616035319882,210.763313968,274.391170519,-102.608712096
1616035319976,223.105674726,280.619410512,-337.179284767
1616035320070,190.192718864,226.135858822,-295.983955856
1616035320164,173.736241255,226.135858640,-430.500407999
1616035320258,50.312664924,172.538189741,-350.875639191
1616035320352,66.769141603,175.766428089,-397.016836962
1616035320446,264.246868549,305.304126721,-670.662829578
1616035320540,265.246872483,301.190009323,-650.206319178
1616035320634,100.682093910,180.766427039,-341.989781411
1616035320725,65.655025739,162.309952527,-327.419137599
1616035320819,135.595044780,213.679379760,-481.755748951
1616035320913,157.279771606,242.478220251,-526.010968837
1616035321007,253.904507511,280.733528667,-586.722827560
1616035321101,216.877430420,251.820572588,-509.554588621
1616035321195,51.198545749,163.309951189,-281.277967741
1616035321289,42.084421048,160.195829262,-314.076848353
1616035321383,229.219792730,290.847648496,-602.179295759
1616035321477,257.018632553,304.190008686,-629.978091626
1616035321571,167.508004534,230.135859561,-443.842749934
1616035321665,143.823293830,204.565265518,-403.587394140
1616035321759,73.883262782,176.652309689,-371.788582575
1616035321853,75.997381434,197.222905913,-408.815661890
1616035321944,267.246867126,299.190006722,-642.320483642
1616035322038,271.360984256,304.190005664,-630.978144085
1616035322132,67.769144260,166.424071453,-319.533263547
1616035322226,57.426783309,158.195831367,-316.305050427
1616035322320,155.165647351,246.592337157,-519.896891226
1616035322414,185.964479617,261.048812986,-550.695750796
1616035322508,231.333914496,275.391172454,-544.581604726
1616035322602,219.991558075,262.048815259,-515.782756876
1616035322696,29.742070468,155.081713520,-307.962667120
1616035322790,26.742066965,168.424069746,-316.305054574
1616035322884,256.018628574,289.961768136,-633.978125166
1616035322978,266.246868070,309.418245798,-637.206356378
1616035323072,157.165649021,205.565264190,-415.043894429
1616035323161,115.024455571,189.108786779,-382.016823706
1616035323255,87.339741172,192.108787484,-397.473288693
1616035323349,95.567974815,205.565262304,-443.728643019
1616035323443,275.475104392,304.190006065,-630.978137113
1616035323537,261.018632567,286.847650766,-611.407494962
1616035323631,64.540908383,145.853476240,-308.190882521
1616035323725,56.426776516,156.195828068,-300.848630460
1616035323819,184.964482176,253.820575611,-547.695729225
1616035323913,227.105677031,284.733530940,-612.521623263
1616035324007,207.649195047,254.820574164,-521.011038502
1616035324101,202.535074450,241.478215612,-468.527498347
1616035324195,42.084425575,159.195831460,-320.419168118
1616035324289,46.198538175,170.538186128,-342.989821216
1616035324381,244.676271741,303.190007284,-633.092235263
1616035324475,267.246866952,312.418245255,-658.662843037
1616035324569,119.138567623,190.108783255,-376.902765573
1616035324663,99.682096578,176.652309026,-345.103878231
1616035324757,99.682093988,194.222904312,-442.728644165
1616035324851,126.366814171,223.021741576,-476.755681436
1616035324945,272.360990699,285.733531557,-613.521612537
1616035325039,267.246867075,274.391171536,-597.065171676
1616035325133,60.540902560,142.739354104,-301.962692988
1616035325227,29.742065816,158.195830570,-300.848587026
1616035325321,189.078604012,266.162934765,-570.266304457
1616035325415,229.219794563,279.619410768,-616.521638233
1616035325509,219.877438905,238.364099474,-511.668636395
1616035325600,173.622130011,233.249981866,-468.413294481
1616035325694,48.198550463,158.195834170,-323.419121083
1616035325788,63.769139380,174.652307701,-361.446259156
1616035325882,270.475112078,301.190009798,-642.320430247
1616035325976,271.360988804,310.418246489,-639.206344367
1616035326070,96.567981638,181.880549765,-374.902676563
1616035326164,96.567978415,171.538190273,-335.761510649
1616035326258,112.024455003,208.565263738,-444.842737436
1616035326352,141.709167386,240.478216523,-498.326317701
1616035326446,269.246867592,283.619410404,-603.179286629
1616035326540,258.018629502,277.505291352,-578.494566327
1616035326634,57.426782995,145.853473288,-295.734456535
1616035326728,32.742064407,158.195829886,-306.962718211
1616035326817,218.877436830,285.733530171,-584.722801446
1616035326911,234.333914925,291.847649897,-624.749867972
1616035327005,177.850360865,232.249978096,-478.755717851
1616035327099,165.508002643,217.907620026,-433.500407948
1616035327193,55.426781586,166.424069148,-351.332138733
1616035327287,67.769143776,183.994667762,-371.788580023
1616035327381,265.246868406,305.304126652,-629.978114925
1616035327475,288.817462596,305.418244818,-633.092254078
1616035327569,101.682099662,173.652310523,-340.989732928
1616035327663,73.883261234,170.538189628,-319.305044611
1616035327757,128.366813232,224.021741120,-480.755689354
1616035327851,140.823289197,241.478217738,-508.554535223
1616035327945,265.246870721,283.619411924,-582.608663711
1616035328037,236.448031594,257.934694145,-543.581623362
1616035328131,43.084423846,145.853472694,-293.620347536
1616035328225,52.312662185,155.081711176,-302.848588502
1616035328319,225.105672916,284.733528942,-613.521657945
1616035328413,249.790390009,299.075887470,-619.635766797
1616035328507,170.622117624,219.907617924,-440.728683049
1616035328601,145.937413373,204.451146323,-394.473272854
1616035328695,57.426785081,184.880548080,-375.902705814
1616035328789,72.883264487,187.994668443,-399.587403363
1616035328883,279.589228221,302.190008260,-644.320456931
1616035328977,275.475103729,303.190005743,-627.978142699
1616035329071,72.883262665,163.309951706,-320.419151859
1616035329165,71.769143948,169.538190610,-308.076788943
1616035329255,155.165650982,240.478219612,-500.326264071
1616035329349,173.622125468,252.820576203,-532.239241721
1616035329443,251.904513614,286.733531630,-571.266298880
1616035329537,197.306839345,241.478217318,-485.983945969
1616035329631,27.627952987,150.967595099,-295.620293781
1616035329725,37.970311094,161.195833805,-322.419127418
1616035329819,241.562153856,275.505292123,-606.293388099
1616035329913,264.246867517,304.190006911,-634.092241731
1616035330007,153.165645062,207.565262267,-417.043927807
1616035330101,134.595048740,205.565262375,-399.587448697
1616035330195,70.769139178,188.994665529,-379.016857402
1616035330289,84.225621112,205.565264354,-418.043891570
1616035330383,276.475106637,298.075887847,-650.548714733
1616035330476,268.360985640,302.190006336,-625.864013106
1616035330570,74.997377127,164.424068660,-320.419192719
1616035330664,39.970310205,154.081714064,-309.076776992
1616035330758,158.165641221,241.478214872,-518.782823594
