1618477949425,-0.814768
1618477949516,-2.191482
1618477949610,-0.977518
1618477949704,1.527518
1618477949798,2.462969
1618477949892,-0.737298
1618477949986,-2.654673
1618477950080,-1.604541
1618477950174,0.667147
1618477950268,2.997934
1618477950362,0.812451
1618477950456,-2.394261
1618477950550,-0.996980
1618477950644,-0.329626
1618477950734,1.629803
1618477950828,2.011199
1618477950922,-2.385561
1618477951016,-2.353071
1618477951110,0.100570
1618477951204,3.627436
1618477951298,2.492407
1618477951392,-1.107521
1618477951486,-3.380709
1618477951580,-0.935269
1618477951674,2.760256
1618477951768,2.971804
1618477951862,-0.621413
1618477951953,-1.278522
1618477952047,-1.056086
1618477952141,1.613616
1618477952235,3.380571
1618477952329,0.179412
1618477952423,-2.587748
1618477952517,-0.700801
1618477952611,1.890102
1618477952705,2.115443
1618477952799,1.071237
1618477952893,-1.507010
1618477952987,-1.810504
1618477953081,0.175677
1618477953174,2.295789
1618477953268,1.632601
1618477953362,-1.276823
1618477953456,-2.500153
1618477953550,-0.424591
1618477953644,1.766271
1618477953738,1.721713
1618477953832,-0.434511
1618477953926,-2.947970
1618477954020,-1.837260
1618477954114,1.278914
1618477954208,2.230132
1618477954302,1.119424
1618477954391,-1.065433
1618477954485,-0.859364
1618477954579,-0.042030
1618477954673,2.174766
1618477954767,1.092367
1618477954861,-1.787353
1618477954955,-2.626475
1618477955049,-0.180919
1618477955143,1.962688
1618477955237,1.845917
1618477955331,-0.082640
1618477955425,-1.745917
1618477955519,-0.238846
1618477955608,1.591611
1618477955702,3.106256
1618477955796,-0.771183
1618477955890,-3.652087
1618477955984,-1.946939
1618477956078,1.173742
1618477956172,1.083475
1618477956266,-0.089501
1618477956360,-2.558346
1618477956454,-2.547822
1618477956548,0.958979
1618477956642,1.300391
1618477956736,-3.204118
1618477956836,-4.256034
1618477956932,-2.082270
1618477957028,2.564521
1618477957124,3.381531
1618477957220,2.281641
1618477957316,-0.761456
1618477957412,-2.653921
1618477957508,-3.818541
1618477957604,-4.558537
1618477957700,-4.649635
1618477957796,-5.347134
1618477957892,-3.898628
1618477957988,-2.699329
1618477958078,0.873241
1618477958172,2.657198
1618477958266,0.789749
1618477958360,-0.815612
1618477958454,-1.123177
1618477958548,1.287266
1618477958642,3.012279
1618477958736,1.574776
1618477958830,-2.335807
1618477958924,-1.408692
1618477959018,0.769246
1618477959112,2.167247
1618477959206,1.982527
1618477959297,-0.641508
1618477959391,-3.758475
1618477959485,-1.048832
1618477959579,2.159077
1618477959673,2.718052
1618477959767,0.128128
1618477959861,-2.231729
1618477959955,-1.135873
1618477960049,0.760774
1618477960143,0.796698
1618477960237,0.096935
1618477960331,-1.528238
1618477960425,-1.341621
1618477960516,-1.565705
1618477960610,2.259502
1618477960704,-1.476958
1618477960798,-2.014841
1618477960892,1.904599
1618477960986,0.650545
1618477961080,-3.148779
1618477961174,2.340249
1618477961268,1.265807
1618477961362,-2.551209
1618477961456,-2.575415
1618477961550,2.313281
1618477961644,-2.349861
1618477961735,-2.226742
1618477961829,2.687150
1618477961923,-0.794844
1618477962017,-1.096605
1618477962111,1.805421
1618477962205,-0.349474
1618477962299,-2.423770
1618477962393,1.696240
1618477962487,1.319795
1618477962581,-0.128697
1618477962675,1.484373
1618477962769,1.452076
1618477962863,-2.751788
1618477962954,-0.848255
1618477963048,1.587839
1618477963142,-0.905087
1618477963236,-1.554322
1618477963330,2.531814
1618477963424,0.074641
1618477963518,-1.413870
1618477963612,2.581119
1618477963706,1.759161
1618477963800,-2.298359
1618477963894,1.672525
1618477963988,2.523593
1618477964082,-2.360496
1618477964171,0.346217
1618477964265,1.682062
1618477964359,-1.069559
1618477964453,-1.029680
1618477964547,2.383808
1618477964641,-0.917890
1618477964735,-2.065304
1618477964829,2.917450
1618477964923,-0.726745
1618477965017,-2.285848
1618477965111,2.064793
1618477965205,1.509995
1618477965299,-1.513842
1618477965390,0.856207
1618477965484,1.448585
1618477965578,-2.069842
1618477965672,-0.202822
1618477965766,1.022078
1618477965860,-0.767719
1618477965954,0.992624
1618477966048,2.347272
1618477966142,0.437753
1618477966236,-1.714544
1618477966330,1.914370
1618477966424,0.735808
1618477966518,-1.350067
1618477966612,1.289613
1618477966706,1.770272
1618477966800,-0.877936
1618477966894,-0.593922
1618477966988,2.906361
1618477967082,0.434447
1618477967176,-1.737796
1618477967270,1.238184
1618477967364,-0.747888
1618477967458,-0.867557
1618477967552,2.899346
1618477967646,2.389782
1618477967740,-2.593322
