1610679834339	159	329.5	281.5
1610679834433	160	331	282.5
1610679834527	159	330.5	282
1610679834621	161	331	279
1610679834713	163	329.5	279.5
1610679834807	160	331	280
1610679834901	161	332	255.840058
1610679834995	158	330	280.5
1610679835089	160	332	282
1610679835183	159	330	281.5
1610679835277	162	332.5	281
1610679835371	160	332.5	282.5
1610679835465	161	331.5	281
1610679835559	158	330.5	280
1610679835653	162	331	280
1610679835747	159	331	280.5
1610679835841	162	332	281
1610679835939	162	330	281
1610679836033	159	328.5	280
1610679836127	161	330.5	280.5
1610679836221	159	331	280.5
1610679836315	159	330.5	281.5
1610679836409	160	330.5	280
1610679836503	162	330	281.5
1610679836597	161	331	280
1610679836691	159	330.5	281
1610679836785	159	331	282
1610679836879	161	331	281.5
1610679836973	160	331	281.5
1610679837067	159	332	282
1610679837160	161	330	281
1610679837254	157	335.5	284
1610679837348	163	331	280
1610679837442	159	331	280.5
1610679837536	164	281.450047	279.5
1610679837630	158	331	281.5
1610679837724	161	331.5	281
1610679837818	160	328	279
1610679837912	161	329.5	279.5
1610679838006	158	329.5	281.5
1610679838100	157	330	279.5
1610679838194	161	379.549953	281
1610679838288	161	330.5	281.5
1610679838379	159	329	279.5
1610679838473	131.538687	330.5	280
1610679838567	161	329.5	280.5
1610679838661	134.538687	331	303.659942
1610679838755	155	336	282.5
1610679838849	162	378.049953	278
1610679838943	159	329.5	281.5
1610679839037	158	333	283
1610679839131	161	331.5	280.5
1610679839225	161	331	281
1610679839319	163	329	279.5
1610679839413	159	332	281
1610679839507	161	331	282.5
1610679839596	162	329.5	280.5
1610679839691	164	333	282
1610679839786	159	329.5	279.5
1610679839881	163	330	281.5
1610679839976	134.538687	330	305.659942
1610679840071	162	330	281
1610679840166	159	331.5	280
1610679840261	155	334.5	283.5
1610679840356	161	330.5	280
1610679840451	162	330	282
1610679840546	158	330.5	281
1610679840641	158	280.950047	281.5
1610679840736	162	330.5	280.5
1610679840829	161	332	280
1610679840923	160	329.5	279.5
1610679841017	159	329.5	279
1610679841111	162	331	281.5
1610679841205	160	329	281
1610679841299	161	330.5	280
1610679841393	158	330.5	283
1610679841487	163	329	279
1610679841581	163	330	280.5
1610679841675	161	331.5	279.5
1610679841769	161	329.5	279.5
1610679841863	186.461313	330.5	281
1610679841957	162	332	281
1610679842049	158	330	279.5
1610679842143	162	330	280.5
1610679842237	163	329.5	280.5
1610679842331	134.538687	329	280
1610679842425	161	330	280.5
1610679842519	159	331	281.5
1610679842613	160	330.5	279
1610679842707	160	330.5	280
1610679842801	159	330	281.5
1610679842895	160	330.5	282
1610679842989	161	332	283
1610679843083	162	384.049953	281.5
1610679843177	159	331.5	282
1610679843268	163	331.5	279.5
1610679843363	158	330.5	281.5
1610679843458	159	332.5	281.5
1610679843553	159	331.5	279.5
1610679843648	161	331	281
1610679843743	165	330	280.5
1610679843838	162	333	282.5
1610679843933	158	330	281
1610679844028	161	331	282.5
1610679844123	162	332	282.5
1610679844218	162	331	281
1610679844313	163	330.5	281.5
1610679844408	162	330.5	285
1610679844504	157	330.5	282.5
1610679844599	159	331	283
1610679844694	159	280.950047	283
1610679844789	163	333	255.5
1610679844884	162	329.5	219
1610679844979	163	331.5	266.5
1610679845074	164	331	193.5
1610679845169	165	283.450047	480
1610679845264	162	335.5	316.5
1610679845359	175	331	356.5
1610679845454	178	330.5	311
1610679845549	195	322.5	285.5
1610679845644	235	289.5	258
1610679845737	386	194.5	227.159942
1610679845831	245	-40.5	-85
1610679845925	-94	375.049953	330
1610679846019	301	745.5	488.5
1610679846113	-143	410.5	374
1610679846207	86	586.5	481
1610679846301	247	439	330.5
1610679846395	204	366.5	291.5
1610679846489	181	344	286.5
1610679846583	175	336.5	281.5
1610679846677	170	336	307.159942
1610679846771	163	333.5	284
1610679846865	164	332.5	282
1610679846957	135.538687	332	281.5
1610679847051	134.538687	332.5	284.5
1610679847145	164	329	281
1610679847239	161	331.5	283.5
1610679847333	162	331	283
1610679847427	162	330.5	281.5
1610679847521	160	330.5	281.5
1610679847615	163	329	280
1610679847709	162	329.5	283
1610679847803	161	331.5	280.5
1610679847897	186.461313	330.5	258.840058
1610679847991	162	329	280.5
1610679848085	164	330	257.340058
1610679848175	160	329.5	281
1610679848270	162	331	281
1610679848365	160	331	283
1610679848460	161	332	283.5
1610679848555	164	333	284
1610679848650	161	329.5	280.5
1610679848745	162	330.5	256.840058
1610679848840	162	330.5	282.5
1610679848935	161	329.5	282.5
1610679849030	161	334	283
1610679849125	158	331.5	283
1610679849220	162	330.5	282.5
1610679849315	163	330.5	282
1610679849412	161	332	281.5
1610679849507	161	330	282
1610679849602	160	330	281.5
1610679849697	163	330.5	281.5
1610679849792	163	331	281.5
1610679849887	159	330.5	280
1610679849982	133.538687	328.5	282.5
1610679850077	185.461313	331.5	282
1610679850172	182.461313	328.5	280
1610679850267	157	335	283.5
1610679850362	161	378.549953	281
1610679850457	164	328.5	281.5
1610679850552	161	330.5	280.5
1610679850643	159	331	282
1610679850737	157	328.5	280.5
1610679850831	160	334.5	282.5
1610679850925	159	329	281
1610679851019	161	330.5	281
1610679851113	163	331	281.5
1610679851207	160	330.5	281
1610679851301	159	332.5	283
1610679851395	163	330	282
1610679851489	159	332	282
1610679851583	160	329	281
1610679851677	161	330.5	281
1610679851771	162	329.5	282
1610679851861	164	332.5	283
1610679851955	165	329	281.5
1610679852049	162	335	283.5
1610679852143	159	328	280
1610679852237	163	279.950047	282
1610679852331	160	331	282.5
1610679852425	161	330	282.5
1610679852519	160	331.5	282
1610679852613	159	332	282.5
1610679852707	160	329.5	282
1610679852801	160	331.5	284
1610679852895	159	330.5	282
1610679852989	161	329.5	281.5
1610679853081	158	335	284.5
1610679853176	160	329	282
1610679853271	160	330	281
1610679853366	160	331.5	282
1610679853461	161	281.450047	283.5
1610679853556	162	334.5	283
1610679853651	161	328.5	280.5
1610679853746	160	330	284
1610679853841	160	329	282.5
1610679853936	158	333	284
1610679854031	162	330	282.5
1610679854126	163	329	281
1610679854221	162	330	283.5
1610679854314	158	331	281.5
1610679854409	162	330	282
1610679854504	160	331.5	280.5
1610679854599	160	330	280.5
1610679854694	162	328.5	280
1610679854789	158	330.5	282.5
1610679854884	159	330.5	282.5
1610679854979	158	330.5	283
1610679855074	158	330.5	284.5
1610679855169	160	330.5	281.5
1610679855264	157	329	281
1610679855359	160	329.5	282.5
