1618477239910,0.016521
1618477240005,0.007737
1618477240100,0.013873
1618477240195,-0.014477
1618477240290,0.044870
1618477240385,0.073134
1618477240480,-0.026252
1618477240575,-0.054516
1618477240670,-0.073910
1618477240765,0.076040
1618477240860,-0.105662
1618477240955,-0.079377
1618477241051,-0.111215
1618477241145,0.008320
1618477241239,-0.042740
1618477241333,-0.003456
1618477241427,-0.060155
1618477241521,-0.037855
1618477241615,-0.029072
1618477241709,-0.031892
1618477241803,-0.108481
1618477241897,-0.011829
1618477241991,-0.006190
1618477242085,-0.011743
1618477242179,-0.011743
1618477242268,-0.009009
1618477242362,-0.082865
1618477242456,-0.042740
1618477242550,0.032513
1618477242644,0.011053
1618477242738,0.008233
1618477242832,0.050424
1618477242926,0.027628
1618477243020,0.039489
1618477243114,-0.116769
1618477243208,-0.017296
1618477243302,-0.031806
1618477243396,-0.108481
1618477243488,-0.051868
1618477243582,-0.145118
1618477243676,-0.040093
1618477243770,0.033936
1618477243864,0.039317
1618477243958,-0.059229
1618477244052,-0.037273
1618477244146,-0.147680
1618477244240,-0.009009
1618477244334,-0.154160
1618477244428,-0.080218
1618477244522,0.036669
1618477244616,-0.014477
1618477244709,-0.014563
1618477244803,-0.017879
1618477244897,0.044956
1618477244991,-0.057335
1618477245085,-0.065709
1618477245179,-0.105662
1618477245273,-0.051868
1618477245367,0.022074
1618477245461,-0.026252
1618477245555,0.026959
1618477245649,-0.100280
1618477245743,0.007479
1618477245837,0.004831
1618477245925,-0.042826
1618477246019,-0.060996
1618477246113,0.012774
1618477246207,0.046506
1618477246301,0.025603
1618477246395,0.066608
1618477246489,0.189758
1618477246583,0.229751
1618477246677,0.125956
1618477246771,0.110652
1618477246865,-4.781096
1618477246959,-0.059892
1618477247053,-0.021149
1618477247145,0.162466
1618477247239,0.162420
1618477247333,0.305804
1618477247427,0.343859
1618477247521,0.443589
1618477247615,0.417132
1618477247709,0.282689
1618477247803,0.054818
1618477247897,0.181309
1618477247991,0.077209
1618477248085,0.393253
1618477248179,0.362984
1618477248273,0.087895
1618477248364,-0.308622
1618477248458,-1.650525
1618477248552,-0.410022
1618477248646,0.186946
1618477248740,-3.248201
1618477248834,-3.081057
1618477248928,-1.581826
1618477249022,1.020800
1618477249116,1.290947
1618477249210,0.937627
1618477249304,1.060208
1618477249398,-2.325093
1618477249492,-3.825035
1618477249586,-5.599647
1618477249680,-5.344629
1618477249774,-4.602877
1618477249868,-4.249067
1618477249962,-3.331750
1618477250056,-2.319269
1618477250150,-1.668881
1618477250244,-1.106857
1618477250338,-0.845574
1618477250432,-0.558675
1618477250526,-0.374067
1618477250620,-0.303527
1618477250714,-0.218650
1618477250807,-0.145290
1618477250901,-0.138983
1618477250995,-0.065040
1618477251089,-0.141716
1618477251183,-0.048380
1618477251277,-0.187977
1618477251371,0.048359
1618477251465,-0.037359
1618477251559,0.008320
1618477251653,-0.091325
1618477251747,-0.056753
1618477251841,0.014627
1618477251935,-0.099526
1618477252027,3.325082
1618477252121,-0.028986
1618477252215,-0.049134
1618477252309,-0.048380
1618477252403,-0.048380
1618477252497,-0.048380
1618477252591,0.028382
1618477252685,0.036583
1618477252779,-0.199752
1618477252873,0.008320
1618477252967,0.053912
1618477253061,-0.045646
1618477253155,-0.077484
1618477253243,-0.031806
1618477253337,-0.050942
1618477253431,-0.017296
1618477253525,-0.057422
1618477253619,0.044870
1618477253713,-0.034539
1618477253807,-0.122322
1618477253901,-0.096878
1618477253995,-0.159713
1618477254089,-0.017210
1618477254183,0.084995
1618477254277,-0.094058
1618477254371,-0.040007
1618477254461,0.008320
1618477254556,0.132739
1618477254651,-0.116769
1618477254746,-0.085685
1618477254841,-0.008083
1618477254936,-0.017296
1618477255031,-0.060069
1618477255126,0.013787
1618477255221,-0.127876
1618477255316,-0.040007
1618477255411,0.028468
1618477255506,0.064933
1618477255601,-0.042826
1618477255695,0.025562
1618477255788,-0.011657
1618477255881,-0.042826
1618477255974,-0.096878
1618477256067,0.113431
1618477256160,0.039403
1618477256253,3.547411
1618477256346,-0.014477
1618477256439,-0.099526
1618477256532,0.039489
1618477256625,-0.040093
1618477256718,-0.053847
1618477256811,-0.065623
1618477256910,-0.041900
1618477257004,-0.060069
1618477257098,0.008320
1618477257192,-0.009009
1618477257286,-0.048380
1618477257380,-0.042912
