1618477987633,-94.003925120,229.411944634,233.020376356
1618477987727,-92.003925084,226.411949998,236.020376170
1618477987821,-96.003925084,235.411950007,233.020376169
1618477987915,-93.003925095,230.411948396,233.020376225
1618477988009,-90.003925039,229.411956757,232.020375935
1618477988103,-93.003925017,227.411960025,233.020375822
1618477988197,-90.003925010,228.411961045,235.020375787
1618477988291,-92.003925136,227.411942188,234.020376440
1618477988385,-90.003925037,227.411957054,231.020375925
1618477988479,-92.003925160,227.411938666,235.020376562
1618477988573,-93.003925214,227.411930615,232.020376841
1618477988667,-93.003925114,226.411945469,232.020376327
1618477988761,-91.003925156,226.411939204,235.020376544
1618477988855,-93.003925017,227.411960025,233.020375822
1618477988949,-92.003925070,231.411952159,233.020376095
1618477989043,-94.003925097,229.411948155,232.020376234
1618477989137,-91.003925180,226.411935682,236.020376666
1618477989231,-87.003925030,228.411958075,233.020375890
1618477989325,-96.003925084,235.411950007,233.020376169
1618477989419,-92.003925183,227.411935144,236.020376684
1618477989513,-92.003925086,228.411949701,237.020376180
1618477989607,-94.003925021,228.411959487,233.020375841
1618477989701,-92.003925132,223.411942782,232.020376420
1618477989795,-94.003925142,227.411941409,233.020376467
1618477989887,-89.003925059,228.411953774,233.020376039
1618477989981,-92.003925136,227.411942188,234.020376440
1618477990075,-94.003925021,228.411959487,233.020375841
1618477990169,-90.230671041,342.259665993,230.006206098
1618477990263,-94.003925144,229.411941112,234.020376478
1618477990357,-95.003925145,228.411940871,233.020376486
1618477990451,-92.003925091,229.411948935,233.020376207
1618477990545,-93.003925216,229.411930318,233.020376852
1618477990639,-92.003925089,227.411949231,232.020376196
1618477990733,-94.003925118,227.411944930,232.020376345
1618477990827,-95.003925081,234.411950545,233.020376151
1618477990921,-91.003925086,226.411949770,232.020376178
1618477991015,-93.003925116,228.411945172,233.020376337
1618477991106,-94.003925021,228.411959487,233.020375841
1618477991200,-89.003925225,225.411928949,234.020376899
1618477991294,-93.003925192,229.411933840,232.020376730
1618477991388,-91.003925088,228.411949473,233.020376188
1618477991482,-93.003925169,229.411937362,231.020376608
1618477991576,-92.003925089,227.411949231,232.020376196
1618477991670,-95.003925024,229.411958949,233.020375860
1618477991764,-92.003925012,224.411960860,232.020375793
1618477991858,-94.003925165,227.411937887,234.020376589
1618477991952,-92.003925188,228.411934378,232.020376711
1618477992046,-93.003925043,229.411956206,235.020375955
1618477992140,-94.003925095,227.411948452,231.020376223
1618477992234,-93.003925140,228.411941650,234.020376459
1618477992323,-95.003925102,232.411947320,233.020376262
1618477992417,-91.003925161,227.411938438,231.020376570
1618477992511,-91.003925140,229.411941663,231.020376459
1618477992605,-93.003925214,227.411930615,232.020376841
1618477992699,-97.003925127,228.411943613,231.020376391
1618477992793,-95.003925221,229.411929539,232.020376879
1618477992887,-91.003925036,227.411957282,235.020375917
1618477992981,-94.003925194,228.411933599,231.020376738
1618477993075,-92.003925068,229.411952456,232.020376085
1618477993169,-93.003925214,227.411930615,232.020376841
1618477993263,-92.003925210,226.411931153,232.020376823
1618477993357,-93.003925167,227.411937659,230.020376597
1618477993451,-91.003925107,224.411946545,232.020376289
1618477993539,-92.003925035,224.411957338,233.020375915
1618477993633,-93.003925165,230.411937831,236.020376591
1618477993727,-93.003925161,226.411938425,234.020376571
1618477993821,-94.003925124,233.411944040,235.020376376
1618477993915,-93.003925185,226.411934903,235.020376693
1618477994009,-96.003925080,231.411950601,231.020376149
1618477994103,-92.003925061,226.411953519,235.020376048
1618477994197,-93.003925067,226.411952512,230.020376083
1618477994291,-96.003925073,228.411951664,234.020376112
1618477994385,-93.003925169,229.411937362,231.020376608
1618477994479,-93.003925093,228.411948693,232.020376215
1618477994573,-92.003925181,225.411935441,235.020376674
1618477994667,-94.003925097,229.411948155,232.020376234
1618477994760,-97.003925032,231.411957873,233.020375897
1618477994854,-93.003925133,225.411942713,237.020376422
1618477994948,-93.003925216,229.411930318,233.020376852
1618477995042,-95.003925046,227.411955724,233.020375971
1618477995136,-93.003925116,228.411945172,233.020376337
1618477995230,-93.003925140,228.411941650,234.020376459
1618477995324,-99.003925181,230.411935494,233.020376672
1618477995418,-93.003925113,229.411945641,238.020376321
1618477995512,-93.003925142,230.411941353,235.020376469
1618477995606,-94.003925144,229.411941112,234.020376478
1618477995700,-93.003925214,227.411930615,232.020376841
1618477995794,-92.003925012,224.411960860,232.020375793
1618477995888,-94.003925189,227.411934365,235.020376711
1618477995980,-92.003925134,225.411942485,233.020376430
1618477996074,-94.003925212,227.411930843,236.020376833
1618477996168,-89.003925175,226.411936462,237.020376639
1618477996262,-92.003925212,228.411930856,233.020376833
1618477996356,-92.003925108,226.411946476,237.020376292
1618477996450,-93.003925135,227.411942416,238.020376432
1618477996544,-90.003925180,229.411935627,238.020376668
1618477996638,-92.003925148,223.411940496,242.020376499
1618477996732,-92.003925225,226.411928867,242.020376902
1618477996826,-96.003925203,229.411932238,254.020376785
1618477996920,-89.003925199,228.411932828,267.020376765
1618477997014,-91.003925127,227.411943565,295.020376393
1618477997108,-92.003925041,229.411956533,315.020375943
1618477997199,-90.003925167,227.411937529,302.020376602
1618477997293,-87.003925020,229.411959595,219.020375837
1618477997387,-88.003925052,224.411954820,152.020376003
1618477997481,-86.003925052,222.411954846,171.020376002
1618477997575,-81.003925141,223.411941508,197.020376464
1618477997669,-78.003925163,224.411938140,247.020376581
1618477997763,-67.003925061,227.411953412,204.020376051
1618477997857,-48.003925063,233.411953128,167.020376061
1618477997951,-18.003925109,266.411946264,179.020376299
1618477998045,-11.003925065,354.411952918,217.020376068
1618477998139,-92.003925128,486.411943408,226.020376398
1618477998233,-117.003925217,479.411930134,230.020376858
1618477998327,-219.003925179,302.411935820,230.020376661
1618477998418,-157.003925106,159.411946790,232.020376281
1618477998512,-118.003925039,154.411956734,232.020375936
1618477998606,-12.003925017,227.411960136,231.020375818
1618477998700,-55.003925076,424.411951272,232.020376126
1618477998794,-132.003925110,250.411946173,233.020376302
1618477998888,-114.003925067,246.411952544,231.020376081
1618477998982,-118.003925114,239.411945599,232.020376322
1618477999076,-113.003925184,228.411935093,233.020376686
1618477999170,-106.003925146,228.411940724,231.020376491
1618477999264,-102.003925039,229.411956839,234.020375933
1618477999358,-98.003925102,228.411947363,234.020376261
1618477999452,-97.003925172,226.411936867,232.020376625
1618477999546,-96.003925222,228.411929298,231.020376887
1618477999634,-97.003925195,226.411933345,233.020376747
1618477999728,-97.003925120,225.411944676,234.020376354
1618477999822,-95.003925046,227.411955724,233.020375971
1618477999916,-92.003925163,226.411938197,230.020376579
1618478000010,-94.003925075,231.411951380,232.020376122
1618478000104,-94.003925196,230.411933302,232.020376748
1618478000198,-93.003925138,226.411941947,233.020376449
1618478000292,-95.003925091,225.411948977,234.020376205
1618478000386,-94.003925183,226.411935131,239.020376685
1618478000480,-94.003925142,227.411941409,233.020376467
1618478000574,-95.003925145,228.411940871,233.020376486
1618478000668,-92.003925091,229.411948935,233.020376207
1618478000762,-97.003925098,227.411947901,234.020376242
1618478000854,-93.003925161,226.411938425,234.020376571
1618478000948,-96.003925219,229.411929767,236.020376871
1618478001042,-92.003925039,228.411956744,235.020375936
1618478001136,-93.003925048,230.411955440,231.020375981
1618478001230,-94.003925097,229.411948155,232.020376234
1618478001324,-94.003925093,225.411948749,230.020376213
1618478001418,-92.003925044,229.411955978,231.020375962
1618478001512,-97.003925025,228.411958936,236.020375860
1618478001606,-95.003925093,227.411948680,235.020376215
1618478001700,-95.003925216,228.411930305,236.020376852
1618478001794,-94.003925144,229.411941112,234.020376478
1618478001888,-93.003925061,228.411953451,240.020376050
1618478001982,-92.003925066,227.411952753,231.020376074
1618478002071,-92.003925014,226.411960563,233.020375804
1618478002165,-90.003925129,225.411943264,234.020376403
1618478002259,-97.003925030,229.411958170,232.020375887
1618478002353,-95.003925068,225.411952499,233.020376083
1618478002447,-94.003925021,228.411959487,233.020375841
1618478002541,-95.003925046,227.411955724,233.020375971
1618478002635,-93.003925116,228.411945172,233.020376337
1618478002729,-92.003925186,226.411934675,231.020376701
1618478002823,-92.003925163,226.411938197,230.020376579
1618478002917,-93.003925017,227.411960025,233.020375822
1618478003011,-95.003925217,225.411930133,230.020376858
1618478003105,-97.003925202,229.411932282,230.020376784
1618478003199,-93.003925140,228.411941650,234.020376459
1618478003292,-94.003925215,226.411930374,231.020376850
1618478003386,-93.003925086,225.411949756,235.020376178
1618478003480,-94.003925066,226.411952740,234.020376075
1618478003574,-93.003925041,227.411956503,234.020375944
1618478003668,-92.003925134,225.411942485,233.020376430
1618478003762,-91.003925084,224.411950066,231.020376167
1618478003856,-95.003925019,228.411959715,237.020375833
1618478003950,-94.003925120,229.411944634,233.020376356
1618478004044,-92.003925138,229.411941891,235.020376451
1618478004138,-94.003925144,229.411941112,234.020376478
1618478004232,-93.003925169,229.411937362,231.020376608
1618478004326,-94.003925073,229.411951677,231.020376112
1618478004420,-94.003925097,229.411948155,232.020376234
1618478004511,-95.003925046,227.411955724,233.020375971
1618478004605,-93.003925169,229.411937362,231.020376608
1618478004699,-93.003925206,224.411931678,235.020376804
1618478004793,-93.003925169,229.411937362,231.020376608
1618478004887,-96.003925170,227.411937108,233.020376616
1618478004981,-95.003925042,223.411956318,231.020375951
1618478005075,-93.003925041,227.411956503,234.020375944
1618478005169,-97.003925127,228.411943613,231.020376391
1618478005263,-95.003925190,226.411934124,234.020376720
1618478005357,-94.003925037,225.411957028,237.020375926
1618478005451,-97.003925195,226.411933345,233.020376747
1618478005545,-93.003925116,228.411945172,233.020376337
1618478005639,-95.003925120,226.411944689,231.020376354
1618478005730,-95.003925024,229.411958949,233.020375860
1618478005824,-96.003925118,226.411944917,235.020376346
1618478005918,-97.003925098,227.411947901,234.020376242
1618478006012,-97.003925073,225.411951720,232.020376110
