1618476537640	4.410618	258.705125	442.06672
1618476537734	-14.431221	263.146912	437.016937
1618476537828	-22.605855	290.067407	433.679266
1618476537922	-21.895296	266.156321	440.434866
1618476538016	-2.892037	256.512039	457.977377
1618476538110	-13.572574	273.209119	457.518881
1618476538204	0.901744	271.976443	426.319221
1618476538298	-1.1355	263.462019	446.471877
1618476538392	-9.971556	286.009062	425.250958
1618476538486	5.415109	290.695641	449.334119
1618476538580	0.110834	280.773651	443.917346
1618476538674	-33.94217	244.981272	420.744092
1618476538771	-13.435636	224.128117	452.584434
1618476538864	-7.366754	269.474237	431.898967
1618476538957	-2.111013	252.033478	434.141648
1618476539050	-25.945833	276.521748	443.621317
1618476539143	-19.84121	273.13875	453.441335
1618476539236	6.381162	299.912988	439.038955
1618476539329	-3.092939	262.222277	428.920573
1618476539422	-22.479174	269.662643	446.546544
1618476539515	-13.651777	302.762554	445.573384
1618476539608	-32.308236	307.931797	448.550797
1618476539701	-9.364669	240.350229	428.162318
1618476539794	-2.403826	291.970727	437.341336
1618476539887	-0.015595	311.710243	423.152106
1618476539983	-3.997298	325.178244	442.379712
1618476540077	21.106223	300.53944	442.89296
1618476540171	-7.351058	276.502971	441.352161
1618476540265	4.371188	263.071377	425.19456
1618476540359	-12.520686	309.535732	427.942602
1618476540453	-21.003517	293.581708	455.097738
1618476540547	15.202692	278.775135	439.241307
1618476540641	-9.29751	272.589216	427.852964
1618476540735	-3.317112	288.561216	448.640685
1618476540829	-24.31924	248.318899	447.501128
1618476540923	-26.16767	257.314506	443.838371
1618476541017	9.683574	285.36634	438.53917
1618476541111	4.080476	261.675031	464.275772
1618476541202	11.457349	264.708177	436.842253
1618476541296	-2.364697	246.816049	460.765706
1618476541390	-11.128991	273.887486	462.422845
1618476541484	-6.000803	299.603588	448.615616
1618476541578	-10.860775	251.228834	452.730568
1618476541672	-18.035699	244.28992	431.2396
1618476541766	-11.902696	268.740898	425.282576
1618476541860	-27.81915	304.185159	441.186856
1618476541954	-22.117849	278.702675	445.920553
1618476542048	-37.959643	294.51276	452.385009
1618476542142	3.563942	262.647537	450.844597
1618476542236	11.562463	288.665482	443.554406
1618476542330	-14.291666	259.497918	433.333455
1618476542419	-11.260502	258.589045	433.070127
1618476542513	-7.712987	280.158214	429.350697
1618476542607	-14.028944	269.82847	447.350122
1618476542701	-9.489937	276.005226	449.758168
1618476542795	-18.69397	260.216224	451.481203
1618476542889	-8.643327	314.032028	440.074992
1618476542983	-8.778577	261.698944	428.329362
1618476543077	14.084654	297.072169	437.369401
1618476543171	-15.808273	291.379823	444.499905
1618476543265	-8.528785	255.662977	449.055386
1618476543359	-17.439191	238.49744	470.283885
1618476543453	-11.891103	250.665623	430.141575
1618476543547	-17.495511	246.912297	448.354283
1618476543642	28.706474	266.424309	446.707731
1618476543736	-13.162829	311.575073	455.207784
1618476543830	-17.822748	284.487511	437.534491
1618476543924	-0.56567	286.703973	435.961752
1618476544018	-5.503448	272.092518	442.805613
1618476544112	-25.332432	312.865983	449.536089
1618476544206	12.778547	283.85475	436.306557
1618476544300	-0.564908	248.617805	441.127092
1618476544394	-7.421808	269.469687	463.716759
1618476544488	-19.815308	316.907337	451.315179
1618476544582	-32.056457	287.73912	452.113112
1618476544676	-14.479873	283.831907	439.603764
1618476544770	4.960286	270.611037	436.435655
1618476544859	-15.313723	239.038797	430.844834
1618476544953	-0.5048	278.166851	449.365906
1618476545047	3.956322	283.517349	441.96206
1618476545141	-17.894163	261.958812	443.024884
1618476545235	-0.575627	280.331742	452.24053
1618476545329	-0.596044	281.747322	457.008397
1618476545423	-3.788968	276.503795	439.252172
1618476545517	-19.862889	287.310707	432.153866
1618476545611	0.108717	248.872327	457.295629
1618476545705	27.145105	321.31988	440.075993
1618476545799	-9.223278	239.89909	452.629137
1618476545893	1.008276	273.707795	441.10557
1618476545987	8.415984	267.254	446.908898
1618476546079	32.890377	280.332636	430.705908
1618476546173	27.662543	311.728449	435.294947
1618476546267	67.053555	313.007805	420.282076
1618476546361	77.41999	401.495259	384.416423
1618476546455	53.475675	515.0806	331.88119
1618476546549	-28.714671	559.308686	327.931277
1618476546643	-66.868661	638.813284	351.013859
1618476546737	-139.882812	308.09861	439.396332
1618476546831	-68.391742	261.13348	465.273627
1618476546925	11.232743	150.028567	455.833273
1618476547019	94.053693	343.42882	402.270471
1618476547113	-66.985723	540.609083	387.480913
1618476547207	-17.850715	321.24098	472.51973
1618476547297	-4.574042	315.801345	466.464542
1618476547391	-4.201018	287.918319	513.165177
1618476547485	-47.356531	256.815767	550.634736
1618476547579	-13.1676	251.565808	566.069177
1618476547673	-31.639347	272.169672	423.960429
1618476547767	-15.411736	232.388777	288.342516
1618476547861	-19.491252	277.864308	435.144134
1618476547955	-19.510582	264.861287	471.579893
1618476548049	-21.799191	276.057004	479.838351
1618476548143	-20.267494	311.500792	370.329093
1618476548237	-16.902651	243.907055	379.451642
1618476548331	-26.634173	270.525072	373.662089
1618476548425	-11.586258	276.531565	398.168214
1618476548523	-6.478422	266.097086	426.212358
1618476548617	-20.171091	334.895463	423.944667
1618476548711	9.312141	314.525998	424.921006
1618476548805	-22.773986	247.21785	443.795309
1618476548899	2.924352	270.291828	433.157525
1618476548993	4.083671	268.000009	445.223395
1618476549087	-17.065479	277.085351	432.391858
1618476549181	-12.466265	300.93033	431.476136
1618476549275	-23.945042	301.676586	450.868752
1618476549369	-28.460478	260.205576	443.140474
1618476549463	-1.356765	264.357834	438.671902
1618476549557	-2.764903	243.897239	437.013632
1618476549651	2.585377	263.531942	432.899338
1618476549745	3.292341	291.57046	433.288509
1618476549839	-9.513314	265.165634	430.482207
1618476549933	1.374118	252.420449	442.43768
1618476550027	-31.679327	231.321585	425.309885
1618476550121	1.513391	269.74995	433.199674
1618476550215	2.488365	245.481948	431.550097
1618476550309	-22.680706	315.312041	439.787444
1618476550403	-18.649569	284.589182	452.936104
1618476550497	9.352243	327.630203	447.575613
1618476550591	-10.986793	284.427822	436.278668
1618476550685	-10.590223	304.932841	453.537089
1618476550779	0.213515	259.293606	432.39045
1618476550873	-17.27024	268.658981	447.334887
1618476550961	-13.984995	273.427218	446.841173
1618476551055	11.467239	252.895207	419.509118
1618476551149	-15.610305	277.047244	447.672577
1618476551243	-31.638436	253.036517	418.697337
1618476551337	-9.704003	275.241894	436.984448
1618476551431	-23.387887	294.743786	445.247329
1618476551525	-14.317084	285.782301	455.494255
1618476551619	-10.142641	305.618533	420.175569
1618476551713	16.967363	240.955711	439.057475
1618476551807	-37.521256	274.780204	439.44354
1618476551901	-3.270469	259.676482	426.860286
1618476551995	-7.521316	238.272348	446.235927
1618476552089	-17.151314	272.599793	457.36475
1618476552177	-17.78033	265.163343	436.55343
1618476552271	-23.305405	226.525706	435.755653
1618476552365	2.290197	266.026228	420.03865
1618476552459	-10.19	279.188273	441.286316
1618476552553	-3.677274	304.317705	424.915464
1618476552647	2.772372	299.398292	433.991972
1618476552741	1.979941	308.492625	449.872183
1618476552835	-11.528392	252.131387	436.35245
1618476552929	1.808779	295.333356	449.37272
1618476553023	-12.219198	253.561071	429.752936
1618476553117	-14.37322	316.208318	429.822297
1618476553211	-25.121379	266.992687	432.346485
1618476553305	6.411794	259.349818	422.712213
1618476553396	-10.132552	264.87801	451.29503
1618476553490	1.892558	280.187574	436.34161
1618476553584	8.160051	273.687352	434.735087
1618476553678	13.687829	282.638467	445.070745
1618476553772	1.289391	264.676078	442.253982
1618476553866	-23.540397	305.817664	456.06448
1618476553960	-1.38473	215.340593	448.376189
1618476554054	-25.896421	248.085465	433.272355
1618476554148	-19.446772	310.730417	432.667806
1618476554242	-20.822105	283.625745	430.860206
1618476554336	-8.054713	298.460777	452.602026
1618476554430	-17.297868	304.208929	442.519826
1618476554524	-22.508261	279.178491	445.539497
1618476554615	-1.178215	280.483034	435.900534
1618476554709	-9.714906	263.101685	450.639196
1618476554803	-9.429839	216.308956	424.712057
1618476554897	-15.711255	307.072073	442.097778
1618476554991	-9.385094	305.055344	432.643212
1618476555085	8.150879	250.403702	430.316129
1618476555179	-27.424672	277.56492	431.685375
1618476555273	-14.323942	243.549164	452.461978
1618476555367	-13.397668	255.761769	439.569184
1618476555461	3.181106	284.176951	427.773879
1618476555555	-1.059283	233.117116	438.551543
1618476555649	-29.740243	246.675848	429.687598
1618476555743	-8.300902	269.990771	448.921818
1618476555835	-9.812839	292.901406	431.750078
1618476555929	-18.92196	273.212429	435.341905
1618476556023	-10.319817	236.73965	437.578543
1618476556117	-22.565362	325.578886	421.19124
1618476556211	3.043575	277.667196	445.725038
1618476556305	-11.145627	247.41302	446.385684
1618476556399	-0.369613	319.14708	450.786906
1618476556493	-4.381294	303.27243	446.636371
1618476556587	11.172877	232.097834	434.485556
1618476556681	-4.315815	288.303524	439.922824
1618476556775	-2.393222	263.465419	429.753921
1618476556869	-15.32837	285.775093	433.816775
1618476556963	-12.820797	272.669959	458.512973
1618476557052	-27.295245	282.253893	430.411853
1618476557146	-4.452086	266.106088	431.267246
1618476557240	-31.296173	247.069552	444.246122
1618476557334	-8.476753	258.161714	448.609128
1618476557428	-36.590246	277.361335	438.783614
1618476557522	-21.087953	275.164578	450.654923
1618476557616	-22.198379	276.302924	429.911085
1618476557710	-14.612247	295.209546	445.644512
nan	nan	nan	nan
