1618477987633	-97.449306	290.316234	234.930815
1618477987727	-91.867912	301.336926	235.012963
1618477987821	-98.323837	323.645313	233.331964
1618477987915	-91.071826	297.179713	231.008518
1618477988009	-94.619636	298.869491	231.636592
1618477988103	-96.407751	313.246944	231.585369
1618477988197	-89.561097	317.326132	233.48445
1618477988291	-91.501449	304.454139	235.016949
1618477988385	-85.705747	307.766323	232.884426
1618477988479	-92.852896	303.739943	231.854106
1618477988573	-89.979672	306.806838	229.992125
1618477988667	-86.774743	299.58542	229.335919
1618477988761	-84.217707	292.725733	226.499602
1618477988855	-92.432359	301.049358	223.819383
1618477988949	-90.579568	320.425127	237.602879
1618477989043	-95.043059	315.638343	234.493166
1618477989137	-88.543182	295.703778	225.545426
1618477989231	-82.600741	312.755913	230.181014
1618477989325	-93.213421	303.595256	236.398174
1618477989419	-97.215249	288.228924	234.70852
1618477989513	-83.941845	314.255211	231.439247
1618477989607	-100.152916	318.328869	231.824747
1618477989701	-87.37601	307.015647	227.893368
1618477989795	-92.405858	315.687984	228.276848
1618477989887	-87.160597	297.013924	233.139159
1618477989981	-85.942254	305.428459	231.97239
1618477990075	-98.559366	299.458527	227.918402
1618477990169	-90.355739	302.735893	233.444683
1618477990263	-92.45532	309.839068	229.010806
1618477990357	-103.501729	310.168122	235.024632
1618477990451	-87.11695	302.960892	235.624435
1618477990545	-90.034079	298.005193	223.366352
1618477990639	-97.208647	294.802379	233.601806
1618477990733	-89.995167	309.180649	230.39348
1618477990827	-93.586298	298.553968	233.445898
1618477990921	-94.759341	312.931628	224.639623
1618477991015	-90.218787	304.375188	232.544823
1618477991106	-94.607416	302.663055	234.719155
1618477991200	-92.030009	287.186163	238.109429
1618477991294	-94.240493	294.132555	229.280937
1618477991388	-89.769859	301.476915	230.781443
1618477991482	-94.640632	322.563262	231.990057
1618477991576	-94.42237	300.787131	223.6678
1618477991670	-96.478148	300.751738	233.705725
1618477991764	-93.15466	306.953937	229.600155
1618477991858	-94.744965	303.462898	228.738929
1618477991952	-93.766598	316.002064	231.013657
1618477992046	-87.742517	311.971181	225.106943
1618477992140	-92.583098	302.112069	235.533537
1618477992234	-98.69424	306.377528	227.429874
1618477992323	-93.759262	315.761636	231.474855
1618477992417	-91.229824	302.28384	228.03673
1618477992511	-94.546397	292.968169	227.970045
1618477992605	-85.751403	294.870542	234.64408
1618477992699	-98.068314	291.425191	225.325984
1618477992793	-95.210136	303.325205	224.975239
1618477992887	-87.139066	298.876434	228.443291
1618477992981	-96.45626	301.854706	223.028446
1618477993075	-85.292238	307.458953	228.748008
1618477993169	-87.121074	301.566159	224.312388
1618477993263	-88.239292	298.050067	232.040774
1618477993357	-90.097091	306.307004	227.307962
1618477993451	-101.193579	309.981753	229.295809
1618477993539	-94.774522	297.841736	230.833503
1618477993633	-88.449614	306.813395	234.647835
1618477993727	-91.239266	297.618575	228.8655
1618477993821	-98.441643	298.241089	238.208954
1618477993915	-92.092892	291.671356	228.568538
1618477994009	-96.519582	297.073497	229.440982
1618477994103	-82.156811	311.89484	230.937124
1618477994197	-95.2047	298.297846	225.885778
1618477994291	-95.681539	317.213646	235.438078
1618477994385	-92.393237	299.125072	231.485231
1618477994479	-92.438086	294.198289	225.916275
1618477994573	-88.496719	310.124096	234.930761
1618477994667	-86.59937	306.176873	233.931019
1618477994760	-99.446299	312.475855	229.144453
1618477994854	-90.016964	313.657171	232.881257
1618477994948	-85.790088	317.480645	231.436187
1618477995042	-99.474232	310.8865	223.350581
1618477995136	-85.786227	301.995619	237.392154
1618477995230	-94.166774	310.990213	232.110534
1618477995324	-100.386415	314.340955	233.043431
1618477995418	-89.930668	291.822113	236.280602
1618477995512	-88.612382	305.837059	234.62119
1618477995606	-92.674357	318.957071	231.565722
1618477995700	-91.935979	302.030761	229.131437
1618477995794	-87.570484	305.334596	229.509644
1618477995888	-89.302761	301.567155	232.26948
1618477995980	-87.042589	305.019289	231.431992
1618477996074	-87.224704	303.935585	233.096946
1618477996168	-83.949348	289.5231	228.681072
1618477996262	-91.872386	302.807871	231.846687
1618477996356	-89.607518	302.507092	229.084749
1618477996450	-94.397864	312.203845	236.033087
1618477996544	-87.617568	311.833545	232.240418
1618477996638	-91.876395	296.099252	232.473882
1618477996732	-92.599697	294.806077	235.248541
1618477996826	-97.499204	303.281946	251.968147
1618477996920	-91.284687	305.246584	251.231068
1618477997014	-85.860405	290.139301	261.033662
1618477997108	-96.363027	300.161522	273.403952
1618477997199	-84.52684	315.696996	269.569999
1618477997293	-84.654716	307.955493	219.719627
1618477997387	-86.07712	318.343785	188.595963
1618477997481	-78.716567	313.942188	194.930969
1618477997575	-78.733779	303.662346	208.563548
1618477997669	-83.79556	306.657365	232.662016
1618477997763	-72.92232	303.137413	220.095219
1618477997857	-48.773165	317.942331	201.009994
1618477997951	-16.879036	350.368854	224.001185
1618477998045	-12.640776	408.644925	293.939785
1618477998139	-93.570515	444.269319	348.074101
1618477998233	-120.761593	416.973915	353.898704
1618477998327	-222.01791	283.595056	267.832865
1618477998418	-158.613189	255.66035	193.730801
1618477998512	-112.692056	270.767466	193.793184
1618477998606	-4.454487	329.204009	227.880337
1618477998700	-53.111553	403.269495	331.788191
1618477998794	-127.102154	289.957061	242.781734
1618477998888	-118.40382	257.151399	239.812788
1618477998982	-117.941857	285.44502	236.744096
1618477999076	-119.36874	296.177286	231.32836
1618477999170	-104.986246	304.067469	229.773328
1618477999264	-103.578189	302.424743	236.223372
1618477999358	-95.583647	303.528328	232.242651
1618477999452	-96.265859	311.210439	231.209341
1618477999546	-96.755316	305.410155	227.464719
1618477999634	-104.458743	319.438456	227.5756
1618477999728	-102.839305	291.300502	228.416341
1618477999822	-92.408319	301.721039	229.683459
1618477999916	-88.996719	286.087651	226.44318
1618478000010	-91.715347	293.758923	231.492731
1618478000104	-88.790496	317.298912	231.991894
1618478000198	-92.012018	304.937167	229.015994
1618478000292	-89.603821	307.311716	227.044886
1618478000386	-94.875692	309.678636	232.41647
1618478000480	-96.414981	305.821105	233.446548
1618478000574	-92.453215	306.838231	224.40998
1618478000668	-89.614011	306.05239	228.49459
1618478000762	-107.065066	294.436331	232.102467
1618478000854	-91.848645	297.729596	231.424129
1618478000948	-93.357246	305.208952	232.559991
1618478001042	-95.493955	317.671415	231.325012
1618478001136	-91.552346	302.357466	228.548913
1618478001230	-95.638138	306.011833	233.82775
1618478001324	-89.338237	309.839879	229.384528
1618478001418	-90.944436	308.990144	234.076569
1618478001512	-90.569239	299.546374	231.924981
1618478001606	-93.417569	302.358266	230.547854
1618478001700	-91.761348	300.751786	229.31149
1618478001794	-95.042634	309.45411	229.581581
1618478001888	-94.756364	308.529195	235.520856
1618478001982	-96.893586	305.517879	231.716016
1618478002071	-91.654214	299.014347	223.775031
1618478002165	-90.660596	304.3627	228.423785
1618478002259	-95.877356	292.810152	229.410933
1618478002353	-87.902888	298.086752	235.88451
1618478002447	-92.222958	298.806395	228.733857
1618478002541	-103.77786	306.204598	228.631797
1618478002635	-96.292516	293.670851	230.76977
1618478002729	-85.868987	316.709795	232.462934
1618478002823	-92.102993	300.728994	221.03508
1618478002917	-91.891685	307.547081	231.960961
1618478003011	-95.88379	303.66418	229.353094
1618478003105	-93.864575	295.096931	233.604102
1618478003199	-91.727198	285.883751	228.778489
1618478003292	-90.303751	295.785769	230.361966
1618478003386	-95.143333	298.261653	229.504857
1618478003480	-95.360836	297.09064	237.689052
1618478003574	-94.467738	299.530056	232.547169
1618478003668	-90.006112	307.346872	227.702769
1618478003762	-94.133405	308.298126	236.120733
1618478003856	-96.878369	308.456292	237.244651
1618478003950	-91.513221	298.890853	232.671994
1618478004044	-91.63131	298.641949	229.123368
1618478004138	-95.680125	297.140184	234.259197
1618478004232	-91.984779	304.517467	235.605975
1618478004326	-102.086037	310.248143	226.186979
1618478004420	-89.846159	297.453173	234.160243
1618478004511	-97.075516	289.81011	229.740983
1618478004605	-96.702084	313.636798	229.550814
1618478004699	-95.509149	310.600779	224.079075
1618478004793	-95.225832	308.33369	232.750935
1618478004887	-100.771277	300.377296	225.781769
1618478004981	-90.008415	311.812548	229.597267
1618478005075	-88.619026	310.73827	228.693838
1618478005169	-101.172437	321.443475	239.035944
1618478005263	-93.932852	301.767487	230.251472
1618478005357	-92.542951	304.10384	230.615247
1618478005451	-98.889512	311.359509	231.060934
1618478005545	-94.571297	301.656253	230.699263
1618478005639	-98.239333	299.196379	230.292174
1618478005730	-95.536304	306.808348	226.971695
1618478005824	-98.501161	292.607656	227.618949
1618478005918	-99.589572	307.909547	233.909812
1618478006012	-97.407999	297.128133	228.167396
