1618477949425,-96.483266476,228.521978175,231.984286486
1618477949516,-93.261983077,230.282969035,233.991481564
1618477949610,-92.348382657,229.296185338,232.021187479
1618477949704,-93.224373477,227.242346746,233.992704448
1618477949798,-92.703879656,227.600054908,232.042143633
1618477949892,-92.716941187,228.614162723,232.041718935
1618477949986,-92.380936418,230.411451044,233.987613770
1618477950080,-94.931874729,229.086626106,231.937184676
1618477950174,-95.732444182,228.791116074,232.976184419
1618477950268,-97.171608177,227.185354721,233.994420123
1618477950362,-94.203534144,229.299942345,232.960866827
1618477950456,-93.700016313,229.595882094,239.042269251
1618477950550,-93.009567962,230.010334396,235.999688896
1618477950644,-95.463804443,227.340748649,230.049949731
1618477950734,-94.438550106,227.553784084,230.953225232
1618477950828,-93.294056937,227.077299396,230.087984324
1618477950922,-91.192834636,226.967968758,234.091275589
1618477951016,-89.000172204,226.759873246,231.097540049
1618477951110,-90.121987521,224.731237987,231.158609630
1618477951204,-90.615357721,225.344233488,233.110052375
1618477951298,-91.646488440,227.457962160,236.076524937
1618477951392,-95.649609385,227.621541607,236.011393027
1618477951486,-95.708062040,230.764780819,229.976977210
1618477951580,-97.579981207,230.706544417,232.948626570
1618477951674,-96.256803847,231.357479177,232.959134751
1618477951768,-94.625136350,230.675212429,232.979673556
1618477951862,-94.343389292,228.290791984,233.021349839
1618477951953,-92.312970883,228.177832680,231.054854116
1618477952047,-91.384207487,228.254775639,235.052537843
1618477952141,-92.228293421,227.246580694,235.992576990
1618477952235,-91.666663098,227.479752894,232.075868954
1618477952329,-91.649980148,227.461733570,234.076411403
1618477952423,-91.296299043,228.159825354,234.055396205
1618477952517,-93.972602502,226.890303595,232.033406052
1618477952611,-93.411899301,229.444894186,233.986607005
1618477952705,-93.323775918,231.509920246,232.924441924
1618477952799,-95.701272863,230.757447801,229.977197961
1618477952893,-95.998988821,231.159116322,232.935002446
1618477952987,-95.056272784,231.381197475,230.868109414
1618477953081,-93.688521641,230.663570900,232.010127786
1618477953174,-91.020128124,230.021740472,234.999345530
1618477953268,-89.504075008,228.384245057,234.048640325
1618477953362,-89.710689465,226.447201710,232.106952643
1618477953456,-89.564464076,226.289263045,233.111707193
1618477953550,-90.804151551,225.788463258,231.006368055
1618477953644,-91.688452310,226.583391765,234.042645257
1618477953738,-94.172279682,226.105975767,235.026913505
1618477953832,-96.924204785,224.757924765,232.067494930
1618477953926,-92.743947043,228.643331862,233.040840833
1618477954020,-93.202368556,227.058370637,233.058450375
1618477954114,-92.688594397,226.663649484,235.010125421
1618477954208,-93.632264079,226.442598367,233.076987445
1618477954302,-94.411915724,228.444911924,232.986606471
1618477954391,-94.906859583,231.899398640,235.003028481
1618477954485,-97.609104553,232.818104918,234.915164401
1618477954579,-100.714164605,231.011684977,230.879233135
1618477954673,-98.300777590,231.565183905,234.892674503
1618477954767,-94.932839932,231.087668626,238.937153292
1618477954861,-95.588643615,226.555692220,232.013375342
1618477954955,-94.889642758,224.880802674,233.003588290
1618477955049,-94.236750954,225.015402961,236.089847640
1618477955143,-94.049963939,225.813653511,231.095921060
1618477955237,-95.837052104,225.503582283,233.135359151
1618477955331,-99.187972725,222.882613137,233.123948891
1618477955425,-96.082664095,223.929077340,238.062342591
1618477955519,-92.907027402,222.338850148,234.230629537
1618477955608,-93.284920174,217.506700986,235.315887921
1618477955702,-92.485726076,216.643488044,234.341873889
1618477955796,-94.266438972,218.486739360,232.316488841
1618477955890,-100.708961277,221.205022335,234.204554484
1618477955984,-106.062514113,225.747104757,231.128028205
1618477956078,-109.865053525,226.694035237,234.069418246
1618477956172,-107.515434808,224.835785072,231.275877471
1618477956266,-95.974387656,227.129938236,233.748682763
1618477956360,-82.663659612,236.954528056,236.693755720
1618477956454,-88.320042117,244.022655585,235.932535030
1618477956548,-81.210493557,276.948293240,229.700518811
1618477956642,-134.784689200,255.447024887,235.137061742
1618477956736,-22.902394706,366.687799822,234.116662708
1618477956836,1.060039776,357.568165996,234.180471690
1618477956932,17.224335160,302.395922381,233.560052981
1618477957028,-3.059191050,198.862368747,230.485803633
1618477957124,-30.560873484,111.481736063,233.249856508
1618477957220,-49.299684580,87.315871799,234.428896904
1618477957316,-77.940620111,119.610234001,232.757752423
1618477957412,-148.569992235,161.452836271,231.859377416
1618477957508,-178.554496113,250.554952088,234.217548653
1618477957604,-166.243546000,344.255236280,231.430722262
1618477957700,-33.300985641,487.554983568,235.144189355
1618477957796,-25.026455836,453.584092287,230.397294078
1618477957892,-0.374091292,398.962181085,228.573110232
1618477957988,18.241090935,336.455322385,230.340962987
1618477958078,28.581181259,288.966529872,221.807234124
1618477958172,27.745439914,262.750364407,207.422392435
1618477958266,10.882379734,246.884123134,195.906601604
1618477958360,-18.500642172,230.339181980,157.471449754
1618477958454,-39.077073041,225.202100163,190.355161331
1618477958548,-53.219849713,223.756835106,214.187942836
1618477958642,-66.839921587,223.746994376,264.037720200
1618477958736,-76.746671795,229.046796131,285.878176157
1618477958830,-85.259377971,235.840885003,229.763959756
1618477958924,-95.435343264,241.591675617,195.530631693
1618477959018,-103.934308264,245.370922586,179.416862090
1618477959112,-104.016894386,249.620332709,164.349146352
1618477959206,-105.122515817,244.654310615,131.378227265
1618477959297,-100.946050756,241.063188700,162.546541145
1618477959391,-98.182514625,233.918073077,197.701428552
1618477959485,-94.797064334,230.341538078,312.778991984
1618477959579,-89.643342513,227.694876983,307.979081579
1618477959673,-89.450004581,225.325843359,336.050398436
1618477959767,-89.649534489,224.541356461,319.043910678
1618477959861,-91.086862422,224.093820471,301.997175650
1618477959955,-89.124549013,226.894213166,294.093495910
1618477960049,-91.412356711,225.445388236,284.986592132
1618477960143,-92.117349679,225.966541386,273.061214782
1618477960237,-92.085451914,228.172401226,259.964706296
1618477960331,-95.461568554,228.498542157,252.984991999
1618477960425,-95.732028876,231.950876002,248.911167491
1618477960516,-97.294517367,232.638526462,242.860362839
1618477960610,-94.565329686,235.091240500,241.786526886
1618477960704,-97.204690716,230.381295814,238.928314005
1618477960798,-93.562527765,230.767797131,237.916678856
1618477960892,-93.353742225,228.301974230,237.021013211
1618477960986,-91.335674770,228.282459496,234.021600678
1618477961080,-90.938674407,227.853657716,237.034509231
1618477961174,-90.467313103,228.424642619,236.017320430
1618477961268,-91.706020499,228.602367241,237.042074023
1618477961362,-92.053432963,230.057713170,238.998262616
1618477961456,-94.087468889,229.174579769,233.964640714
1618477961550,-94.014794520,229.096083874,231.967003737
1618477961644,-94.523736170,227.485585412,233.015485821
1618477961735,-91.555248651,228.359413677,235.079491619
1618477961829,-89.303828556,228.167958014,234.055151381
1618477961923,-89.532382212,226.334715539,237.080235126
1618477962017,-89.821317087,225.726899576,232.038325130
1618477962111,-91.295741836,226.079119262,233.087929539
1618477962205,-91.591364523,228.558631084,234.013286871
1618477962299,-93.484785413,229.363410284,232.049267530
1618477962393,-94.663016587,229.876335535,231.913411440
1618477962487,-93.957110694,231.113883580,230.936364123
1618477962581,-96.596059228,228.804014607,233.915588573
1618477962675,-95.485623934,229.524524476,233.984209833
1618477962769,-94.072763784,230.078592472,231.997634070
1618477962863,-93.005698268,230.006154724,235.999814720
1618477962954,-91.823163815,229.808998485,235.005749867
1618477963048,-93.913617067,226.986801678,231.970293544
1618477963142,-90.967106283,229.884367106,237.033584762
1618477963236,-92.257121799,229.197614097,234.024154845
1618477963330,-92.587925696,229.635021043,231.980883469
1618477963424,-93.606890777,229.575401058,237.012782031
1618477963518,-92.163221743,231.256400749,233.962177594
1618477963612,-92.831741075,230.898367070,232.972955759
1618477963706,-94.418323749,229.612041761,230.921367681
1618477963800,-93.945069481,230.180982065,232.904240429
1618477963894,-92.617634078,230.667109193,230.979917494
1618477963988,-93.826823868,227.652743223,234.070661292
1618477964082,-91.763984702,226.664974623,234.040189305
1618477964171,-89.931701292,225.685917523,233.099766396
1618477964265,-89.933524299,224.527678061,236.164737553
1618477964359,-88.679031536,226.413007846,233.107982008
1618477964453,-91.018816496,226.860115277,232.064418610
1618477964547,-93.230980368,228.089274376,231.057520056
1618477964641,-95.129875400,229.300487473,236.930746641
1618477964735,-96.481143430,229.519685064,232.984355517
1618477964829,-95.600535601,230.888953807,234.882927807
1618477964923,-93.691007488,232.746360125,234.977531742
1618477965017,-95.637862812,230.929271086,233.881714104
1618477965111,-97.736950623,228.956192001,233.911007459
1618477965205,-96.528418808,229.730955902,233.917787916
1618477965299,-95.089817624,230.016908147,231.029594777
1618477965390,-93.553306732,229.757837455,229.916978680
1618477965484,-93.809854500,227.794623037,233.006182622
1618477965578,-89.965327557,229.882445896,235.033642598
1618477965672,-92.543763758,226.587321547,234.982319404
1618477965766,-89.938884612,228.773780509,233.067017612
1618477965860,-90.620743373,228.590363305,232.012331611
1618477965954,-91.234069309,229.332923506,234.959873970
1618477966048,-92.805123876,229.869617721,233.973821223
1618477966142,-95.183874079,230.278707425,232.961506078
1618477966236,-94.934452571,233.169514695,232.904585640
1618477966330,-98.966946815,231.284716117,232.871013867
1618477966424,-94.399215396,235.671506997,236.889473777
1618477966518,-96.765915752,230.987477360,231.910065651
1618477966612,-94.453397516,228.649925085,232.920227249
1618477966706,-89.705014195,227.521176077,233.074621960
1618477966800,-87.882751678,224.472838336,237.166388435
1618477966894,-86.753312408,222.413134681,232.138081965
1618477966988,-86.064262027,222.748992686,236.127971371
1618477967082,-86.607607281,224.175653704,235.175334815
1618477967176,-87.814569441,226.559402913,235.103574963
1618477967270,-94.009266126,224.929904131,235.032213926
1618477967364,-94.463502898,228.420527200,234.017444319
1618477967458,-97.170037663,229.343866903,231.929440756
1618477967552,-97.545384200,231.829384544,231.884721066
1618477967646,-97.451822877,233.888537062,230.822732801
1618477967740,-96.963308425,235.440994777,233.806101737
