1618476537560,0.104322
1618476537654,-0.025799
1618476537748,0.052205
1618476537842,0.029101
1618476537936,-0.017850
1618476538030,-0.011192
1618476538124,-0.035587
1618476538218,-0.163125
1618476538312,-0.066093
1618476538406,-0.012483
1618476538500,0.002671
1618476538594,-0.024307
1618476538687,-0.015066
1618476538781,-0.061273
1618476538875,-0.079754
1618476538969,0.002671
1618476539063,-0.042989
1618476539157,-0.077916
1618476539251,-0.036331
1618476539345,0.050914
1618476539439,-0.013775
1618476539533,-0.205804
1618476539627,-0.004534
1618476539721,0.018569
1618476539815,-0.035040
1618476539904,0.002671
1618476539998,-0.053521
1618476540092,0.014494
1618476540186,0.035015
1618476540280,0.091207
1618476540374,-0.038914
1618476540468,-0.010645
1618476540562,0.073470
1618476540656,0.017278
1618476540750,-0.118756
1618476540844,-0.102311
1618476540938,0.025774
1618476541032,-0.071805
1618476541124,0.037598
1618476541218,0.005254
1618476541312,0.075308
1618476541406,-0.028382
1618476541500,-0.012483
1618476541594,0.013404
1618476541688,0.037051
1618476541782,-0.067931
1618476541876,0.166427
1618476541970,0.002671
1618476542064,-0.005278
1618476542158,0.038342
1618476542252,0.035759
1618476542343,0.041673
1618476542437,-0.018594
1618476542531,-0.151648
1618476542625,-0.017850
1618476542719,0.084549
1618476542813,0.035015
1618476542907,0.010620
1618476543001,-4.581428
1618476543095,0.052205
1618476543189,-0.020433
1618476543283,-0.035040
1618476543377,-0.043536
1618476543471,-0.029673
1618476543562,-0.036331
1618476543656,0.083258
1618476543750,-0.011192
1618476543844,-0.012483
1618476543938,-0.013775
1618476544032,-0.085668
1618476544126,0.077891
1618476544220,0.052205
1618476544314,-0.005825
1618476544408,-0.004534
1618476544502,-0.021724
1618476544596,-0.005278
1618476544690,-0.015066
1618476544779,0.074761
1618476544873,0.050914
1618476544967,-0.048356
1618476545061,-0.023015
1618476545155,-0.019141
1618476545249,-0.036331
1618476545343,-0.033547
1618476545437,0.007490
1618476545531,-0.079006
1618476545625,0.029850
1618476545719,-0.028181
1618476545813,-0.028181
1618476545907,0.127083
1618476545997,-0.000254
1618476546091,0.020670
1618476546185,-0.010524
1618476546279,-0.113610
1618476546373,-0.157029
1618476546467,-0.036130
1618476546561,0.065081
1618476546655,0.102712
1618476546749,0.013146
1618476546843,-0.021860
1618476546937,0.019322
1618476547031,0.043193
1618476547125,-0.075844
1618476547215,-0.979340
1618476547309,-1.634851
1618476547403,-4.343806
1618476547497,-6.853333
1618476547591,-8.747287
1618476547685,-4.214108
1618476547779,1.662890
1618476547873,1.923587
1618476547967,-1.368294
1618476548061,-5.709915
1618476548155,-0.626689
1618476548249,0.067101
1618476548343,-0.151254
1618476548434,0.033571
1618476548528,0.084199
1618476548622,-0.026692
1618476548716,0.002868
1618476548810,0.060898
1618476548904,0.142032
1618476548998,0.066812
1618476549092,0.076053
1618476549186,0.091207
1618476549280,-0.036134
1618476549374,0.054788
1618476549468,0.033177
1618476549562,0.010073
1618476549655,-0.039461
1618476549749,0.078635
1618476549843,-0.046119
1618476549937,0.022443
1618476550031,0.018569
1618476550125,-0.094361
1618476550219,0.091207
1618476550313,0.061445
1618476550407,0.027810
1618476550501,-0.020231
1618476550595,0.058863
1618476550689,-0.021724
1618476550783,-0.038170
1618476550875,-0.050194
1618476550969,0.043709
1618476551063,0.037051
1618476551157,0.018569
1618476551251,-0.013775
1618476551345,-0.020433
1618476551439,-0.015066
1618476551533,0.052205
1618476551627,-0.003243
1618476551721,0.019861
1618476551815,0.027810
1618476551909,-0.019141
1618476552003,-0.020433
1618476552093,0.075308
1618476552187,0.093045
1618476552281,-0.003987
1618476552375,-0.042245
1618476552469,-0.018397
1618476552563,-0.032256
1618476552657,0.069942
1618476552751,0.068103
1618476552845,-0.051485
1618476552939,-0.029673
1618476553033,-0.058143
1618476553127,0.002124
1618476553221,3.774156
1618476553313,-0.013775
1618476553407,-0.005825
1618476553501,0.060701
1618476553595,0.010073
1618476553689,0.027810
1618476553783,-0.173460
1618476553877,-0.016559
1618476553971,0.092498
1618476554065,-0.008408
1618476554159,0.042763
1618476554253,-0.025799
1618476554347,-0.028929
1618476554441,0.010620
1618476554532,0.080474
1618476554626,-0.038170
1618476554720,-0.027091
1618476554814,0.011912
1618476554908,-0.091779
1618476555002,-0.021724
1618476555096,-0.020433
1618476555190,0.080474
1618476555284,-0.011192
1618476555378,-0.020433
1618476555472,-0.042989
1618476555566,0.005455
1618476555660,0.045547
1618476555750,0.087132
1618476555844,0.028357
1618476555938,4.406540
1618476556032,-0.020980
1618476556126,0.022443
1618476556220,-0.008609
1618476556314,-0.007117
1618476556408,-0.054068
1618476556502,0.068651
1618476556596,-0.011192
1618476556690,0.029101
1618476556784,0.011912
1618476556878,-0.004534
1618476556968,0.037598
1618476557062,-0.075880
1618476557156,0.110235
1618476557250,-0.005825
1618476557344,0.046838
1618476557438,-0.058143
1618476557532,-0.021724
1618476557626,-0.012483
1618476557720,nan
