1618478013217	-29.079323	252.432387	382.770181
1618478013311	-16.605358	248.679133	375.473656
1618478013405	-28.977785	254.53114	380.768546
1618478013499	-22.616539	237.937503	379.826677
1618478013593	1.998741	268.90881	374.231981
1618478013687	-0.63006	253.518366	377.094665
1618478013781	-10.034184	273.921254	384.730194
1618478013875	-15.997599	254.587094	380.109208
1618478013969	-13.15112	237.029806	375.388191
1618478014063	-4.00575	275.494016	364.341319
1618478014157	-13.64887	230.170886	383.672062
1618478014251	-23.0322	263.494225	386.335954
1618478014345	-18.4672	258.385899	383.947211
1618478014436	-30.673617	260.157924	392.12639
1618478014530	-5.138068	236.880125	376.083061
1618478014624	-31.36269	247.745665	371.185193
1618478014718	-9.445543	281.944313	385.479176
1618478014812	-13.729061	252.522554	393.020562
1618478014906	-6.868013	284.72204	368.962227
1618478015000	-11.407553	301.142695	389.53969
1618478015094	-4.491372	263.040084	373.149546
1618478015188	-16.36357	257.138744	375.539002
1618478015282	-20.943366	256.11712	374.430822
1618478015376	-4.419374	235.477541	382.520293
1618478015470	-14.616917	271.344776	378.624527
1618478015564	-32.765992	267.108777	379.638104
1618478015654	-24.730692	242.015642	370.668589
1618478015748	-26.876421	285.002922	377.372377
1618478015842	-7.909577	254.339074	380.712742
1618478015936	-22.773341	252.158129	368.147058
1618478016030	-10.939022	263.366092	385.264515
1618478016124	-20.007955	240.453927	388.898154
1618478016218	-16.681003	240.257541	379.879866
1618478016312	-20.603894	258.786917	375.116207
1618478016406	-12.943952	251.32636	377.882694
1618478016500	-6.767738	244.30391	373.891846
1618478016594	-8.807757	270.53205	370.65794
1618478016688	-9.866001	242.909576	381.050106
1618478016782	-26.731665	273.64284	383.774818
1618478016873	-24.785635	249.399425	377.025494
1618478016967	-21.192214	264.353992	381.099972
1618478017061	-21.444704	265.378499	376.269567
1618478017155	-11.280004	285.84013	378.416196
1618478017249	-28.504833	266.738896	377.38716
1618478017343	-24.844328	265.536651	378.462353
1618478017437	-16.288061	275.608292	385.948724
1618478017531	-16.143991	283.271608	371.995549
1618478017625	-16.826233	250.576218	376.826759
1618478017719	-21.919402	256.21461	372.335135
1618478017813	-17.115661	268.302927	376.328862
1618478017907	-13.922989	263.680732	384.47985
1618478018001	-32.700402	245.443861	384.287066
1618478018091	-26.522691	298.19686	376.474473
1618478018185	-10.924145	224.392116	369.611446
1618478018279	-20.20166	288.088484	389.924214
1618478018373	-7.943787	268.209817	376.488159
1618478018467	-9.245862	239.195595	385.429319
1618478018561	-17.621171	255.901779	375.858021
1618478018655	-29.581785	267.249092	375.584731
1618478018749	-26.303285	253.287138	385.167341
1618478018843	-31.7925	268.005863	384.652114
1618478018937	-14.136904	259.980442	383.168892
1618478019031	-29.147183	247.164139	394.843838
1618478019125	-4.037467	262.018842	377.66198
1618478019219	-18.985826	263.789776	378.409523
1618478019311	-12.267145	283.676201	386.442011
1618478019405	-0.658903	253.144717	367.718887
1618478019499	-15.813838	250.840129	366.839967
1618478019593	-16.080902	232.266266	376.787327
1618478019687	-19.902256	251.665781	381.058977
1618478019781	-16.28527	262.992541	388.220548
1618478019875	-10.474284	283.318771	376.2988
1618478019969	-27.980353	244.142149	372.004081
1618478020063	-11.957592	244.430985	373.876839
1618478020157	-24.703083	272.626848	380.896755
1618478020251	1.288788	255.788886	384.168939
1618478020345	-27.307506	284.048431	381.918242
1618478020439	-15.536498	253.364388	367.441395
1618478020531	-6.493572	292.974489	388.109155
1618478020625	-18.969623	260.541458	377.128908
1618478020719	-18.83988	267.590893	370.960821
1618478020813	-18.945218	256.359318	382.789849
1618478020907	-6.008823	277.300311	378.135181
1618478021001	-4.428547	277.506987	381.051142
1618478021095	-8.289868	258.085232	374.961143
1618478021189	7.639268	264.606371	372.25245
1618478021283	-11.787638	282.347032	378.127863
1618478021377	-3.23301	263.463777	368.050615
1618478021471	-15.665553	234.137725	377.545524
1618478021565	-10.746929	285.486221	375.681695
1618478021659	3.656276	229.344949	386.646888
1618478021748	57.92576	319.271522	373.483672
1618478021842	43.598126	321.670674	377.692309
1618478021936	76.24245	338.941396	377.835891
1618478022030	48.681777	428.523841	377.206124
1618478022124	-49.694883	494.498266	384.402101
1618478022218	-137.678942	452.536128	377.234271
1618478022312	-46.662566	202.347197	388.063296
1618478022406	-11.084834	182.436266	389.612881
1618478022500	91.571946	315.550996	380.059129
1618478022594	-80.370185	429.117679	404.245242
1618478022688	3.508601	299.409943	394.86222
1618478022782	-35.187834	265.673112	420.869139
1618478022876	-33.057669	264.751646	463.809161
1618478022968	-31.595233	244.512681	382.890222
1618478023062	-16.122954	255.186969	378.644465
1618478023156	-29.430482	252.84516	282.976964
1618478023250	-10.639437	289.497902	342.360437
1618478023344	-8.389636	259.994636	394.562305
1618478023438	-1.67873	258.559512	407.150983
1618478023532	-13.786592	253.113407	330.111824
1618478023626	-23.78887	247.722729	307.272116
1618478023720	-5.471895	262.972644	348.820281
1618478023814	-13.844973	246.845919	354.232167
1618478023908	-18.004747	253.951275	357.699349
1618478024002	-3.038443	294.936195	374.86005
1618478024096	-5.901202	271.823547	367.170936
1618478024186	-10.854414	276.649248	377.955212
1618478024280	-10.348465	261.321539	376.183013
1618478024374	-17.461969	280.281039	383.265708
1618478024468	-30.495813	269.588361	379.897324
1618478024562	-15.035438	280.514475	381.777747
1618478024656	-22.000054	259.449273	384.905438
1618478024750	-18.527577	238.058228	383.669034
1618478024844	-30.725453	247.043966	381.055558
1618478024938	-8.111684	251.953833	384.371689
1618478025032	-26.3883	273.956442	371.190029
1618478025126	-16.127714	252.991039	385.069835
1618478025220	-15.251726	253.91911	376.610028
1618478025314	-24.627297	265.204251	387.528849
1618478025407	-16.818101	268.326914	371.463546
1618478025501	-22.024645	248.413651	384.407039
1618478025595	-4.339889	254.068414	377.76479
1618478025689	-25.989164	292.775046	381.092393
1618478025783	-16.301112	275.599143	387.769507
1618478025877	-28.242739	243.660885	381.719996
1618478025971	-20.292562	276.484303	378.967464
1618478026065	-8.306258	259.156416	359.142643
1618478026159	-14.369173	283.271924	375.277387
1618478026253	-22.341602	242.672417	383.239663
1618478026347	-29.281261	262.041489	378.152237
1618478026441	-18.921649	260.825098	393.997223
1618478026535	-9.260783	246.024722	368.446263
1618478026624	-27.026121	260.773885	375.904013
1618478026718	-15.494213	261.358755	388.332048
1618478026812	-19.061606	264.6729	376.999378
1618478026906	-23.148214	239.650736	371.815761
1618478027000	-18.073542	260.563049	383.377293
1618478027094	-20.228847	235.512442	374.616093
1618478027188	-26.517335	254.711471	378.549874
1618478027282	4.87068	280.888471	378.818973
1618478027376	-9.372439	254.690879	380.296501
1618478027470	-19.2339	259.363506	394.162176
1618478027564	-27.662692	268.846495	356.124068
1618478027658	-8.847239	272.028171	377.045089
1618478027752	-19.250588	257.197231	380.205611
1618478027841	-23.362865	284.203601	368.734595
1618478027935	-18.321881	261.634054	372.290791
1618478028029	-13.892273	279.173256	388.65801
1618478028123	-16.650858	299.415464	387.496191
1618478028217	-21.823573	270.784912	375.529444
1618478028311	-32.940392	251.067717	386.626269
1618478028405	-13.319269	240.055056	387.951892
1618478028499	-24.402105	274.518461	385.222684
1618478028593	-9.965119	251.13098	385.156683
1618478028687	-15.38791	267.036849	373.688682
1618478028781	-9.376866	224.620413	369.483167
1618478028875	-17.041811	252.60755	372.253878
1618478028969	-14.749615	249.28954	386.956069
1618478029062	-13.827258	263.098163	375.148225
1618478029156	-6.854459	276.919546	372.475741
1618478029250	-20.801919	246.191679	375.78975
1618478029344	-19.476103	274.812154	374.695506
1618478029438	-20.545601	260.395917	391.579402
1618478029532	-9.568308	259.792593	381.522691
1618478029626	-26.069706	243.218477	376.842236
1618478029720	-23.893528	229.779899	386.51269
1618478029814	-21.980619	242.458853	380.978805
1618478029908	-8.581989	262.880751	390.402541
1618478030002	-10.212658	253.081047	373.423415
1618478030096	-22.751788	231.084339	380.005837
1618478030190	-17.480797	261.440525	381.640491
1618478030281	-13.820492	285.573347	376.781975
1618478030375	-15.026345	239.62025	372.88112
1618478030469	-27.327551	272.764328	373.10037
1618478030563	-13.921466	245.309608	377.386464
1618478030657	-8.145614	270.505551	369.9266
