1618477141881,-0.161580
1618477141975,-0.040193
1618477142069,-0.019365
1618477142163,-0.046935
1618477142257,-0.064445
1618477142351,0.024978
1618477142445,-0.046799
1618477142539,-0.040056
1618477142633,-0.000244
1618477142727,-0.009062
1618477142817,-0.021072
1618477142911,-0.013223
1618477143005,-0.072157
1618477143099,-0.046061
1618477143193,-0.039319
1618477143287,-4.265216
1618477143381,-0.121767
1618477143475,0.005625
1618477143569,0.005993
1618477143663,-0.027077
1618477143757,-0.007860
1618477143851,-0.007723
1618477143945,4.973042
1618477144040,-0.021072
1618477144134,0.025483
1618477144228,-0.013592
1618477144322,0.000862
1618477144416,-0.046430
1618477144510,-0.058809
1618477144604,-0.052435
1618477144698,0.004887
1618477144792,-0.059177
1618477144886,0.045069
1618477144980,-0.032945
1618477145074,0.037958
1618477145168,0.004887
1618477145257,-0.045460
1618477145351,-0.097747
1618477145445,-0.122505
1618477145539,-0.051097
1618477145633,-0.033082
1618477145727,-0.032344
1618477145821,-0.025738
1618477145915,-0.012991
1618477146009,0.025347
1618477146103,-0.039455
1618477146197,-0.020839
1618477146291,-0.007491
1618477146385,-0.006617
1618477146475,-0.020471
1618477146569,-0.058809
1618477146663,-0.032112
1618477146757,-0.116636
1618477146851,-0.104162
1618477146945,-0.173494
1618477147039,-0.097283
1618477147133,-0.122177
1618477147227,-0.134924
1618477147321,-0.142035
1618477147415,-0.180646
1618477147509,-0.526696
1618477147603,-0.542680
1618477147695,-0.759344
1618477147789,-0.303931
1618477147883,-1.246161
1618477147977,-3.981476
1618477148071,-3.348235
1618477148165,-0.454875
1618477148259,1.386974
1618477148353,1.740673
1618477148447,0.722405
1618477148541,0.745924
1618477148635,-0.928728
1618477148729,-3.610595
1618477148823,-7.310874
1618477148913,-5.111627
1618477149007,-4.215392
1618477149101,-2.214666
1618477149195,-1.681457
1618477149289,-0.877904
1618477149383,-0.290636
1618477149477,0.010086
1618477149571,0.070751
1618477149665,0.182729
1618477149759,0.227082
1618477149853,0.157906
1618477149947,3.886413
1618477150041,0.121921
1618477150131,0.140012
1618477150225,0.070513
1618477150319,0.035074
1618477150413,0.012635
1618477150507,0.041943
1618477150601,0.065326
1618477150695,0.080199
1618477150789,0.017377
1618477150883,0.053230
1618477150977,0.029862
1618477151071,0.033887
1618477151165,0.017084
1618477151259,-0.000456
1618477151349,-0.009779
1618477151443,0.045235
1618477151537,0.011291
1618477151631,0.049629
1618477151725,0.008711
1618477151819,0.019847
1618477151913,0.045205
1618477152007,-0.017754
1618477152101,-0.031839
1618477152195,0.019478
1618477152289,0.006731
1618477152383,-0.052203
1618477152477,0.038463
1618477152568,-0.007355
1618477152662,-0.000612
1618477152756,0.006362
1618477152850,-0.032945
1618477152944,-0.027445
1618477153038,-0.051698
1618477153132,-0.013592
1618477153226,-0.032713
1618477153320,0.005256
1618477153414,-0.077657
1618477153508,-4.430074
1618477153602,-0.034051
1618477153696,-0.006617
1618477153789,-0.032112
1618477153883,-0.045092
1618477153977,0.018372
1618477154071,-0.026339
1618477154165,4.459743
1618477154259,-0.032577
1618477154353,0.005761
1618477154447,-0.027077
1618477154541,-0.051698
1618477154635,-0.090909
1618477154729,-0.020567
1618477154823,-0.045693
1618477154917,-0.015067
1618477155006,0.017635
1618477155100,0.005761
1618477155194,-0.019966
1618477155288,-0.033082
1618477155382,-0.006850
1618477155476,-0.051698
1618477155570,-0.007123
1618477155664,0.011630
1618477155758,0.005625
1618477155852,-0.051698
1618477155946,-0.025370
1618477156040,0.011630
1618477156134,-0.033314
1618477156226,-0.026940
1618477156320,0.018372
1618477156414,-0.058809
1618477156508,0.005993
1618477156602,0.005993
1618477156696,0.005993
1618477156790,-0.021072
1618477156884,-0.026708
1618477156978,-0.043849
1618477157072,-0.013728
1618477157166,-0.006112
1618477157260,-0.026107
1618477157354,-0.019597
1618477157443,-0.025971
1618477157537,-0.020334
1618477157631,-0.020703
1618477157725,0.005761
