1610679456120,162.896865132,202.932351734,415.925100010
1610679456214,162.974536890,204.983298226,417.018811310
1610679456308,160.989255901,202.992952726,419.742094435
1610679456402,161.982822907,201.988733194,421.988927629
1610679456496,162.016278254,202.010677239,421.905837441
1610679456590,160.014343223,200.009408013,421.679286377
1610679456684,159.019527770,203.012808663,423.286286623
1610679456778,162.006818945,202.004472685,424.798353430
1610679456872,163.012938107,204.008486368,423.514777184
1610679456966,161.998023729,200.998703724,420.768620739
1610679457057,161.997510317,201.998366966,420.708511069
1610679457151,162.024255764,202.015909851,422.839834170
1610679457245,157.020497579,209.013444781,424.399830616
1610679457339,164.016834296,203.011041958,423.970938077
1610679457433,162.036132117,204.023699794,423.230302629
1610679457527,160.002763703,203.001812769,423.323570846
1610679457621,161.010916539,202.007160381,423.278094629
1610679457715,159.006200604,204.004067103,422.725958838
1610679457809,162.993354586,201.995641137,422.221963359
1610679457903,161.974272549,201.983124839,420.987862516
1610679457997,161.976492316,203.984580830,419.247750096
1610679458091,162.964643831,202.976809166,418.860544367
1610679458185,161.997114205,201.998107148,421.662134741
1610679458273,162.021497112,205.014100395,425.516854696
1610679458367,162.035620062,205.023363926,427.170351860
1610679458461,162.035841000,203.023508844,426.196219040
1610679458555,164.034687216,205.022752054,425.061135434
1610679458649,163.040862417,201.026802494,424.784120191
1610679458743,156.043010326,208.028211352,424.035594663
1610679458837,164.001757402,203.001152716,422.205754464
1610679458931,163.014438654,205.009470608,420.690459375
1610679459025,160.981372293,203.987781706,420.819091581
1610679459119,163.995869121,201.997290472,421.516361872
1610679459213,160.981522870,202.987880473,420.836720916
1610679459307,162.966198209,202.977828715,419.042529070
1610679459401,163.981935372,199.988151041,417.885016161
1610679459492,163.981366242,205.987777738,418.818383176
1610679459587,161.969197348,204.979795911,419.393664408
1610679459682,161.975839642,202.984152728,418.171335800
1610679459777,161.980421238,202.987157890,417.707743296
1610679459872,161.003061851,204.002008331,420.358477684
1610679459967,161.044752344,205.029353976,424.239547855
1610679460062,161.988554996,201.992492988,425.660033401
1610679460157,162.035956998,203.023584930,424.209799922
1610679460252,161.008636791,203.005665048,423.011184597
1610679460347,161.994410366,200.996333645,422.345572718
1610679460442,159.993183698,201.995529048,421.201955972
1610679460537,161.974540029,202.983300285,420.019178793
1610679460632,163.972745682,204.982123336,419.809098839
1610679460729,161.987957323,202.992100962,419.590058636
1610679460823,156.004017274,210.002635012,419.470337385
1610679460917,161.977792686,202.985433769,420.399995692
1610679461011,161.995476606,203.997033013,422.470406734
1610679461105,161.999188535,201.999467744,423.904994760
1610679461199,163.021778660,206.014285068,424.549817965
1610679461293,163.007003280,202.004593595,424.819935232
1610679461387,161.019858540,204.013025622,424.325012772
1610679461481,162.027024913,202.017726192,423.164042624
1610679461575,161.994443493,204.996355374,422.349451201
1610679461669,159.999552241,203.999706306,421.947576930
1610679461763,162.022086452,205.014486955,421.585853846
1610679461857,163.016549628,205.010855239,421.937609513
1610679461946,163.007663649,202.005026744,423.897250289
1610679462041,161.021424093,204.014052500,425.508305679
1610679462136,162.019346782,203.012689949,425.265096739
1610679462231,162.022218685,204.014573689,423.601335589
1610679462326,161.998313506,201.998893794,423.802547366
1610679462421,162.028794267,202.018886748,424.371196358
1610679462516,161.979736969,202.986709064,419.627629987
1610679462611,161.915908752,202.944842833,409.154702883
1610679462706,159.885496912,204.924895086,404.594123166
1610679462801,158.913797108,203.943457762,412.907474316
1610679462896,161.032615452,205.021393141,425.818575872
1610679462991,162.072495694,204.047551407,430.487704279
1610679463086,161.042224531,205.027695932,426.943594760
1610679463181,162.038721352,205.025398126,427.533446950
1610679463275,164.101381685,203.066498318,434.869639631
1610679463369,162.116271066,203.076264567,434.612869497
1610679463463,160.005479020,202.003593801,424.641476723
1610679463557,162.007476069,203.004903706,420.875288680
1610679463651,161.033154735,204.021746868,426.881714442
1610679463745,160.037405134,210.024534791,422.379345820
1610679463839,161.873022906,204.916713130,407.133682258
1610679463933,161.881166979,203.922054994,406.087180055
1610679464027,158.989423703,203.993062791,417.761740491
1610679464121,158.936375493,204.958267386,416.550923137
1610679464215,160.888346098,199.926763925,409.927702218
1610679464309,158.972616629,203.982038687,417.793989466
1610679464400,158.007786795,202.005107518,425.911668089
1610679464494,159.976959262,203.984887110,420.302419552
1610679464588,156.984962192,204.990136394,417.239392422
1610679464682,159.045300884,203.029713775,429.303770201
1610679464776,157.121027199,205.079384212,436.169711493
1610679464870,156.033099623,207.021710718,425.875261982
1610679464964,150.017166746,205.011260019,423.009860885
1610679465058,149.164415761,211.107843656,441.249589571
1610679465152,67.181133739,335.118809319,443.206909268
1610679465246,-56.990143759,278.006464910,424.153956218
1610679465340,112.009327428,268.006118051,419.092043500
1610679465434,74.126357820,281.082880675,431.793813890
1610679465528,179.991563693,108.994466454,417.012287785
1610679465620,205.706005784,23.807163189,382.579528723
1610679465714,138.765324071,141.846071265,389.524438803
1610679465808,139.975753808,189.984096427,403.161286473
1610679465902,151.667790395,197.782096935,342.105319266
1610679465996,153.803410156,202.215132282,275.904773039
1610679466090,154.489975035,201.321384633,379.365657917
1610679466184,159.763886805,202.189208108,634.277429026
1610679466278,154.694168169,206.143478231,731.114859289
1610679466372,160.687895189,205.795284080,542.459163113
1610679466466,160.592538224,200.732737499,316.294890118
1610679466560,161.069248012,202.389500761,284.028733357
1610679466654,159.673020595,203.785527530,370.717664482
1610679466748,159.848031899,202.900321019,399.207766747
1610679466839,162.637233274,204.762053895,374.527730092
1610679466933,159.715621883,203.813470584,387.705369342
1610679467027,163.070025226,201.045930976,428.198465010
1610679467121,162.136494659,204.089529635,435.980622204
1610679467215,158.988550404,204.992489976,422.659495822
1610679467309,162.116404080,205.076351814,434.628442632
1610679467403,162.287707028,203.188712916,453.684375293
1610679467497,162.218799907,202.143515328,447.616816604
1610679467591,163.115135673,204.075519839,435.479939082
1610679467685,158.167629831,205.109951830,438.625888816
1610679467779,160.184511782,203.121025046,440.602406263
1610679467873,163.047810191,204.031359681,429.597556756
1610679467967,160.969300606,206.979863640,417.405753713
1610679468057,161.950639359,201.967623348,416.220918568
1610679468151,160.944890205,205.963852360,412.547814835
1610679468245,156.848742946,200.900787409,401.291015259
1610679468339,160.798198109,203.867634018,400.373289632
1610679468433,159.889085211,202.927248725,409.014236671
1610679468527,159.911616259,202.942027299,408.652143237
1610679468621,161.884723563,203.924387830,406.503580378
1610679468715,160.960787563,204.974279762,418.409057426
1610679468809,163.086172529,202.056522321,429.088970751
1610679468903,162.069881451,202.045836671,426.181631958
1610679468997,160.020642763,202.013540010,424.416828556
1610679469091,161.123007961,203.080683434,433.401616620
1610679469185,162.146371225,204.096007876,439.136958026
1610679469274,162.093854596,203.061561146,432.988377495
1610679469368,161.056400969,204.036994548,426.603354206
1610679469462,162.026078013,204.017105101,426.053180787
1610679469556,161.001725293,206.001131655,423.201995150
1610679469650,159.967050664,202.978387858,415.142333372
1610679469744,156.886003597,200.925227431,408.653445167
1610679469838,159.863402536,201.910402933,410.007341478
1610679469932,159.962162204,206.975181416,415.569998601
1610679470026,161.009208574,203.006040092,419.078128209
1610679470120,159.989446894,202.993078002,418.764455677
1610679470214,162.971957223,202.981606170,418.716787122
1610679470308,158.973192946,203.982416705,421.861463942
1610679470402,163.032396728,205.021249676,424.792968022
1610679470493,159.026640050,202.017473753,425.118983426
1610679470587,162.063285533,203.041510274,425.409390238
1610679470681,163.091582985,205.060071151,429.722420220
1610679470775,161.102247760,201.067066394,435.971038585
1610679470869,161.143983403,202.094441655,436.857394878
1610679470963,162.083526958,205.054787038,431.779230664
1610679471057,161.026850000,202.017611463,426.143564073
1610679471151,163.017667308,203.011588348,423.068466048
1610679471245,161.968932143,203.979621958,419.362614533
1610679471339,159.918255004,204.946381787,412.429399104
1610679471433,160.897888342,202.933022878,406.044896127
