1618477608789	-64.577767	141.515486	264.830228
1618477608883	-95.228289	146.041813	238.959371
1618477608977	-94.844998	144.652485	265.019076
1618477609071	-89.777697	177.259885	244.114849
1618477609165	-97.547352	148.982248	208.630043
1618477609259	-114.139327	125.09292	236.817811
1618477609353	-93.596133	142.273073	234.767373
1618477609447	-88.459557	174.698139	221.544749
1618477609541	-113.048306	89.9871	246.084315
1618477609635	-73.47342	160.217637	233.241146
1618477609729	-89.244558	117.471979	237.605481
1618477609823	-98.140132	147.45993	234.366377
1618477609913	-103.052529	120.49991	201.633877
1618477610007	-94.093924	174.169669	237.522348
1618477610101	-69.527261	98.116924	219.811521
1618477610195	-97.291156	127.907844	226.587234
1618477610289	-102.538744	179.932593	248.528162
1618477610383	-95.844679	170.607114	235.194253
1618477610477	-87.757524	145.001499	272.009566
1618477610571	-85.405919	142.910799	179.432745
1618477610665	-106.964372	121.470886	206.415538
1618477610759	-92.809613	129.816715	254.864555
1618477610853	-96.328598	130.502462	234.52128
1618477610947	-95.028061	152.745221	202.801398
1618477611041	-104.762171	159.704741	225.040188
1618477611134	-90.666132	127.693517	263.129706
1618477611228	-94.448804	130.995956	239.905117
1618477611322	-76.607256	176.441696	253.256855
1618477611416	-81.250716	187.891283	254.175161
1618477611510	-76.977301	98.584891	234.12561
1618477611604	-89.69644	195.652458	220.353385
1618477611698	-89.98848	111.603195	227.587746
1618477611792	-101.210036	71.270103	221.944499
1618477611886	-78.349935	156.359285	205.874222
1618477611980	-95.762051	164.794101	272.266136
1618477612074	-100.290799	178.16825	218.92869
1618477612168	-112.584564	136.756978	217.411021
1618477612262	-54.57238	178.863916	247.013944
1618477612352	-83.351718	181.638313	234.28079
1618477612446	-103.264342	145.893008	238.961444
1618477612540	-123.012682	180.968853	229.212578
1618477612634	-104.817231	137.68716	239.248743
1618477612728	-89.450781	154.555922	263.604009
1618477612822	-74.265445	144.637503	239.458098
1618477612916	-106.689269	197.762942	245.231945
1618477613010	-109.643198	124.58974	219.415824
1618477613104	-108.226325	182.25729	224.973083
1618477613198	-96.79644	177.599318	232.867757
1618477613292	-87.316164	149.123736	244.556577
1618477613386	-99.54366	119.440356	253.879775
1618477613480	-74.516578	156.128803	245.013426
1618477613573	-96.620275	134.753966	253.092179
1618477613667	-82.110058	77.885987	280.897439
1618477613761	-83.761923	140.594457	247.867334
1618477613855	-89.311307	121.233667	220.523078
1618477613949	-108.589709	147.928918	254.319453
1618477614043	-100.861885	141.549104	234.14422
1618477614137	-112.785983	143.445927	222.529584
1618477614231	-95.713007	134.446485	228.916426
1618477614325	-106.88577	164.97336	257.967098
1618477614419	-79.7408	162.02892	230.512705
1618477614513	-82.598417	147.542422	241.191008
1618477614607	-79.481184	138.519057	261.474078
1618477614701	-98.657573	180.575491	244.879298
1618477614791	-113.45798	192.992083	233.010661
1618477614885	-87.586736	158.35856	243.162443
1618477614979	-82.772075	131.639697	234.266908
1618477615073	-121.230748	178.196706	190.709619
1618477615167	-62.402059	151.135933	220.195074
1618477615261	-102.572616	109.791484	225.520602
1618477615355	-92.503225	111.913966	255.730635
1618477615449	-100.748546	176.236439	219.765575
1618477615543	-100.903677	77.740348	257.065965
1618477615637	-91.571374	132.908889	282.17192
1618477615731	-76.512407	141.67247	193.300176
1618477615825	-109.298399	182.188968	254.367412
1618477615919	-83.524544	133.422687	256.985624
1618477616011	-101.126331	169.327758	279.663886
1618477616105	-97.919722	123.669781	255.78446
1618477616199	-87.424754	116.692022	222.403106
1618477616293	-99.692702	207.324883	254.696901
1618477616387	-82.618385	150.885312	250.127933
1618477616481	-81.515575	177.130055	241.942691
1618477616575	-128.440346	158.150073	214.814234
1618477616669	-89.514909	163.008285	254.720814
1618477616763	-91.772099	180.628898	227.858116
1618477616857	-105.381903	138.55868	220.762331
1618477616951	-104.005736	168.344918	221.885198
1618477617045	-81.186683	114.207344	215.46187
1618477617139	-76.741488	130.720464	257.049975
1618477617234	-71.832167	174.94046	210.756759
1618477617329	-80.288042	184.883771	226.296563
1618477617424	-98.350236	188.73771	256.386595
1618477617519	-70.53647	144.862316	214.121668
1618477617614	-65.609166	119.85596	251.36248
1618477617709	-89.268113	190.622829	228.546655
1618477617804	-123.204671	126.795258	222.560469
1618477617899	-106.394644	195.724174	241.041289
1618477617994	-85.853626	126.286566	210.304961
1618477618089	-80.353377	130.089944	215.089163
1618477618184	-99.173025	178.347176	235.740402
1618477618279	-97.669364	95.610094	254.234423
1618477618374	-79.28346	135.529004	211.229415
1618477618469	-97.761265	124.005926	225.639946
1618477618563	-85.072435	180.326792	233.420478
1618477618657	-96.129592	111.966079	213.814857
1618477618751	-88.995736	113.24196	180.161381
1618477618845	-99.889391	148.903191	244.277231
1618477618939	-91.08536	182.190633	265.102081
1618477619033	-105.598336	179.979016	244.889071
1618477619127	-78.118242	184.395362	212.322401
1618477619221	-114.555431	163.281531	226.830164
1618477619315	-113.940702	155.962642	205.241443
1618477619409	-82.255012	156.057551	232.026621
1618477619503	-106.606474	188.435379	258.994849
1618477619597	-92.629538	136.686317	238.371172
1618477619688	-72.348004	148.395499	226.757664
1618477619782	-107.854077	132.382671	221.188799
1618477619876	-92.505893	165.893552	216.391478
1618477619970	-85.180436	140.493246	202.025849
1618477620064	-95.602654	173.392442	225.794394
1618477620158	-96.948363	148.685544	258.583425
1618477620252	-85.705521	98.525391	276.912987
1618477620346	-94.744674	154.459621	242.729216
1618477620440	-87.577093	147.674212	240.152556
1618477620534	-82.742067	164.401929	235.467071
1618477620628	-60.721304	173.255348	227.35622
1618477620722	-73.903227	142.892472	245.730106
1618477620816	-93.991109	117.575563	252.319402
1618477620908	-119.869459	161.188697	221.605464
1618477621002	-105.185145	140.267912	212.295343
1618477621096	-91.00362	115.013417	213.129249
1618477621190	-121.816507	166.935051	229.788245
1618477621284	-112.275801	164.366467	224.414019
1618477621378	-122.98852	124.806061	230.861352
1618477621472	-137.7906	220.294503	233.572839
1618477621566	-141.668158	200.44573	186.080384
1618477621660	-175.20421	337.919878	204.938139
1618477621754	-99.739992	331.004693	148.531584
1618477621848	-12.998376	16.435274	317.57695
1618477621942	-250.881457	416.244409	111.298888
1618477622036	73.827735	-54.978961	245.884912
1618477622125	19.731446	-90.693772	274.728672
1618477622221	-8.117479	-325.948264	373.409668
1618477622317	-180.264184	-533.184852	420.377648
1618477622413	-278.783759	-231.301326	323.912808
1618477622509	-113.44619	56.212357	252.929103
1618477622605	-30.779387	-32.39006	286.615119
1618477622701	18.53541	86.885591	260.54218
1618477622797	-87.539857	-4.033243	278.572889
1618477622893	-109.482848	37.263586	272.692955
1618477622989	-110.686467	145.368835	213.985696
1618477623085	-122.316733	108.530113	185.521831
1618477623181	-103.131047	141.788732	161.208182
1618477623277	-75.511507	105.199425	188.335414
1618477623377	-119.120605	173.978474	102.189495
1618477623471	-93.675732	180.416271	639.620538
1618477623565	-119.649152	135.04214	350.978455
1618477623659	-107.552937	152.632458	539.108141
1618477623753	-87.186391	150.891481	578.846893
1618477623847	-111.70981	177.853291	326.10019
1618477623941	-84.587969	138.786032	107.174033
1618477624035	-78.701538	152.11462	135.027716
1618477624129	-88.419729	93.951692	129.018583
1618477624223	-109.067652	139.646343	160.154096
1618477624317	-100.869307	122.121449	181.908901
1618477624411	-94.053653	161.615971	202.111914
1618477624505	-74.542513	148.055568	227.369934
1618477624594	-87.748111	196.655573	185.638793
1618477624688	-103.375552	166.155612	234.238975
1618477624782	-84.716332	184.548116	212.209014
1618477624876	-107.232326	141.661506	230.264581
1618477624970	-95.613028	193.464227	212.310598
1618477625064	-85.857147	176.525541	233.774888
1618477625158	-87.507469	152.659709	206.732773
1618477625252	-68.516427	183.755107	254.38365
1618477625346	-87.739288	125.111069	229.913682
1618477625440	-109.770834	142.516041	252.011267
1618477625534	-88.416439	157.366014	256.633037
1618477625628	-99.265126	160.814514	228.754338
1618477625722	-76.069473	145.071474	226.908364
1618477625813	-89.017868	135.266553	242.827195
1618477625907	-107.767874	153.315557	245.016275
1618477626001	-110.114384	175.801745	231.512235
1618477626095	-107.050534	135.121865	211.701074
1618477626189	-94.234898	122.660952	200.719965
1618477626283	-86.061773	171.443202	274.491101
1618477626377	-79.91937	182.539896	217.43484
1618477626471	-76.854349	148.452539	231.628713
1618477626565	-74.961319	173.426991	247.132332
1618477626659	-81.99332	149.53754	263.898054
1618477626753	-57.530693	190.593101	233.197357
1618477626847	-109.255325	175.482442	227.210721
1618477626941	-102.716026	143.740197	241.374981
1618477627031	-91.584439	156.427069	214.356025
1618477627125	-120.225031	137.107201	230.097322
1618477627219	-105.126373	170.598562	257.132873
1618477627313	-86.515692	141.727823	215.410379
1618477627407	-80.970103	201.864419	229.299784
1618477627501	-105.359659	169.335089	234.321062
1618477627595	-83.591743	167.741756	208.111688
1618477627689	-97.870851	180.891151	201.340627
1618477627783	-106.309979	142.858868	233.522235
1618477627877	-88.509945	161.599018	259.286807
1618477627971	-117.02913	162.071796	217.149916
1618477628065	-78.999457	180.285273	254.588848
1618477628159	-85.291423	178.231439	236.11415
1618477628251	-78.975679	124.945837	259.527839
1618477628345	-90.634483	174.16567	194.497112
1618477628439	-93.741178	169.183031	188.012162
1618477628533	-70.122374	142.318815	238.5555
1618477628627	-81.113808	185.690067	262.531498
1618477628721	-86.996911	129.049768	225.691906
1618477628815	-108.419818	198.606581	204.304608
1618477628909	-69.695631	167.726367	238.698433
1618477629003	-78.374165	154.893774	242.468568
1618477629097	-123.555385	179.886468	215.043685
1618477629191	-105.880909	146.570883	258.437285
1618477629285	-127.947811	175.220417	193.650703
1618477629379	-83.448543	163.231339	230.16829
1618477629477	-86.030706	167.162824	254.319565
1618477629571	-113.128555	135.824686	230.67377
1618477629665	-88.049949	124.576818	234.280155
1618477629759	-60.508499	166.896748	222.834531
1618477629853	-98.693151	155.69258	223.943134
1618477629947	-103.495006	171.959984	166.96194
1618477630041	-89.232183	133.408801	235.146458
1618477630135	-81.196428	149.957037	235.217533
1618477630229	-86.396629	181.567682	224.504342
1618477630323	-91.069489	135.798227	236.180539
1618477630417	-111.557435	167.061278	198.51785
1618477630511	-101.907592	123.482072	233.420053
1618477630605	-74.800831	122.491657	255.051113
1618477630703	-91.137434	138.076236	231.028615
1618477630799	-116.264316	118.011411	253.261714
1618477630895	-93.967617	147.243484	206.385892
1618477630991	-113.271091	146.904269	195.218952
1618477631087	-113.476633	112.219397	298.097182
1618477631183	-92.234334	162.229627	176.871917
1618477631279	-72.940796	176.264389	228.161142
1618477631375	-86.759685	159.702672	249.74273
1618477631471	-108.639785	185.104749	242.006021
1618477631567	-87.318018	193.261778	220.439193
1618477631663	-92.075977	211.058261	230.726857
1618477631759	-72.764511	161.087822	210.011864
1618477631855	-84.665422	116.51816	244.954777
1618477631948	-63.698298	158.406772	266.40705
1618477632042	-94.535412	128.481392	236.037809
1618477632136	-99.033365	149.468905	226.115065
1618477632230	-101.094335	190.077174	237.595468
1618477632324	-109.922327	129.590862	248.902001
1618477632418	-88.261459	107.231877	205.840499
1618477632512	-69.232078	153.601987	243.767942
1618477632606	-117.802527	171.158491	237.471071
1618477632700	-81.673552	163.920427	232.971788
1618477632794	-91.258775	164.890067	273.852647
1618477632888	-73.556582	179.525576	280.816726
1618477632982	-135.163354	142.960579	234.029134
1618477633076	-69.796584	142.788279	275.685134
1618477633167	-128.455471	156.675045	234.597613
1618477633261	-96.955202	143.137882	214.380302
1618477633355	-106.03518	169.54579	232.11407
1618477633449	-112.625944	159.784139	214.784915
1618477633543	-100.687127	217.134248	239.975973
1618477633637	-123.291873	105.139262	248.618379
1618477633731	-127.162533	186.430765	222.712081
1618477633825	-125.800888	143.233776	227.491512
1618477633919	-71.436064	127.679724	222.445346
1618477634013	-88.521364	122.426585	248.213212
1618477634107	-91.163943	151.798201	249.66805
1618477634201	-83.985624	152.997155	241.788663
1618477634295	-83.720238	150.138689	215.0337
1618477634386	-71.296418	133.451136	213.50868
1618477634480	-107.323652	182.137411	224.783591
1618477634574	-100.538059	169.399377	195.490456
1618477634668	-83.695152	143.29595	254.436967
1618477634762	-122.567552	120.752058	278.021375
1618477634856	-107.876708	153.912455	227.573054
1618477634950	-94.546087	134.932058	260.415326
1618477635044	-129.016555	116.953886	212.215843
1618477635138	-85.742393	214.33716	242.540434
1618477635232	-85.714696	143.859512	242.842182
1618477635326	-96.43822	167.459784	201.798459
1618477635420	-132.476146	175.311229	224.782193
