1618476759610,3.259965
1618476759704,-2.583074
1618476759797,-1.122571
1618476759891,3.729912
1618476759985,-1.458981
1618476760079,-2.411786
1618476760173,3.625837
1618476760267,0.148886
1618476760361,-2.677337
1618476760455,2.519300
1618476760549,1.710808
1618476760643,-3.618134
1618476760737,0.974106
1618476760831,2.892644
1618476760925,-2.950026
1618476761015,-0.499384
1618476761110,3.604247
1618476761205,-2.086360
1618476761300,-1.976468
1618476761395,3.540517
1618476761490,-3.694358
1618476761585,-3.376533
1618476761680,3.039634
1618476761775,1.013538
1618476761870,-3.483950
1618476761965,1.632542
1618476762060,2.673466
1618476762155,-3.438568
1618476762249,0.030317
1618476762343,3.597950
1618476762437,-2.341630
1618476762531,-1.393467
1618476762625,-3.105464
1618476762719,-0.895853
1618476762813,-2.690947
1618476762907,3.262055
1618476763001,0.784820
1618476763095,-3.347587
1618476763189,2.073324
1618476763283,2.046146
1618476763377,-3.366051
1618476763467,0.412315
1618476763561,3.328619
1618476763655,-2.800277
1618476763749,0.053855
1618476763843,3.876220
1618476763937,-1.423601
1618476764031,-2.411631
1618476764125,3.689068
1618476764219,0.123663
1618476764313,-3.492833
1618476764407,2.544005
1618476764501,1.609688
1618476764595,-3.486887
1618476764685,1.168467
1618476764779,3.134162
1618476764873,2.496689
1618476764967,-0.416168
1618476765061,3.633562
1618476765155,-1.994378
1618476765249,-1.959354
1618476765343,3.924407
1618476765437,-0.655047
1618476765531,-2.942818
1618476765625,3.188220
1618476765719,1.056583
1618476765813,-3.589433
1618476765905,1.974061
1618476765999,3.688487
1618476766093,-3.219894
1618476766187,0.321931
1618476766281,3.436268
1618476766375,-2.329639
1618476766469,-1.174022
1618476766563,3.655291
1618476766657,-1.097358
1618476766751,-2.640695
1618476766845,3.385055
1618476766939,0.302630
1618476767033,-3.355698
1618476767122,3.454442
1618476767216,2.066656
1618476767310,-3.627520
1618476767404,1.173836
1618476767498,3.270818
1618476767592,-2.895837
1618476767686,-0.659637
1618476767780,3.641694
1618476767874,-2.034237
1618476767968,-2.117099
1618476768062,3.746310
1618476768156,-0.246420
1618476768250,1.477069
1618476768343,2.797864
1618476768437,1.129701
1618476768531,-3.676377
1618476768625,1.770237
1618476768719,2.744595
1618476768813,-3.262344
1618476768907,0.209339
1618476769001,3.636768
1618476769095,-2.527703
1618476769189,-1.155231
1618476769283,3.767705
1618476769377,-2.055923
1618476769471,-2.660508
1618476769563,3.301160
1618476769657,0.315513
1618476769751,-3.407859
1618476769845,2.155734
1618476769939,1.992845
1618476770033,-3.794024
1618476770127,0.870463
1618476770221,3.152826
1618476770315,-2.742561
1618476770409,-0.614509
1618476770503,-3.366287
1618476770597,-1.804437
1618476770691,-2.370379
1618476770782,3.642632
1618476770876,-0.490550
1618476770970,-3.103977
1618476771064,2.720103
1618476771158,0.727984
1618476771252,-4.246495
1618476771346,-0.293941
1618476771440,-0.364221
1618476771534,-9.251027
1618476771628,-11.471563
1618476771722,-3.237275
1618476771816,-0.770634
1618476771910,0.781114
1618476771998,2.050855
1618476772092,-7.539877
1618476772186,-1.502721
1618476772280,3.700339
1618476772374,0.526722
1618476772468,-3.196471
1618476772562,2.818504
1618476772656,1.733166
1618476772750,-0.682022
1618476772844,1.216822
1618476772938,3.053532
1618476773032,-3.128973
1618476773126,-0.359775
1618476773216,3.764711
1618476773310,-2.061120
1618476773404,-1.915383
1618476773498,3.716994
1618476773592,-0.877410
1618476773686,-3.168307
1618476773780,3.293786
1618476773874,2.016661
1618476773968,-3.454731
1618476774062,2.214264
1618476774156,2.178049
1618476774250,-3.362246
1618476774344,0.598772
1618476774437,3.205887
1618476774531,-2.712234
1618476774625,-0.631248
1618476774719,3.605695
1618476774813,-1.784933
1618476774907,-2.153752
1618476775001,3.706757
1618476775095,-0.392073
1618476775189,-3.144070
1618476775283,2.900277
1618476775377,1.035339
1618476775471,-3.628715
1618476775565,1.789357
1618476775655,2.335194
1618476775749,-3.573925
1618476775843,0.399721
1618476775937,3.477461
1618476776031,-2.454357
1618476776125,2.567116
1618476776219,3.585920
1618476776313,-1.489746
1618476776407,-2.477642
1618476776501,3.500115
1618476776595,0.034614
1618476776689,-3.260468
1618476776783,2.760184
1618476776874,1.464111
1618476776968,-3.747255
1618476777062,1.513227
1618476777156,2.673275
1618476777250,-0.235157
1618476777344,0.004840
1618476777438,3.489799
1618476777532,-2.284139
1618476777626,-1.531144
1618476777720,3.765196
1618476777814,-1.340095
1618476777908,-2.710838
1618476778002,3.299791
1618476778093,-0.060692
1618476778187,-3.730448
1618476778281,2.479675
1618476778375,-2.950566
1618476778469,-3.725894
1618476778563,1.404558
1618476778657,2.858054
1618476778751,-3.279627
1618476778845,-0.246663
1618476778939,3.559171
1618476779033,-2.454683
1618476779127,-1.600243
1618476779221,3.717744
1618476779311,-1.068311
1618476779405,-2.948532
1618476779499,-3.590127
1618476779593,0.282468
1618476779687,-3.427789
1618476779781,2.373785
1618476779875,1.809435
1618476779969,-3.568520
1618476780063,1.210452
1618476780157,2.864699
1618476780251,-3.276788
1618476780345,-0.242607
1618476780439,3.550906
1618476780532,-2.215809
1618476780626,nan
