1618476690357,-0.038703
1618476690451,-0.038865
1618476690545,-0.026393
1618476690639,-0.029766
1618476690733,0.017485
1618476690827,-0.013920
1618476690921,-0.038947
1618476691015,-0.089245
1618476691109,-0.107526
1618476691203,-0.051419
1618476691297,-0.042075
1618476691386,-0.029928
1618476691480,-0.042320
1618476691574,-0.082580
1618476691668,-0.042320
1618476691762,-0.029521
1618476691856,-0.017130
1618476691950,0.035929
1618476692044,-0.004332
1618476692138,-0.048209
1618476692232,-0.026230
1618476692326,0.014194
1618476692420,0.007897
1618476692514,0.014194
1618476692614,-0.038947
1618476692708,-0.042157
1618476692802,-0.064136
1618476692896,-0.038784
1618476692990,-0.060764
1618476693084,-0.107607
1618476693178,-0.016804
1618476693272,-0.051338
1618476693366,-0.064218
1618476693460,-0.076528
1618476693554,-0.017211
1618476693648,0.036092
1618476693742,0.082610
1618476693831,-0.004576
1618476693925,-0.033057
1618476694019,-0.082580
1618476694113,-0.076446
1618476694207,-0.198166
1618476694301,-0.042238
1618476694395,0.026829
1618476694489,-0.035574
1618476694583,-0.038784
1618476694677,-0.042157
1618476694771,0.001558
1618476694865,-0.051582
1618476694959,-0.045530
1618476695049,-0.054630
1618476695143,-0.051419
1618476695237,0.045029
1618476695331,-0.001815
1618476695425,0.035766
1618476695519,-0.067753
1618476695613,-0.092373
1618476695707,0.070381
1618476695801,-0.051501
1618476695895,-0.057758
1618476695989,-0.038947
1618476696083,0.004850
1618476696177,-0.042238
1618476696271,-0.023632
1618476696364,-0.011159
1618476696457,-0.067428
1618476696550,-0.114109
1618476696643,-0.067428
1618476696736,-0.101636
1618476696829,-0.211494
1618476696922,-0.155225
1618476697015,-0.173913
1618476697108,-0.202069
1618476697201,-0.417475
1618476697294,-0.305182
1618476697387,-0.949210
1618476697486,-1.385383
1618476697580,-1.422189
1618476697674,-2.118735
1618476697768,-0.809117
1618476697862,-2.855454
1618476697956,-3.791664
1618476698050,-0.148729
1618476698144,1.539690
1618476698238,1.802324
1618476698332,0.619855
1618476698426,0.518810
1618476698520,-1.127252
1618476698614,-3.402139
1618476698707,-7.897850
1618476698801,-5.886739
1618476698895,-5.932441
1618476698989,-3.256394
1618476699083,-2.202036
1618476699177,-1.164492
1618476699271,-0.209711
1618476699365,0.199648
1618476699459,0.341466
1618476699553,3.978947
1618476699647,0.313825
1618476699741,0.279773
1618476699835,0.267672
1618476699925,0.170251
1618476700020,0.268572
1618476700115,0.145514
1618476700210,0.168634
1618476700305,0.119429
1618476700400,0.092530
1618476700495,0.077807
1618476700590,0.084029
1618476700685,0.002524
1618476700780,0.058061
1618476700875,0.089791
1618476700970,0.058631
1618476701065,-0.108630
1618476701159,0.035720
1618476701253,0.039907
1618476701347,-0.040656
1618476701441,-0.006204
1618476701535,-0.002424
1618476701629,-0.014490
1618476701723,-0.001529
1618476701817,-0.004820
1618476701911,0.004280
1618476702005,0.035522
1618476702099,-0.076772
1618476702193,-0.020503
1618476702287,-0.030010
1618476702379,-0.042320
1618476702473,-0.038947
1618476702567,-0.082499
1618476702661,0.020370
1618476702755,-0.029766
1618476702849,-0.013839
1618476702943,-0.001366
1618476703037,-0.054874
1618476703131,-0.220227
1618476703225,-0.026637
1618476703319,0.042349
1618476703413,-0.038865
1618476703507,-0.098344
1618476703598,-0.038865
1618476703692,-0.095297
1618476703786,-0.051338
1618476703880,-0.004576
1618476703974,-0.038865
1618476704068,-0.051501
1618476704162,-0.073318
1618476704256,-0.076853
1618476704350,0.051530
1618476704444,-0.004413
1618476704538,-0.013757
1618476704632,-0.051419
1618476704726,0.067457
1618476704819,0.007815
1618476704913,-0.089082
1618476705007,-0.135395
1618476705101,-0.026474
1618476705195,-0.038865
1618476705289,0.017241
1618476705383,-0.051501
1618476705477,0.023293
1618476705571,0.035766
1618476705665,0.064329
1618476705759,0.026015
1618476705853,-0.010996
1618476705947,0.017159
1618476706037,-0.013594
1618476706132,-0.016886
1618476706227,-0.017049
1618476706322,0.026666
1618476706417,-0.045530
1618476706512,-0.038784
1618476706607,-0.082580
1618476706702,-0.048209
1618476706797,-0.017211
1618476706892,-0.038865
1618476706987,-0.026230
1618476707082,-0.016967
1618476707177,0.051693
1618476707268,-0.013920
1618476707363,-0.013757
1618476707458,0.026504
1618476707553,-0.051419
1618476707648,-0.017211
1618476707743,0.038976
1618476707838,0.007897
1618476707933,-0.023957
1618476708028,-0.017130
1618476708123,-0.011240
1618476708218,0.039302
1618476708313,0.004687
1618476708408,-0.051582
1618476708503,-0.051175
1618476708597,-0.038865
1618476708691,-0.026230
1618476708785,-0.038784
1618476708879,-0.063811
1618476708973,-0.013920
1618476709067,0.004768
1618476709161,-0.026230
1618476709255,-0.089163
1618476709349,-0.073399
1618476709443,-0.076691
1618476709537,0.026422
1618476709631,-0.007623
1618476709722,0.051612
1618476709816,0.004850
1618476709910,-0.029521
1618476710004,-0.154532
1618476710098,-0.057309
1618476710192,0.020532
1618476710286,-0.051419
1618476710380,0.004850
1618476710474,nan
