1618476556220	109	462	406
1618476556314	106	463	394
1618476556408	107	468	380
1618476556502	101	460	371
1618476556596	103	463	360
1618476556690	101	466	350
1618476556784	103	466	342
1618476556878	103	467	333
1618476556968	110	464	329
1618476557062	105	470	328
1618476557156	108	464	336
1618476557250	95	469	343
1618476557344	99	468	347
1618476557438	97	474	349
1618476557532	99	472	349
1618476557626	106	474	355
1618476557720	115	475	357
1618476557814	122	475	360
1618476557908	130	474	362
1618476558002	138	476	362
1618476558096	136	475	368
1618476558187	134	472	367
1618476558281	139	471	377
1618476558375	124	473	373
1618476558469	124	476	365
1618476558563	127	472	366
1618476558657	130	469	373
1618476558751	133	470	368
1618476558845	135	472	372
1618476558939	140	469	375
1618476559033	150	468	373
1618476559127	157	468	377
1618476559221	164	471	382
1618476559315	175	475	388
1618476559405	172	481	397
1618476559499	187	478	409
1618476559593	190	482	415
1618476559687	195	479	433
1618476559781	201	490	450
1618476559875	200	489	457
1618476559969	207	488	468
1618476560063	212	496	481
1618476560157	205	493	498
1618476560251	206	499	497
1618476560345	210	508	503
1618476560439	208	508	510
1618476560533	200	513	517
1618476560632	209	512	522
1618476560726	210	513	533
1618476560820	220	515	538
1618476560914	227	517	543
1618476561008	226	515	548
1618476561102	223	519	552
1618476561196	225	520	555
1618476561290	227	526	562
1618476561384	225	528	570
1618476561478	220	532	570
1618476561572	221	535	574
1618476561666	218	531	579
1618476561760	213	529	583
1618476561850	218	532	586
1618476561945	224	528	589
1618476562040	222	527	593
1618476562135	226	525	593
1618476562230	222	531	597
1618476562325	222	525	599
1618476562420	224	535	602
1618476562515	242	529	606
1618476562610	206	511	603
1618476562705	214	544	608
1618476562800	209	520	609
1618476562895	169	600	607
1618476562990	208	684	606
1618476563085	322	691	607
1618476563179	363	615	613
1618476563273	343	530	613
1618476563367	301	463	618
1618476563461	249	449	617
1618476563555	230	486	622
1618476563649	214	472	629
1618476563743	158	499	631
1618476563837	151	549	632
1618476563931	169	613	637
1618476564025	208	734	632
1618476564119	250	774	634
1618476564213	261	777	631
1618476564306	312	772	624
1618476564401	335	719	623
1618476564496	344	676	610
1618476564591	355	629	609
1618476564686	356	585	597
1618476564781	341	547	578
1618476564876	316	523	570
1618476564971	296	512	582
1618476565066	284	505	585
1618476565161	268	498	589
1618476565256	255	490	590
1618476565351	247	491	625
1618476565446	237	483	654
1618476565539	234	481	622
1618476565633	219	484	585
1618476565727	219	484	576
1618476565821	210	494	561
1618476565915	209	496	534
1618476566009	204	509	459
1618476566103	201	516	469
1618476566197	196	517	559
1618476566291	195	522	587
1618476566385	192	519	635
1618476566479	196	523	643
1618476566573	189	525	634
1618476566667	191	527	637
1618476566757	186	521	623
1618476566852	183	521	605
1618476566947	181	520	580
1618476567042	182	516	559
1618476567137	179	509	534
1618476567232	179	510	523
1618476567327	180	511	510
1618476567422	170	506	505
1618476567517	170	513	497
1618476567612	175	516	497
1618476567707	171	514	491
1618476567802	168	513	489
1618476567897	166	511	490
1618476567992	167	508	490
1618476568086	172	505	479
1618476568180	162	510	474
1618476568274	161	508	475
1618476568368	160	500	466
1618476568462	162	505	461
1618476568556	161	504	462
1618476568650	158	513	462
1618476568744	154	519	465
1618476568838	159	526	460
1618476568932	153	523	455
1618476569026	158	535	456
1618476569120	151	538	451
1618476569212	152	551	446
1618476569307	153	553	437
1618476569402	157	561	428
1618476569497	162	565	422
