1610679688106	169.903111	333.171906	275.67382
1610679688200	189.414296	382.440646	312.522436
1610679688294	172.114803	318.28402	270.52662
1610679688388	171.977666	361.26902	271.178666
1610679688482	150.831613	313.435074	274.608402
1610679688576	165.458893	335.359003	271.206718
1610679688670	166.677388	316.131487	270.652302
1610679688764	191.134544	347.016594	276.406072
1610679688858	174.610053	321.154266	271.134244
1610679688952	143.080343	361.443534	302.744789
1610679689046	165.120212	312.642629	267.220094
1610679689140	157.498154	340.652513	286.669873
1610679689234	185.894047	365.588665	280.092044
1610679689322	174.515556	318.374121	279.667289
1610679689416	165.337142	299.435502	265.175746
1610679689510	169.811312	298.71086	283.713143
1610679689604	163.987555	319.889607	271.907978
1610679689698	165.452909	355.675095	286.58261
1610679689792	165.204659	318.614095	294.278756
1610679689886	145.107283	328.522244	288.471533
1610679689980	173.727546	336.344779	263.350599
1610679690074	145.967894	363.502503	278.229547
1610679690168	141.773935	316.762858	282.452102
1610679690262	188.267094	315.172186	285.082451
1610679690356	166.356588	367.481024	277.56497
1610679690450	130.375811	349.371784	270.488988
1610679690542	156.955534	355.829058	290.32627
1610679690636	190.610212	361.910682	276.880178
1610679690730	177.167214	304.017751	283.989758
1610679690824	161.145768	339.473279	283.591648
1610679690918	149.48901	333.651056	269.802673
1610679691012	161.937667	292.059234	283.276063
1610679691106	138.133222	307.251106	291.817085
1610679691200	195.353132	345.303489	283.17653
1610679691294	148.333605	328.256333	273.656804
1610679691388	167.596584	329.737545	296.602591
1610679691482	149.680849	332.543335	266.692982
1610679691576	165.314288	375.33024	275.387863
1610679691670	158.994605	339.87829	288.316459
1610679691761	184.234853	332.407765	280.30485
1610679691855	175.210818	313.525531	290.900278
1610679691949	173.222199	321.356837	278.026751
1610679692043	158.260812	343.630326	301.88539
1610679692137	169.720527	322.784784	300.871516
1610679692231	176.101694	317.473223	267.527643
1610679692325	166.336707	370.206644	277.063402
1610679692419	175.83063	310.47637	300.728655
1610679692513	167.557257	348.920477	285.406851
1610679692607	150.741486	303.925429	276.628197
1610679692701	174.068147	363.759465	274.533502
1610679692795	167.592637	325.951333	263.754414
1610679692889	181.562541	286.691808	287.879391
1610679692981	158.933167	353.016068	275.538064
1610679693075	161.748385	344.070282	313.540144
1610679693169	150.631554	350.572391	293.04126
1610679693263	182.814122	371.191611	293.374797
1610679693357	136.896324	351.785085	277.279124
1610679693451	145.899148	330.841572	271.837431
1610679693545	134.271685	375.563963	287.975334
1610679693639	187.70324	348.908418	287.962819
1610679693733	175.022254	318.271332	258.536798
1610679693827	164.590329	335.997113	281.361728
1610679693921	185.542905	325.788948	285.297164
1610679694015	166.43253	322.268176	280.45416
1610679694109	156.890191	301.050775	263.297058
1610679694198	158.53563	333.517201	267.575688
1610679694292	156.164818	307.592522	279.817946
1610679694386	166.829192	334.879957	278.258461
1610679694480	178.811782	361.401779	278.103599
1610679694574	150.54447	320.3178	296.308675
1610679694668	154.296473	338.227092	269.673928
1610679694762	147.533855	346.09422	307.187756
1610679694856	135.85706	321.181302	262.106414
1610679694950	135.730614	335.692201	266.708735
1610679695044	176.614728	333.79308	289.778707
1610679695138	153.95884	279.403571	265.586997
1610679695232	170.819194	311.870672	283.470384
1610679695326	143.713124	323.854777	263.430541
1610679695419	153.546873	312.231014	284.670862
1610679695513	181.261358	379.474658	280.448005
1610679695607	155.761647	297.273386	269.935291
1610679695701	163.816636	294.185546	285.71143
1610679695795	186.108117	340.518042	281.775943
1610679695889	161.70343	371.537197	276.550153
1610679695983	163.619925	303.570658	279.8638
1610679696077	165.749268	327.235978	292.033292
1610679696171	143.086061	275.621393	283.208029
1610679696265	179.189207	366.275575	292.793976
1610679696359	143.117482	345.099181	284.500592
1610679696453	154.986202	352.587825	277.138374
1610679696547	149.57718	303.545688	281.195691
1610679696637	162.598108	320.676078	283.394206
1610679696731	169.305683	341.087709	259.153075
1610679696825	153.461127	350.545198	267.635499
1610679696919	178.051146	356.966913	283.384107
1610679697013	168.983069	323.091599	276.527851
1610679697107	125.868553	296.949837	296.628512
1610679697201	165.030598	328.249805	260.782864
1610679697295	135.660188	331.521647	264.420616
1610679697389	141.220922	346.318892	266.94682
1610679697483	152.168537	342.960597	252.782499
1610679697577	131.2784	346.938129	270.297709
1610679697671	147.918728	332.550096	255.518865
1610679697765	155.213148	328.196537	256.010447
1610679697858	158.044538	362.190665	238.821799
1610679697952	156.535048	330.556837	243.530122
1610679698046	173.080433	327.185255	207.571118
1610679698140	170.393187	323.8314	195.900673
1610679698234	195.860485	331.301446	234.765901
1610679698328	163.992274	308.991619	227.651567
1610679698422	135.999066	309.360944	276.900862
1610679698516	168.043097	332.456975	288.909621
1610679698610	153.297809	344.245236	277.39638
1610679698704	171.759571	357.628926	237.456634
1610679698798	158.205396	309.705019	223.115079
1610679698892	156.74288	393.429157	197.88067
1610679698986	163.000822	358.940667	207.857945
1610679699075	163.78975	365.272558	266.16319
1610679699169	182.927103	346.752631	365.125358
1610679699263	165.063829	349.663107	401.204109
1610679699357	186.87498	353.493086	460.59339
1610679699451	162.309926	344.670868	398.453302
1610679699545	152.417416	325.781935	332.967229
1610679699639	149.228009	312.197766	258.008229
1610679699733	160.528942	326.9732	196.499726
1610679699827	168.549587	315.857964	136.237715
1610679699921	186.095598	334.902641	202.865418
1610679700015	148.533985	317.137933	280.258234
1610679700109	132.148859	314.892043	286.291333
1610679700203	166.093252	329.87402	255.935276
1610679700294	169.349146	324.936687	261.283229
1610679700388	114.668609	332.299288	278.317183
1610679700482	151.816377	300.846149	260.735506
1610679700576	144.840693	364.783408	293.066704
1610679700670	91.525835	332.779403	296.246787
1610679700764	114.265512	317.114459	286.700532
1610679700858	83.461351	313.737947	292.620295
1610679700952	93.999534	301.917487	276.747726
1610679701046	42.111835	346.677945	314.45543
1610679701140	46.916067	354.090734	344.844111
1610679701234	55.902299	416.225296	426.821903
1610679701328	137.507014	424.304585	446.982215
1610679701422	268.770542	472.73794	468.900623
1610679701511	319.330411	447.270098	381.398558
1610679701605	283.248086	347.517486	365.552748
1610679701699	310.141516	347.735536	370.817165
1610679701793	416.768599	433.644228	444.067495
1610679701887	548.494033	410.934397	403.50582
1610679701981	487.714923	272.597309	284.848831
1610679702075	303.960907	332.288607	386.037372
1610679702169	439.024763	513.769004	407.920366
1610679702263	536.766902	435.27318	251.527796
1610679702357	588.209879	187.767119	83.694168
1610679702451	378.123082	54.800955	-33.106561
1610679702545	261.432536	123.854477	78.647666
1610679702639	353.562995	120.32023	115.530527
1610679702731	353.88253	81.394525	85.588253
1610679702825	197.521708	58.745696	108.958353
1610679702919	140.662638	179.449177	204.908804
1610679703013	134.344628	161.6974	171.725905
1610679703107	99.374223	121.971708	156.230874
1610679703201	108.438251	93.028662	137.809002
1610679703295	97.531022	196.205051	227.984045
1610679703389	144.126416	242.389383	264.142621
1610679703483	140.448396	298.928649	265.345113
1610679703577	162.402916	295.34516	271.124238
1610679703671	130.201738	320.38722	277.959301
1610679703765	163.310805	332.584298	276.598132
1610679703859	161.308716	360.726669	299.30794
1610679703951	149.399044	290.406353	278.458006
1610679704045	160.194493	311.321737	273.976257
1610679704139	170.305707	346.78945	282.093392
1610679704233	156.270916	356.350466	273.213484
1610679704327	155.522359	338.28892	286.954182
1610679704421	177.346709	320.718216	293.64971
1610679704515	137.70797	354.350008	259.013539
1610679704609	162.770821	302.367923	279.052906
1610679704703	161.160684	323.259109	272.830558
1610679704797	136.350558	368.870343	302.530527
1610679704891	169.811027	319.731306	271.527946
1610679704985	144.947868	272.312816	286.546798
1610679705079	147.251914	324.794605	265.991497
1610679705168	142.951307	306.076044	278.96796
1610679705263	146.03421	300.496519	276.691796
1610679705358	161.436578	313.439358	286.334084
1610679705453	154.514653	337.937124	280.20469
1610679705548	185.272495	323.199233	269.910271
1610679705643	162.860198	315.530031	284.557792
1610679705738	153.537784	379.208845	280.537935
1610679705833	156.269857	350.504607	298.214538
1610679705928	146.861104	343.138059	296.307543
1610679706023	156.809158	307.912965	271.078776
1610679706118	165.564534	346.442603	286.007285
1610679706213	168.124388	354.598332	280.104958
1610679706308	158.621255	305.198612	266.515441
1610679706397	132.507051	310.73936	284.836794
1610679706491	181.963964	315.849011	244.048296
1610679706585	175.939489	352.142815	270.843282
1610679706679	162.908481	329.208745	291.096912
1610679706773	143.362148	324.557648	259.300981
1610679706867	139.028189	312.783911	280.360808
1610679706961	173.426156	329.335872	279.882061
1610679707055	153.380627	355.461227	276.658188
1610679707149	171.601519	338.285382	283.303962
1610679707243	146.995493	338.416647	275.937815
1610679707337	156.092092	323.308251	278.551028
1610679707431	191.836584	293.63506	279.631154
1610679707525	174.384613	357.941699	292.049903
1610679707613	181.79817	353.467251	289.580206
1610679707708	124.720565	290.412572	302.554362
1610679707803	146.979756	304.292324	273.009611
1610679707898	158.034503	375.691643	294.638527
1610679707993	152.999794	334.282568	271.25914
1610679708088	152.857466	322.890378	259.015259
1610679708183	162.402279	323.048211	276.960927
1610679708278	163.950236	317.847126	286.616617
1610679708373	183.830282	326.465479	300.359756
1610679708468	128.07395	350.669118	288.277832
1610679708563	161.621725	348.215726	267.566181
1610679708658	168.506707	332.916179	273.830475
1610679708753	151.814816	328.122965	277.845261
1610679708848	137.259064	339.784892	267.13168
1610679708942	152.795566	336.764009	285.681584
1610679709036	161.343304	332.069375	276.024473
1610679709130	141.072268	332.171627	278.241541
1610679709224	160.085308	333.33215	281.538208
1610679709318	165.084458	329.769642	278.803759
1610679709412	171.450498	347.238206	272.117783
1610679709506	163.82199	321.186403	293.479485
1610679709600	169.404458	333.458379	267.841028
1610679709694	150.163585	316.888357	306.91944
1610679709788	158.012499	304.399073	272.95585
1610679709882	144.041151	338.552158	273.590366
1610679709976	161.938259	307.735917	280.570998
1610679710068	161.704583	309.679048	290.209952
1610679710162	173.682364	354.956282	297.825657
1610679710256	195.460656	329.98621	277.74248
1610679710350	165.157865	336.942904	289.453087
1610679710444	154.269362	336.38614	268.952648
1610679710538	171.978084	282.638884	275.400645
1610679710632	172.081358	352.56664	258.706532
1610679710726	184.902349	306.233966	267.753218
1610679710820	154.502219	340.762138	288.409633
1610679710914	156.410049	332.193455	279.270189
1610679711008	177.481551	312.112702	303.366239
1610679711102	122.131676	350.189899	278.427539
1610679711196	187.409879	311.315024	280.01101
1610679711286	166.934034	335.213134	295.638219
1610679711381	169.731791	336.801966	283.358171
1610679711476	148.068876	329.966168	291.58825
1610679711571	157.245402	350.707605	273.909917
1610679711666	147.100028	302.976109	288.682484
1610679711761	159.159827	289.401402	295.61469
1610679711856	130.77003	343.399362	288.162862
