1618476744749	-95.171289	314.089559	231.767358
1618476744843	-92.352676	303.804304	226.028375
1618476744937	-103.472586	293.192464	235.56313
1618476745031	-97.090277	288.770891	231.024391
1618476745123	-98.09115	315.884302	228.31138
1618476745217	-89.335222	307.982883	228.282624
1618476745311	-96.643896	309.696574	231.30955
1618476745405	-89.678537	296.982469	235.913429
1618476745499	-90.778549	306.423068	229.511177
1618476745593	-95.512158	295.868388	238.779871
1618476745687	-84.641558	301.570895	231.481233
1618476745781	-95.804438	310.441059	235.28357
1618476745875	-97.77118	304.094117	229.519778
1618476745969	-85.741545	296.811152	230.649877
1618476746063	-83.342675	301.578388	236.634817
1618476746157	-93.022314	309.36516	242.835138
1618476746251	-99.168066	293.661416	233.310558
1618476746341	-95.854739	310.787066	238.211629
1618476746435	-95.350257	312.025969	236.431218
1618476746529	-94.322252	303.98795	241.351704
1618476746623	-86.719513	289.928482	241.823165
1618476746717	-90.209715	292.558221	234.119921
1618476746811	-97.979484	324.420985	231.246323
1618476746905	-86.152691	307.326272	228.928217
1618476746999	-91.691218	303.503624	236.691356
1618476747093	-92.882906	302.366392	234.355125
1618476747187	-91.174072	306.103725	227.497571
1618476747281	-85.491018	293.580417	233.737418
1618476747375	-83.989229	317.367208	234.413299
1618476747469	-97.385397	301.087251	223.232464
1618476747564	-93.86411	300.116417	226.651315
1618476747659	-82.133611	300.060429	234.048926
1618476747754	-82.467907	304.309418	229.948687
1618476747849	-90.414739	300.62745	236.017469
1618476747944	-101.991349	304.905149	229.590143
1618476748039	-93.252165	311.355648	239.789804
1618476748134	-96.546218	311.141914	234.039405
1618476748229	-94.346299	305.312055	231.332006
1618476748324	-92.939896	305.048915	228.607443
1618476748419	-103.75924	299.361525	237.493505
1618476748514	-91.043772	287.462501	239.42124
1618476748609	-92.106293	321.134952	234.254545
1618476748704	-90.672304	297.084499	232.052125
1618476748796	-95.571381	313.687341	221.022813
1618476748890	-96.974681	307.43723	228.802514
1618476748984	-94.071654	331.071892	239.586537
1618476749078	-91.539817	301.358137	226.091538
1618476749172	-92.123164	304.302306	232.039018
1618476749266	-96.814913	316.393773	231.836573
1618476749360	-94.646657	318.375359	225.540246
1618476749454	-94.641505	296.850642	230.843028
1618476749548	-96.177541	291.744622	237.011201
1618476749642	-96.936716	304.441719	234.4257
1618476749736	-92.058953	313.547896	235.393218
1618476749830	-91.584702	295.575285	236.089125
1618476749924	-92.80829	303.844316	236.542257
1618476750012	-86.369083	295.912216	232.713025
1618476750106	-98.613796	300.944565	228.464921
1618476750200	-94.799191	313.396587	228.798714
1618476750294	-90.687318	299.497959	230.978796
1618476750388	-96.368624	309.183204	232.567888
1618476750482	-91.571839	313.362737	230.354092
1618476750576	-98.244975	288.975884	226.006391
1618476750670	-97.684385	308.144271	231.629154
1618476750764	-94.711817	306.321549	234.957445
1618476750858	-94.24207	295.157649	230.843951
1618476750952	-99.777586	302.517633	236.755442
1618476751046	-93.243718	310.05975	234.153229
1618476751140	-93.77247	304.417039	230.8211
1618476751234	-100.782502	306.077231	223.95268
1618476751328	-103.14731	313.020384	228.37536
1618476751422	-102.168701	297.700015	234.189473
1618476751516	-101.489926	283.257295	234.467541
1618476751610	-97.455	302.155236	229.079193
1618476751704	-110.2357	295.64147	235.75545
1618476751798	-96.439638	294.303244	235.824958
1618476751892	-97.071111	306.041921	232.836147
1618476751986	-118.317921	305.513261	241.033904
1618476752080	-108.795921	312.60135	227.60908
1618476752174	-123.729985	290.993857	234.112965
1618476752268	-113.915095	295.840399	246.154274
1618476752362	-108.595374	256.745554	240.09047
1618476752452	-111.492647	305.935444	255.949386
1618476752547	-129.881375	289.385172	238.117852
1618476752642	-187.679299	330.183901	276.44869
1618476752737	-100.926373	408.406312	339.773522
1618476752832	1.570887	388.95464	301.838732
1618476752927	-7.017578	315.733769	242.715598
1618476753022	-48.989975	277.314269	195.896953
1618476753117	-112.442241	258.453772	194.42782
1618476753212	-127.265945	269.877379	201.383959
1618476753307	-160.293106	252.55759	190.533969
1618476753402	-197.240737	265.203689	229.130538
1618476753497	-213.871479	329.589802	279.944987
1618476753592	-157.114986	402.634626	359.798426
1618476753686	-103.470421	431.297423	361.428725
1618476753780	-87.494867	461.58387	354.34335
1618476753874	-45.103768	436.083656	320.160553
1618476753968	-36.469617	440.859926	299.870423
1618476754062	-14.521076	391.528013	271.873249
1618476754156	-10.992353	378.439104	240.763824
1618476754250	-31.308035	319.052449	219.891159
1618476754344	-34.609702	333.88732	197.150555
1618476754438	-51.916533	336.647088	219.822627
1618476754532	-55.096327	296.373734	248.025194
1618476754626	-67.69046	303.117308	261.635263
1618476754720	-79.433174	299.533226	261.611584
1618476754814	-77.418713	308.441739	237.579726
1618476754905	-65.197614	305.355585	216.231324
1618476754999	-84.931139	319.560032	205.585655
1618476755093	-80.719628	310.847761	190.415301
1618476755187	-90.036392	300.407432	183.891859
1618476755281	-81.223337	304.287091	194.338109
1618476755375	-100.240943	311.428092	225.821477
1618476755469	-88.077607	300.553774	266.036943
1618476755563	-101.476318	296.022475	239.546205
1618476755657	-92.633865	307.588701	266.373231
1618476755751	-87.919935	315.972408	264.506095
1618476755845	-83.878287	295.774978	265.855288
1618476755939	-94.623109	303.36719	251.853805
1618476756033	-93.520194	313.436161	247.748043
1618476756125	-100.657323	304.597943	240.442429
1618476756220	-94.596154	303.451301	246.710928
1618476756315	-95.627827	293.904024	245.477245
1618476756410	-96.937077	311.003948	240.928639
1618476756505	-105.332603	305.337918	242.276662
1618476756600	-90.049351	315.024206	237.12817
1618476756695	-92.1393	307.147966	234.540023
1618476756790	-92.215494	300.91514	241.808541
1618476756885	-90.33973	315.155158	236.523976
1618476756980	-77.7043	314.612914	237.334182
1618476757075	-89.036383	302.551611	236.013108
1618476757170	-88.709146	314.409043	234.140841
1618476757265	-91.766554	299.768862	240.943198
1618476757359	-104.615166	322.411891	227.726528
1618476757453	-95.656757	299.292082	228.974503
1618476757547	-82.8748	311.662435	227.24644
1618476757641	-97.769276	314.459517	231.445768
1618476757735	-94.516276	314.724318	228.814524
1618476757829	-96.469921	303.475622	231.299029
1618476757923	-92.215352	315.265619	231.076498
1618476758017	-102.712018	280.011114	232.371085
1618476758111	-99.873696	283.012401	228.990535
1618476758205	-88.582347	308.298443	230.681829
1618476758299	-95.541461	306.092719	242.417494
1618476758393	-95.189997	322.171252	241.630872
1618476758487	-99.638582	305.940728	228.514757
1618476758576	-89.069541	324.052804	226.657982
1618476758670	-95.295624	305.652261	233.446602
1618476758764	-98.030963	331.044228	236.51684
1618476758858	-88.023532	310.880476	240.653639
1618476758952	-95.463583	309.259249	225.733277
1618476759046	-101.398258	319.674004	233.5588
1618476759140	-91.418166	317.117577	234.339854
1618476759234	-80.396243	314.493821	229.506492
1618476759328	-90.147561	295.752197	227.709677
1618476759422	-87.333054	301.422526	233.690225
1618476759516	-93.218986	285.770533	228.308197
1618476759610	-102.186853	283.523066	237.500996
1618476759704	-96.102603	318.537266	234.738961
1618476759797	-88.423428	319.588081	233.216919
1618476759891	-93.450705	303.059569	230.806011
1618476759985	-92.294979	297.482328	234.713145
1618476760079	-98.292693	300.996625	231.17596
1618476760173	-88.618491	297.576057	233.761794
1618476760267	-88.5242	331.024706	234.434292
1618476760361	-104.008604	304.773956	242.687872
1618476760455	-93.336007	299.922127	223.109177
1618476760549	-89.8468	303.693804	226.859551
1618476760643	-97.376344	306.234104	234.449278
1618476760737	-96.150346	317.74546	236.21293
1618476760831	-86.832599	305.355889	221.554432
1618476760925	-97.232844	315.524757	230.166128
1618476761015	-91.311176	314.534578	243.594413
1618476761110	-95.19923	322.422909	230.136028
1618476761205	-85.481268	307.119135	237.309384
1618476761300	-88.966852	304.401183	238.392824
1618476761395	-88.889044	323.395831	230.624777
1618476761490	-95.176031	305.384514	230.755487
1618476761585	-92.511146	302.256803	242.129863
1618476761680	-101.973709	315.589742	236.475528
1618476761775	-89.920536	302.971012	225.968193
1618476761870	-89.488269	289.473827	232.015017
1618476761965	-89.330762	295.398871	234.033926
1618476762060	-87.979732	299.267679	224.769464
1618476762155	-93.935852	295.925319	235.733024
1618476762249	-98.662925	307.461888	225.940019
1618476762343	-84.538757	315.802634	231.569926
1618476762437	-83.260659	296.632196	233.132889
1618476762531	-86.758589	327.442473	236.13864
1618476762625	-93.458996	306.646914	229.983801
1618476762719	-99.274276	311.540841	225.008037
1618476762813	-101.734177	300.880112	228.720803
1618476762907	-102.506606	296.360249	237.045424
1618476763001	-89.066589	284.02426	237.316335
1618476763095	-101.502521	299.400952	229.204112
1618476763189	-99.70518	321.351975	233.1425
1618476763283	-92.655248	292.053362	227.890539
1618476763377	-105.480977	301.087088	230.131536
1618476763467	-83.994252	303.132059	232.433727
1618476763561	-102.412169	308.467127	225.844538
1618476763655	-80.081806	289.273249	239.99472
1618476763749	-91.253349	300.132695	229.757719
1618476763843	-99.819774	310.965374	230.10464
1618476763937	-92.598987	342.99586	234.098843
1618476764031	-87.500245	285.366534	234.412925
1618476764125	-90.372738	317.599737	229.069281
1618476764219	-94.327343	313.978735	232.107994
1618476764313	-95.633627	311.106413	230.362659
1618476764407	-88.747285	303.674177	234.538218
1618476764501	-106.366023	310.012352	238.495279
1618476764595	-93.822974	306.587835	230.739931
1618476764685	-94.124592	302.071511	236.209046
1618476764779	-98.060434	313.823938	224.602403
1618476764873	-93.741332	320.330309	226.989299
1618476764967	-87.671645	299.294568	239.928506
1618476765061	-96.310958	292.695767	231.114366
1618476765155	-94.660718	320.19427	224.946663
1618476765249	-96.765235	304.436971	233.813229
1618476765343	-84.583613	296.975212	225.499801
