1618476570067,-66.852126933,250.095050613,192.421274961
1618476570162,-62.849045104,248.095051436,196.427448765
1618476570257,-97.944529901,221.005726888,253.603018958
1618476570352,-105.975332290,215.990325698,267.636894270
1618476570443,-110.990733567,219.005726257,247.590687994
1618476570537,-108.975332619,223.011886650,243.575288428
1618476570631,-65.845965701,248.088890745,193.421282336
1618476570725,-63.849045165,246.088891088,197.436688748
1618476570819,-113.996894128,212.981084863,270.661529697
1618476570913,-114.999973866,215.990325549,275.667693416
1618476571007,-90.932209769,230.039608390,229.519850578
1618476571101,-95.929128786,235.045769115,218.495215961
1618476571195,-71.870608277,242.067328987,208.470554361
1618476571289,-75.876768356,237.055008469,221.498277729
1618476571383,-123.021534978,212.974924754,279.673853755
1618476571477,-120.021533584,212.984165920,276.664624538
1618476571571,-78.882927710,241.070409741,206.452083136
1618476571662,-72.867527346,245.079650005,200.433598688
1618476571756,-91.922969006,230.033448212,237.559894952
1618476571850,-93.929129902,224.021127290,244.575291084
1618476571944,-115.006134326,217.999565957,263.636890686
1618476572038,-111.996894375,215.993405379,256.615325314
1618476572132,-65.842886698,248.091970333,196.421272997
1618476572226,-67.842885712,251.091970820,195.421280963
1618476572320,-106.975332056,220.999566292,264.630735846
1618476572414,-108.987652022,215.990326145,272.655382531
1618476572508,-104.966092345,228.024207187,241.559885984
1618476572602,-98.947610558,227.024207597,231.529091115
1618476572696,-67.849045673,246.079650359,199.442844964
1618476572790,-69.864446792,240.070409723,208.461323311
1618476572883,-118.009213231,211.987245939,274.667702410
1618476572977,-121.015374126,208.971844859,276.673858071
1618476573071,-87.907568124,239.061169687,212.470571029
1618476573165,-69.867525879,244.079650729,197.439770855
1618476573259,-78.882927611,236.058089153,220.501366484
1618476573353,-83.904487799,232.042688814,229.526015234
1618476573447,-123.021535148,214.984165148,274.661531747
1618476573541,-118.009213485,214.984165655,272.658459881
1618476573635,-70.858287487,247.088890178,196.424353217
1618476573729,-69.849045541,246.076570265,196.421284914
1618476573823,-97.944530943,223.011886692,254.599930381
1618476573917,-99.956851675,219.005726326,255.615330404
1618476574011,-107.990732959,221.005726557,252.593773067
1618476574102,-106.978411474,224.014967453,248.587619602
1618476574198,-61.842885439,248.091970955,190.415122850
1618476574294,-65.839805221,246.085810665,196.421283640
1618476574390,-114.993813751,214.990325449,276.664611622
1618476574486,-116.006135088,214.990325103,280.664605964
1618476574582,-90.932210870,234.048848324,228.522921845
1618476574678,-85.916808788,233.042688640,220.495210798
1618476574774,-69.858286732,243.082730232,210.467481543
1618476574870,-73.876767266,236.061169325,218.489046056
1618476574966,-125.027693942,211.981085741,275.673864696
1618476575062,-118.021533979,206.974925247,275.664621350
1618476575158,-73.879846438,243.073490449,206.452092125
1618476575254,-80.879847965,246.082730173,198.427438515
1618476575354,-84.913728324,231.036528472,238.550656130
1618476575446,-91.922970233,227.021126970,244.575285840
1618476575538,-121.012295341,213.990325135,266.639965214
1618476575630,-112.996894939,219.999565419,266.624561235
1618476575722,-67.852126666,249.095050744,196.412036636
1618476575814,-66.849044486,246.082731104,198.415133117
1618476575906,-110.975333525,218.002645726,267.624563659
1618476575998,-112.996892927,209.974925138,284.661539397
1618476576090,-103.966092662,224.027287190,253.566043747
1618476576182,-99.953770831,223.024207620,250.541412118
1618476576274,-65.852127003,245.079649782,230.436675187
1618476576366,-67.858287493,243.082729857,246.455154761
1618476576458,-119.012294057,210.978005132,338.667697025
1618476576554,-116.015374585,212.981085109,349.676934518
1618476576648,-83.913728874,238.061169474,282.489048502
1618476576742,-79.901408943,242.073489763,215.461321369
1618476576836,-74.879848363,231.051928385,118.507519437
1618476576930,-72.898327441,229.045768993,191.516775077
1618476577024,-112.021534551,210.984165442,258.661536568
1618476577118,-106.006133837,209.974924925,269.658455752
1618476577212,-58.867526875,242.085810556,234.427442172
1618476577306,-48.852127024,247.088890249,210.430514701
1618476577400,-65.935290716,224.018046886,199.590687874
1618476577494,-54.956851731,228.005726299,208.612249794
1618476577588,-37.990732882,246.005726595,179.603014163
1618476577682,-12.978412933,324.005726256,221.590687975
1618476577776,8.154034720,442.085810793,184.415125416
1618476577871,-60.839804615,499.088891123,191.427448852
1618476577966,-180.993813790,366.990325430,270.658450987
1618476578061,-169.006134032,173.978004987,271.661534333
1618476578156,-97.935290896,195.033447594,228.526003083
1618476578251,-12.929130811,312.042687956,220.507520243
1618476578346,-128.852126082,386.076570077,204.461323904
1618476578441,-111.870607551,277.070409505,219.482880864
1618476578536,-126.021535234,210.981084947,276.673851693
1618476578631,-140.021534541,217.990325766,278.680017604
1618476578726,-89.879847705,245.067329506,205.449001729
1618476578821,-76.858286624,246.082730285,195.421280027
1618476578916,-94.913729413,232.039608094,232.541406854
1618476579009,-98.929130372,227.024207218,243.566046811
1618476579103,-124.015373930,212.984165592,268.643058057
1618476579197,-117.996893997,213.996485725,260.621488691
1618476579291,-70.852127651,247.088889940,191.415108843
1618476579385,-66.839804590,246.091971295,193.415128418
1618476579479,-104.966092414,221.002646038,267.633809249
1618476579573,-108.978412215,213.990325814,266.646136643
1618476579667,-102.966092655,221.018046716,242.569123965
1618476579761,-97.944530388,227.030367921,234.547572156
1618476579855,-61.849045059,243.082730822,201.436689607
1618476579949,-63.852126133,245.079650211,204.452083013
1618476580043,-119.012294417,211.978004955,278.673854432
1618476580137,-119.012293619,208.968764871,275.673860876
1618476580227,-86.907569411,238.067329371,214.479801116
1618476580322,-82.901407585,241.070410274,205.455172018
1618476580417,-77.886007816,236.051928812,221.498285955
1618476580512,-79.892166729,232.042689028,230.532179054
1618476580607,-121.012294986,214.987245151,271.661529198
1618476580702,-116.006133110,217.993406239,269.649221145
1618476580797,-68.852125658,248.091971082,195.424365414
1618476580892,-66.849045432,247.091971115,194.415125475
1618476580987,-94.935291242,224.011886309,251.596843946
1618476581082,-101.956852435,222.008806111,261.621484584
1618476581177,-112.990732872,219.005726600,254.603014244
1618476581272,-111.984573822,225.011886292,247.581442886
1618476581367,-60.836724569,246.082730749,198.427447937
1618476581463,-63.842886006,247.082730197,200.439759542
1618476581557,-119.006134384,215.990325450,269.655371168
1618476581651,-125.018454970,207.978004839,281.686173174
1618476581745,-93.935288999,234.042689007,222.513697764
1618476581839,-85.913728086,232.042688908,222.501375500
1618476581933,-72.867525933,243.067330066,220.479812490
1618476582027,-79.879847037,244.061169517,217.492129355
1618476582121,-121.021534524,206.968764660,274.673857428
1618476582215,-127.027695449,210.974924679,272.667692209
1618476582309,-75.879846559,244.079650708,201.442850669
1618476582403,-73.867527867,246.082729907,197.430514317
1618476582497,-89.922969879,231.039608100,243.566048225
1618476582591,-93.935291886,226.021126469,245.587598271
1618476582681,-118.012295597,216.993405169,261.630722674
1618476582775,-113.996894482,218.999565644,252.615324455
1618476582869,-66.845965423,248.088890882,188.412044104
1618476582963,-68.852126339,247.085810428,195.421279753
1618476583057,-109.975332068,216.993405967,269.646136543
1618476583151,-113.996892647,211.987245913,272.661541658
1618476583245,-105.963012857,228.030367174,240.559880567
1618476583339,-97.944530754,227.030367740,232.529088243
1618476583433,-66.852125549,243.076570340,207.461328204
1618476583527,-68.852125849,244.079650351,210.473646416
1618476583621,-115.006134703,210.981084816,278.676929711
1618476583715,-123.021534749,209.974924867,281.683096086
1618476583809,-85.898329090,240.064249134,209.473639529
1618476583897,-82.889088383,241.067329406,206.452080265
1618476583991,-78.892168062,236.051928848,230.526007972
1618476584085,-86.907569579,232.039607855,231.538322781
1618476584179,-123.021535064,213.984165190,274.661532428
1618476584273,-121.012293651,216.990325970,267.649219347
1618476584367,-66.852125392,248.085810895,197.424367564
1618476584461,-65.845965107,247.088891038,194.424367297
1618476584555,-103.956853216,219.005725566,257.609157645
1618476584649,-104.966091530,219.999566315,263.633816394
1618476584743,-112.984573775,222.008806157,248.590683747
1618476584837,-108.975333371,224.018046598,243.572202196
1618476584931,-64.839806619,243.082729816,199.430512828
1618476585025,-70.852125288,251.085810946,204.445929520
1618476585118,-121.012294850,215.990325378,277.667690615
1618476585212,-122.018454618,210.978005012,278.673855377
1618476585306,-91.919889462,233.042688386,220.507527277
1618476585400,-84.907569265,239.061169125,213.492122934
1618476585494,-74.870607865,238.061168873,216.482878333
1618476585588,-74.882928191,238.061169026,226.513682432
1618476585682,-123.021534931,210.974924777,278.680014456
1618476585776,-118.015374888,213.984165119,273.664611433
1618476585870,-76.879847043,246.082730628,199.433606278
1618476585964,-66.858286687,246.088890572,198.430519995
1618476586058,-94.929129793,222.021127344,246.578372121
1618476586152,-97.935290829,223.018046831,251.587606803
1618476586246,-116.003053273,219.996486239,258.618416951
1618476586339,-111.990732824,220.002646465,255.603014639
1618476586433,-62.845966904,247.088890151,196.421272617
1618476586527,-65.839804475,252.088891192,197.427449984
1618476586621,-114.993813679,215.993405644,270.652291564
1618476586715,-115.996892794,209.987245840,270.661540473
1618476586809,-102.953770983,231.033448022,234.541410886
1618476586903,-95.944529523,234.048849303,229.522937866
1618476586997,-70.852125753,244.076570239,204.464406714
1618476587091,-71.864446120,241.067329895,213.479809690
1618476587185,-126.021534324,208.971844918,279.680019356
1618476587279,-124.021534457,213.987245648,271.655377008
1618476587373,-82.895249277,240.067329123,208.461316099
1618476587467,-72.879847905,245.085810362,206.452080276
1618476587555,-88.913729091,228.036528094,234.541409457
1618476587649,-89.916809193,230.033447963,241.562971032
1618476587743,-119.009213388,214.987245861,268.649220181
1618476587837,-120.015373773,215.993406147,263.633818851
1618476587931,-66.852125487,250.095051326,197.424366797
1618476588025,-67.845965083,245.082730731,196.421287326
1618476588119,-105.966091832,220.005726485,268.630733795
1618476588213,-107.975332374,215.993405816,264.636893588
1618476588307,-107.969172161,224.018047038,247.575289556
1618476588401,-104.963011781,225.021127228,239.553728943
1618476588495,-62.839804787,242.082730720,201.436687947
1618476588589,-67.845966367,244.076569779,203.452078546
1618476588683,-124.018454518,212.987245539,277.676936345
1618476588773,-125.018455273,210.981084849,276.673850091
1618476588867,-89.910648012,236.051929344,218.492134337
