1618477908160	-34.741095	250.470242	382.641043
1618477908254	-10.056909	239.52266	382.400225
1618477908348	-2.17033	250.342564	379.858437
1618477908442	-14.446928	273.668363	374.397412
1618477908536	-17.829026	258.22471	387.415748
1618477908630	-16.094522	242.248873	370.995784
1618477908724	-4.869315	250.518771	383.399805
1618477908818	-21.962595	271.63506	375.725805
1618477908912	-20.479848	283.429108	377.236008
1618477909006	-35.09392	295.204252	388.048144
1618477909100	-25.941287	276.842399	379.032604
1618477909194	3.637783	249.401736	376.916543
1618477909288	-9.454955	264.275319	376.52913
1618477909377	10.272637	279.656983	383.088906
1618477909472	-8.826572	250.848336	379.333097
1618477909567	-9.057466	254.137059	386.601331
1618477909662	-14.696666	258.46117	376.244215
1618477909757	-3.078937	243.232806	372.792964
1618477909852	-25.553374	277.329428	378.588082
1618477909947	-10.705868	273.807499	380.177849
1618477910042	-1.053471	249.06046	381.117358
1618477910137	-5.10867	235.936339	381.217053
1618477910232	-25.935675	248.932554	379.794339
1618477910327	-21.050804	248.16515	388.235581
1618477910422	-20.083555	245.886693	378.398545
1618477910517	-4.994385	255.229976	364.379995
1618477910611	-15.829433	241.411855	382.383202
1618477910706	-20.70718	263.959281	380.591146
1618477910801	-13.663327	259.018273	378.026409
1618477910896	-29.561393	264.139487	381.834944
1618477910991	-19.338177	249.499933	373.123771
1618477911086	-2.19335	294.287353	377.779556
1618477911181	-16.730382	293.746667	379.092325
1618477911276	-29.468106	275.524069	370.55342
1618477911371	-20.854017	249.439489	378.17927
1618477911466	-22.981902	251.702561	367.100682
1618477911561	-6.022508	258.523242	383.096823
1618477911656	-28.245853	280.042702	381.676447
1618477911751	-14.860203	244.748975	384.14496
1618477911849	-15.390734	248.334569	374.657266
1618477911943	-16.666771	237.938905	385.901045
1618477912037	-13.629118	250.712255	381.167657
1618477912131	-28.960533	279.666516	377.200143
1618477912225	-24.693372	241.969027	383.356364
1618477912319	-22.04018	273.72112	383.697756
1618477912413	-21.902441	264.747837	368.578002
1618477912507	-20.968601	250.4855	373.752913
1618477912601	-0.287798	267.867449	383.39315
1618477912695	-12.587343	242.351438	386.184826
1618477912789	-25.751493	267.682119	375.607541
1618477912883	-19.556147	292.0015	392.50197
1618477912977	-23.357857	256.765988	392.741384
1618477913068	-20.889788	266.438584	389.838827
1618477913161	-21.020191	256.262155	382.554501
1618477913254	-22.466791	290.496069	377.361008
1618477913347	-12.246244	259.350935	390.87948
1618477913440	-37.381757	273.880147	385.976657
1618477913533	-25.962881	274.543967	382.886612
1618477913626	-21.473044	252.509579	375.903529
1618477913719	-18.440138	271.77107	383.04285
1618477913812	-5.273206	279.632877	387.343245
1618477913905	-20.623551	256.792419	382.302575
1618477913998	-6.852427	229.287903	368.533972
1618477914091	-0.271124	261.868007	384.179917
1618477914184	-2.729161	254.225647	369.227979
1618477914283	-27.465029	269.613249	387.598174
1618477914378	-22.490256	270.293152	369.636203
1618477914473	-6.503741	265.762403	370.450108
1618477914568	-11.007404	270.752355	375.733852
1618477914663	-17.857597	249.242087	373.857125
1618477914758	-4.6522	266.620703	369.82357
1618477914853	-12.464048	268.346031	376.678114
1618477914948	-6.032773	250.838423	378.341983
1618477915043	-4.640738	262.136239	376.485522
1618477915138	-23.12997	270.013073	367.691375
1618477915233	-23.955419	222.149937	376.899964
1618477915328	-16.886248	242.475539	379.576708
1618477915423	-7.03607	241.335341	383.516495
1618477915518	-12.929272	274.780175	373.439002
1618477915613	-21.938704	251.063625	381.584897
1618477915708	-26.158816	299.389794	376.575343
1618477915803	-10.142061	282.629914	373.471862
1618477915898	-17.715185	269.952331	382.231182
1618477915993	-11.268583	271.308715	377.353534
1618477916088	-20.643986	268.514977	369.430444
1618477916183	-7.623661	260.861307	364.295579
1618477916278	-2.332267	240.254234	382.576035
1618477916373	-8.741732	235.417268	383.717125
1618477916468	-15.600159	262.615425	376.366534
1618477916563	3.959681	256.1231	373.629944
1618477916658	-8.388113	278.729154	372.44999
1618477916753	10.202796	276.58511	373.755151
1618477916847	19.772387	278.721883	381.619951
1618477916941	-3.364173	293.617996	379.260866
1618477917035	57.17475	270.698136	377.634542
1618477917129	71.948162	297.477333	362.378558
1618477917223	47.055671	443.543802	384.76435
1618477917317	46.999675	460.712016	384.589265
1618477917411	-33.58659	498.572102	376.328357
1618477917505	-132.533215	367.64294	387.762307
1618477917599	-123.476866	232.855196	382.431273
1618477917693	-36.610753	204.107774	382.295622
1618477917787	66.810494	231.384574	383.414125
1618477917881	31.677585	440.000735	377.095206
1618477917971	-63.231344	266.770661	374.82448
1618477918065	-56.481544	283.822755	399.242631
1618477918159	-52.270887	273.690188	413.685342
1618477918253	-28.478955	251.602672	448.948408
1618477918347	-23.861739	270.597194	481.46467
1618477918441	-16.872825	297.856983	387.959266
1618477918535	-22.140323	271.273633	288.948624
1618477918629	-22.364576	276.597737	347.979948
1618477918723	-28.305742	251.719989	395.618844
1618477918817	-4.623313	265.164329	429.174829
1618477918911	-32.281967	221.948358	335.286171
1618477919005	-34.034392	267.643147	335.870652
1618477919099	6.80912	271.654645	302.39598
1618477919192	-26.335985	257.058814	357.805735
1618477919287	-20.663075	230.996646	372.717858
1618477919382	-27.751195	247.155919	378.213436
1618477919477	-18.465312	283.077542	360.65823
1618477919572	-27.161008	268.806712	368.683337
1618477919667	-21.585542	262.893484	391.42289
1618477919762	0.41292	264.652108	380.853043
1618477919857	-13.601343	278.007299	379.582123
1618477919952	-21.084151	251.409618	381.749289
1618477920047	-17.048374	240.976789	379.371411
1618477920142	-17.517076	268.605653	371.173455
1618477920237	-13.354838	261.825229	392.38244
1618477920332	-24.578014	237.636624	373.814379
1618477920426	-20.29718	249.32976	367.243176
1618477920521	-15.388649	266.981365	383.652406
1618477920616	-12.941657	270.465322	377.832573
1618477920711	-20.867765	254.458908	372.079334
1618477920806	-14.97868	273.890294	362.75619
1618477920901	-24.025652	253.686961	378.180089
1618477920996	-0.931024	241.260455	365.0147
1618477921091	-20.617619	269.396123	375.959096
1618477921186	-24.645875	260.081791	377.921597
1618477921281	-25.962412	247.00102	381.027249
1618477921376	-23.520887	252.622031	381.550306
1618477921471	-3.612746	260.882527	377.349509
1618477921566	-13.608853	251.086266	378.60731
1618477921661	-14.749049	250.746136	373.507186
1618477921755	-6.119521	292.538568	373.538614
1618477921849	-17.572234	249.89416	370.807662
1618477921943	-14.477879	281.118691	392.810157
1618477922037	-27.404651	267.553298	388.784323
1618477922131	-25.316803	275.782794	375.942966
1618477922225	-35.995918	259.222798	379.493428
1618477922319	-19.253696	268.71255	361.707861
1618477922413	-28.369667	264.781587	382.516856
1618477922507	-23.412398	243.654749	384.048537
1618477922601	-8.943663	258.260509	373.888611
1618477922695	-27.042403	263.071286	382.149977
1618477922789	-9.300178	278.002388	371.789163
1618477922879	-14.042476	257.831967	383.610569
1618477922973	-18.492907	241.321648	380.693921
1618477923067	-6.484209	267.948838	380.737815
1618477923161	-12.737361	274.544588	372.632128
1618477923255	-14.10882	246.758496	383.994322
1618477923349	-14.299421	259.432604	377.815675
1618477923443	-19.622977	287.29325	373.303344
1618477923537	-17.846904	264.831962	376.831124
1618477923631	-25.115315	267.700209	376.382796
1618477923725	-27.064561	272.072632	376.291644
1618477923819	-24.949496	265.778666	388.596526
1618477923913	-19.001581	269.660353	378.935342
1618477924007	-13.634977	249.212667	366.077021
1618477924099	-5.296041	242.222339	367.294745
1618477924193	-20.410338	264.743446	375.999693
1618477924287	-17.893884	235.773402	384.325182
1618477924381	-16.978569	273.338978	386.969915
1618477924475	-24.959599	247.450394	388.37664
1618477924569	-20.807196	259.43238	386.307805
1618477924663	-29.787869	267.456724	374.958153
1618477924757	-14.219333	234.679618	372.970451
1618477924851	-1.183053	257.114049	374.782425
1618477924945	-26.784634	242.146946	399.099778
1618477925039	-16.31579	253.722471	361.106668
1618477925133	-23.138871	263.239124	382.972352
1618477925227	-18.387556	280.206651	379.954558
1618477925317	-12.996416	248.172536	382.786351
1618477925411	-12.560079	242.300183	385.135842
1618477925505	-24.491543	250.217527	377.654108
1618477925599	-18.7802	236.296392	374.546869
1618477925693	-5.523547	274.947393	381.340906
1618477925787	-18.212131	224.293715	381.675955
1618477925881	-31.571168	258.347695	377.895351
1618477925975	-14.790215	282.296986	373.04267
1618477926069	-18.235672	250.484708	386.452168
1618477926163	-20.601616	273.444013	391.572307
1618477926257	-18.553547	249.830046	385.382511
1618477926351	-11.737997	268.739786	367.984917
1618477926445	-19.023405	274.981904	387.231598
1618477926536	-20.532537	268.478719	388.479196
1618477926630	-8.629952	262.095413	390.18243
1618477926724	-17.729456	264.960094	367.105886
1618477926818	-28.133052	254.237517	372.775713
1618477926912	-19.232701	233.322359	372.972789
1618477927006	-7.736369	291.6207	383.907867
1618477927100	-9.184344	249.055815	371.327372
1618477927194	-23.003334	258.405119	369.69517
1618477927288	-43.871579	249.536016	379.374726
1618477927382	-13.396998	252.554328	361.613781
1618477927476	-15.400877	238.675315	365.798935
1618477927570	-16.840827	244.062932	367.050453
1618477927664	-1.630261	261.557066	363.976415
1618477927753	-20.910963	257.986479	372.789393
1618477927847	-28.460868	291.390064	374.764034
1618477927941	-20.343547	260.670488	381.622303
1618477928035	-8.542741	278.54757	381.272294
1618477928129	-22.960814	281.931576	378.103486
nan	nan	nan	nan
