1618476665438	4.074098	238.352609	324.937437
1618476665532	-14.024845	252.672432	314.839426
1618476665626	-14.69733	235.371554	306.26257
1618476665720	-1.095069	254.738983	326.595702
1618476665809	-5.34565	239.855557	321.755546
1618476665904	-14.610795	243.16297	319.974906
1618476665999	-6.668713	258.746142	316.507088
1618476666094	-9.977307	264.219449	310.875341
1618476666189	-6.407419	241.148816	331.002793
1618476666284	-1.460546	254.075481	331.330677
1618476666379	-21.214681	240.725227	311.660047
1618476666474	-10.328232	230.385175	320.579585
1618476666569	-12.251113	254.292437	321.682727
1618476666664	-9.614899	244.481503	308.936802
1618476666759	-10.776934	249.616719	324.241136
1618476666854	-15.952594	264.714187	318.703656
1618476666949	-17.400272	256.146838	325.465205
1618476667044	-4.753619	253.477089	334.684318
1618476667138	-24.937901	254.310449	329.081129
1618476667232	-2.189753	260.142045	318.272702
1618476667326	-14.796458	243.793767	331.747726
1618476667420	-5.236121	237.647639	324.990188
1618476667514	-17.753445	268.140148	316.667007
1618476667608	-23.496078	244.66071	314.59987
1618476667702	-21.132366	257.683153	323.936971
1618476667796	-20.959464	256.263554	314.276894
1618476667890	-18.60051	240.447648	320.40046
1618476667984	-2.068994	246.404087	308.840618
1618476668078	-4.304737	252.105896	323.071219
1618476668172	-3.887224	246.387742	320.484045
1618476668263	-4.656245	248.690507	315.991102
1618476668356	2.390188	258.080241	327.897902
1618476668449	-9.509235	264.360111	324.050447
1618476668542	-8.309653	224.475461	309.882188
1618476668635	-8.928504	240.76603	312.443112
1618476668728	-19.475313	240.344089	313.930688
1618476668821	-12.395439	256.168093	317.3175
1618476668914	-16.906849	250.257192	311.997671
1618476669007	-2.216017	248.161819	312.998121
1618476669100	-6.192651	253.342338	308.403788
1618476669193	-16.065433	261.171083	318.732984
1618476669286	-14.451666	264.205158	329.984466
1618476669379	-6.92275	258.402426	326.156087
1618476669467	-5.647966	243.847508	318.124346
1618476669561	-0.45449	251.835443	313.277834
1618476669655	-7.515067	242.207248	314.694054
1618476669749	-15.627432	247.964036	327.108485
1618476669843	3.641999	232.751806	319.723105
1618476669937	-23.328595	256.01366	321.282033
1618476670031	3.445517	252.208157	316.226911
1618476670125	-9.657739	259.013443	322.546458
1618476670219	-9.975072	254.146671	321.550917
1618476670313	0.303719	267.810131	318.610859
1618476670407	0.917371	245.531185	314.677193
1618476670501	4.031854	249.236653	326.024211
1618476670595	-6.788024	241.983058	315.253523
1618476670683	-10.623777	265.234703	316.461664
1618476670796	-4.283841	250.708738	318.427434
1618476670909	2.766489	259.678536	329.612304
1618476671022	-2.089791	235.240496	318.653444
1618476671135	-8.752387	243.180757	315.305492
1618476671248	-8.727726	258.067606	337.589688
1618476671361	-14.640489	252.525898	321.061986
1618476671474	-5.425281	244.17108	318.507083
1618476671587	-16.353578	243.612873	312.806384
1618476671700	-11.386753	257.288522	318.324331
1618476671813	-10.030224	238.331306	317.763154
1618476671926	-3.4473	254.735969	317.559391
1618476672039	-7.697791	251.894068	318.169468
1618476672156	-19.692609	227.942097	310.603025
1618476672231	-16.621429	246.266037	325.585464
1618476672306	-0.985499	236.313531	322.199918
1618476672381	-6.167174	256.735381	323.250613
1618476672456	-11.752931	248.866842	327.693689
1618476672531	-13.890721	231.040436	319.862226
1618476672606	-6.090418	255.743957	315.717107
1618476672681	-4.440542	263.008783	314.594222
1618476672756	-6.69088	239.086845	314.356694
1618476672831	-8.103213	236.442916	320.180242
1618476672906	-7.443227	246.643672	310.622075
1618476672981	-21.83925	238.585464	314.688611
1618476673056	-2.966341	230.978519	292.805366
1618476673137	-11.157728	234.121528	289.538567
1618476673231	-16.053517	264.70739	284.462654
1618476673325	-2.752005	261.739186	303.420716
1618476673419	-2.691769	237.685372	311.06596
1618476673513	-3.686615	242.874542	307.569202
1618476673607	-9.247931	237.333	334.180372
1618476673701	-16.130524	243.583352	338.166173
1618476673795	-15.767098	238.684239	325.936609
1618476673889	-20.6567	255.902377	312.259456
1618476673983	-5.447033	253.238584	306.292395
1618476674077	-11.171126	256.408214	304.997821
1618476674171	-13.119265	257.926423	281.768352
1618476674265	-7.219893	240.11651	271.93813
1618476674362	-12.961685	248.502457	274.612326
1618476674458	-2.771184	237.58294	285.098772
1618476674554	-12.346288	258.65304	337.940666
1618476674650	-22.72732	270.683512	343.514824
1618476674746	-20.903291	247.143866	376.326106
1618476674842	-19.894738	243.361494	366.957209
1618476674938	-27.119057	257.793643	365.36352
1618476675034	-35.126452	234.505024	356.86719
1618476675130	-41.570361	248.978626	357.216884
1618476675226	-60.12941	242.373686	366.527884
1618476675322	-71.074691	254.085092	363.579132
1618476675418	-60.111712	304.555489	398.301973
1618476675514	17.928505	289.038462	379.76884
1618476675607	-35.567915	241.000185	341.024502
1618476675701	-87.139733	310.803556	376.749674
1618476675795	26.005585	339.119915	389.851009
1618476675889	51.024462	302.081776	353.214534
1618476675983	58.987678	273.037782	326.782329
1618476676077	12.724778	219.475959	318.828761
1618476676171	-13.623852	206.600215	297.68495
1618476676265	-42.939518	200.24262	319.765736
1618476676359	-73.517282	218.453025	339.904078
1618476676453	-98.218204	257.295108	371.960342
1618476676547	-149.48152	306.442137	407.66441
1618476676641	-138.46969	420.254368	479.031399
1618476676735	-25.103939	463.340859	463.895514
1618476676826	-45.133611	395.535036	434.421584
1618476676920	59.302927	390.103059	417.819503
1618476677014	61.671976	342.987242	387.006691
1618476677108	57.282044	330.763982	370.749304
1618476677202	65.242792	309.022147	356.728283
1618476677296	46.762035	289.678258	351.756339
1618476677390	48.149724	276.753742	341.844605
1618476677484	29.883625	280.839967	334.217232
1618476677578	38.177773	255.378619	328.817168
1618476677672	20.433149	262.037548	328.318168
1618476677766	17.5807	250.975728	315.208227
1618476677860	18.438728	262.816649	316.486026
1618476677954	3.063531	261.080719	327.458069
1618476678045	14.413248	259.390894	328.057847
1618476678139	7.609552	251.801279	317.451537
1618476678233	4.748778	252.118889	312.697883
1618476678327	11.7206	242.772141	318.406758
1618476678421	2.101443	240.185891	325.500323
1618476678515	-5.803089	259.652561	310.991872
1618476678609	-6.839139	233.171823	322.806904
1618476678703	-2.63574	232.859423	316.794274
1618476678797	-10.297932	243.710383	316.973617
1618476678891	-4.879019	247.479522	321.714432
1618476678985	-14.776586	257.873962	322.167971
1618476679079	-6.791398	251.749487	323.696099
1618476679173	-11.046874	241.415727	316.267422
1618476679266	-3.96673	257.830178	319.384441
1618476679360	-15.676278	245.455581	317.178933
1618476679454	-2.91121	254.104554	323.65253
1618476679548	-4.782066	256.405166	323.787145
1618476679642	-2.565635	237.858074	319.030486
1618476679736	-14.405616	245.185384	320.178884
1618476679830	-8.798139	265.595468	322.02031
1618476679924	-10.033376	266.90571	325.561939
1618476680018	-2.532748	239.030154	314.849692
1618476680112	-10.897685	252.017675	315.474266
1618476680206	-1.581551	235.275072	322.815876
1618476680300	-9.880343	255.705275	315.539679
1618476680394	-10.585655	249.586008	313.376092
1618476680483	-5.894632	257.738929	315.349322
1618476680577	0.136091	272.243955	333.759268
1618476680671	1.642931	266.141951	312.199289
1618476680765	1.401784	241.983211	305.014793
1618476680859	-19.793955	237.523185	325.497838
1618476680953	-9.198719	232.232277	319.753057
1618476681047	-11.190905	238.341942	321.641488
1618476681141	-17.272655	238.731986	326.329994
1618476681235	-18.660815	241.804186	323.277361
1618476681329	-14.679839	249.938461	317.259489
1618476681423	-4.586494	240.616131	331.260883
1618476681517	-0.595664	232.536028	316.43736
1618476681611	-13.049077	240.066453	321.991269
1618476681702	2.832756	244.206628	320.95631
1618476681796	-15.47112	239.242869	325.309158
1618476681890	-14.736266	237.239953	326.536951
1618476681984	-9.431954	243.985252	323.677024
1618476682078	-1.04231	259.909341	326.105294
1618476682172	-0.513933	256.919747	311.620023
1618476682266	-2.964355	252.130197	313.56049
1618476682360	-8.683176	241.855203	333.801123
1618476682454	-9.628805	247.48407	316.735017
1618476682548	-7.46774	259.938783	320.632501
1618476682642	-1.775602	247.959144	318.055781
1618476682736	2.286175	266.974203	320.44848
1618476682830	-3.48082	215.833868	317.811453
1618476682922	-2.487686	265.119528	325.008712
1618476683016	-1.135671	244.912426	316.035903
1618476683110	-15.464562	224.72944	326.183425
1618476683204	-2.473116	236.197829	323.776173
1618476683298	-15.961693	258.407574	319.311063
1618476683392	-8.21649	251.92959	319.39876
1618476683486	0.363718	250.360133	313.919577
1618476683580	-6.128418	237.367919	324.620938
1618476683674	3.21117	236.397724	309.867792
1618476683768	-14.515084	244.100246	316.971921
1618476683862	3.650105	221.256185	318.288626
1618476683956	-1.758995	248.131326	nan
