1610678976482,2.731120
1610678976576,-2.077461
1610678976670,-0.688232
1610678976764,-3.511938
1610678976858,-0.006581
1610678976952,-1.735523
1610678977046,2.695380
1610678977140,0.892796
1610678977234,-3.809785
1610678977328,1.083225
1610678977422,1.146774
1610678977516,-4.032634
1610678977606,-0.105792
1610678977700,2.713555
1610678977794,-3.214507
1610678977888,-3.516370
1610678977982,2.954857
1610678978076,-1.064547
1610678978170,-3.486327
1610678978264,3.175548
1610678978358,0.302940
1610678978452,-3.410340
1610678978546,2.357547
1610678978640,2.184984
1610678978734,-4.203488
1610678978826,0.471392
1610678978920,3.667713
1610678979014,-0.959355
1610678979108,2.104109
1610678979202,7.606759
1610678979296,1.874465
1610678979390,-1.572913
1610678979484,3.888475
1610678979578,-3.098172
1610678979672,-8.421705
1610678979766,1.205358
1610678979860,1.333343
1610678979954,-4.689378
1610678980045,0.504768
1610678980139,1.512028
1610678980233,-3.536612
1610678980327,0.614512
1610678980421,3.044636
1610678980515,-2.555827
1610678980609,-2.019327
1610678980703,3.184526
1610678980797,-2.243812
1610678980891,-3.515271
1610678980985,2.790086
1610678981079,-0.350657
1610678981173,-3.153082
1610678981266,2.516178
1610678981360,1.401975
1610678981454,-3.366483
1610678981548,-0.408260
1610678981642,4.235542
1610678981736,-2.870679
1610678981830,-1.596732
1610678981924,2.801733
1610678982018,-1.159030
1610678982112,-3.430894
1610678982206,3.505887
1610678982300,0.786528
1610678982394,4.312599
1610678982485,2.996245
1610678982580,1.289923
1610678982675,-3.044863
1610678982770,1.269986
1610678982865,2.074336
1610678982960,-3.309384
1610678983055,-0.496878
1610678983150,3.057772
1610678983245,-1.976504
1610678983340,-1.683500
1610678983435,3.015060
1610678983530,2.984346
1610678983625,-4.042001
1610678983719,3.282527
1610678983813,1.032945
1610678983907,-3.558879
1610678984001,0.724652
1610678984095,2.346015
1610678984189,-4.155600
1610678984283,-0.965359
1610678984377,3.238477
1610678984471,-3.062491
1610678984565,nan
