1610678976529,-3.568416
1610678976623,0.073740
1610678976717,3.573543
1610678976811,2.165517
1610678976905,-1.333767
1610678976999,3.799766
1610678977093,-1.269587
1610678977187,-2.604593
1610678977281,3.243204
1610678977375,0.629647
1610678977468,-3.814462
1610678977561,1.959632
1610678977654,2.174686
1610678977747,-3.563478
1610678977840,0.535601
1610678977933,3.592310
1610678978026,-2.990486
1610678978119,-0.835844
1610678978212,3.573052
1610678978305,-1.426957
1610678978398,-2.484426
1610678978491,3.338234
1610678978590,-0.082831
1610678978684,-3.437843
1610678978778,2.322927
1610678978872,1.434826
1610678978966,-3.510305
1610678979060,3.415792
1610678979154,2.704277
1610678979248,-3.062445
1610678979342,-0.468111
1610678979436,3.379683
1610678979530,-2.083696
1610678979624,-2.037684
1610678979718,3.600429
1610678979810,-0.181045
1610678979904,-3.055546
1610678979998,3.262916
1610678980092,1.877421
1610678980186,4.478557
1610678980280,5.735304
1610678980374,7.010322
1610678980468,-4.117978
1610678980562,1.071270
1610678980656,0.020056
1610678980750,-6.252996
1610678980844,-2.424325
1610678980938,3.274451
1610678981028,-1.264033
1610678981122,-2.959817
1610678981216,3.388487
1610678981310,-0.431200
1610678981404,-3.508750
1610678981498,2.332717
1610678981592,1.844507
1610678981686,-3.286438
1610678981780,0.633455
1610678981874,3.092157
1610678981968,-2.874187
1610678982062,-0.665357
1610678982156,3.378669
1610678982249,-1.552660
1610678982343,-2.191491
1610678982437,-2.324580
1610678982531,-0.131044
1610678982625,-3.365988
1610678982719,2.979633
1610678982813,1.683204
1610678982907,-3.618152
1610678983001,1.274681
1610678983095,2.620379
1610678983189,-3.396300
1610678983283,-0.074602
1610678983377,3.603517
1610678983468,-2.347760
1610678983562,-3.542948
1610678983656,3.600881
1610678983750,-0.672083
1610678983844,-3.046438
1610678983938,3.017277
1610678984032,0.516752
1610678984126,-3.643325
1610678984220,1.749367
1610678984314,2.081329
1610678984408,-3.448922
1610678984502,0.429562
nan,nan
