1618477485708,-93.712100706,227.755467928,231.433684198
1618477485802,-94.520361597,226.650663137,236.111515763
1618477485896,-90.235757048,231.554235137,222.605652204
1618477485990,-84.208291567,228.020090387,218.789858034
1618477486084,-102.746129797,225.760610095,244.535665946
1618477486178,-98.217852575,226.490399085,235.080208473
1618477486272,-97.424437329,225.132248314,229.200644337
1618477486366,-91.991814087,228.461425341,230.210981770
1618477486460,-76.584774406,230.231307313,209.424479548
1618477486554,-78.775823497,228.808776204,216.022761542
1618477486644,-101.585011838,228.486947194,242.145427195
1618477486738,-101.051075962,228.069175273,239.626234422
1618477486832,-87.602435152,230.240210471,229.503728534
1618477486926,-94.058019165,227.216441030,230.691753734
1618477487020,-78.500005158,232.021012709,210.695574636
1618477487114,-91.570102544,230.247639607,226.458824208
1618477487208,-84.215597084,230.707728449,213.633529969
1618477487302,-76.832918147,229.944518552,209.157932423
1618477487396,-87.688434593,228.909766856,218.456692536
1618477487490,-95.459815376,227.434802754,237.416252390
1618477487584,-95.129333221,228.429827263,229.401971742
1618477487678,-95.924882277,224.327943299,236.062148797
1618477487772,-92.628418617,229.004467970,223.928639728
1618477487865,-98.731203016,229.372445413,234.793162252
1618477487959,-100.928836998,223.867490168,240.845290643
1618477488053,-105.169005029,227.122989558,242.345316088
1618477488147,-98.215781591,228.490874939,238.077332239
1618477488241,-83.666773985,230.144516085,218.037785032
1618477488335,-101.358666162,225.538955144,244.831072725
1618477488429,-94.962768274,228.008554816,232.948291658
1618477488523,-99.289182437,226.784692796,239.345747295
1618477488617,-86.111250678,228.123298797,226.210384113
1618477488711,-90.904975372,227.170695133,225.923903869
1618477488805,-110.196567469,222.738023140,252.716543782
1618477488899,-102.492263409,224.738030430,241.627791168
1618477488993,-114.760926025,222.459488108,259.444462472
1618477489083,-104.657223646,223.551266037,248.801015603
1618477489177,-95.090137995,225.519744348,235.902835307
1618477489271,-83.033213157,232.209179655,213.602581231
1618477489365,-102.850949281,225.655614380,240.125942972
1618477489459,-88.388647802,230.289332866,225.206815378
1618477489553,-94.899136637,225.023175599,233.859918469
1618477489647,-92.773747998,227.741303093,228.519301480
1618477489741,-91.660291352,230.997144501,226.972905371
1618477489835,-101.749316737,222.908738938,236.595968467
1618477489929,-94.832733987,228.497977529,232.990047395
1618477490023,-98.556258649,225.182870546,237.939019908
1618477490117,-99.018318478,227.536246477,235.803090587
1618477490211,-93.277892842,228.395692389,227.608295015
1618477490304,-94.939959748,230.243567805,230.527789898
1618477490398,-110.380198514,221.925602049,250.582750399
1618477490492,-91.985221025,230.152256911,224.035351016
1618477490586,-100.806816569,228.895527074,239.675825655
1618477490680,-97.518205474,226.651158554,236.108521286
1618477490774,-93.261039180,233.318653783,228.029589370
1618477490868,-117.648394422,222.796028077,264.454649947
1618477490962,-107.667683137,225.548862736,244.815542001
1618477491056,-91.611765524,229.008294389,227.905511501
1618477491150,-100.788447020,229.129520108,237.261488856
1618477491244,-102.707748982,224.918290053,239.538238142
1618477491338,-100.301886123,230.241318287,236.585741056
1618477491432,-101.126227851,230.281679679,242.341782506
1618477491521,-81.757338836,231.502340133,210.830615440
1618477491615,-108.828311699,225.741726977,248.649802203
1618477491709,-101.652079860,227.850170161,231.905624626
1618477491803,-98.904545791,228.021932726,232.867430835
1618477491897,-87.850464869,231.102309022,221.292899471
1618477491991,-95.944745036,226.702012723,230.756786393
1618477492085,-101.446677354,229.437821507,238.398005981
1618477492179,-103.878555256,231.338587961,236.997808685
1618477492273,-112.541986434,226.347972124,253.029796030
1618477492367,-95.054276892,230.055478681,220.575958647
1618477492461,-96.551664357,229.251876190,224.433216799
1618477492555,-114.539664416,226.348505660,249.026571154
1618477492649,-85.096377055,231.654210790,210.912655383
1618477492739,-111.341434258,230.083370111,241.584790064
1618477492833,-98.686850511,233.450586389,224.232141954
1618477492927,-98.720784656,231.523700375,234.834569397
1618477493021,-101.566462403,232.788931565,232.231418123
1618477493115,-108.842605216,228.427759392,244.503179245
1618477493209,-104.690105961,237.300977265,229.180786783
1618477493303,-97.932703744,239.853640591,218.795939570
1618477493397,-110.201356879,240.034644892,238.834948274
1618477493491,-97.024778652,246.832484334,221.923815478
1618477493585,-112.941260226,246.175318988,241.029018477
1618477493679,-109.024465143,249.075289699,237.589276659
1618477493773,-100.058290376,252.986606491,233.080955115
1618477493867,-98.996663968,256.230538750,228.606542120
1618477493958,-109.891966304,255.267556472,249.515856723
1618477494052,-87.062106696,257.972768500,215.031534008
1618477494146,-93.227004448,256.326474019,222.982321093
1618477494240,-79.954852276,253.916501476,207.327277555
1618477494334,-98.592800562,241.944702007,239.378594936
1618477494428,-94.252073843,237.793219320,241.294209963
1618477494522,-90.678972763,219.154674252,235.109448302
1618477494616,-101.280737909,199.705722004,233.778720462
1618477494710,-108.636944773,205.542964451,226.718130496
1618477494804,-110.994553388,218.150112593,224.048312032
1618477494898,-102.078001829,239.820255127,221.997733141
1618477494992,-94.144273243,257.953888909,216.145648940
1618477495086,-98.283303662,270.624221355,229.226984981
1618477495179,-97.004908941,262.917960952,224.451518795
1618477495273,-98.727076413,253.752026927,227.454482829
1618477495367,-100.860956099,245.572403981,232.584541826
1618477495461,-106.220914036,242.340834533,242.028583884
1618477495555,-86.567398375,247.167349840,217.899769729
1618477495649,-98.936905466,243.325180704,234.078846900
1618477495743,-83.983597535,238.382402166,220.644271556
1618477495837,-100.225387993,235.569578765,239.645972710
1618477495931,-105.010489505,231.078500913,236.569866948
1618477496025,-103.653354929,234.849877186,230.907395474
1618477496119,-99.526333285,241.798152122,224.175685811
1618477496213,-96.882915265,244.107813930,235.392688690
1618477496307,-78.464348189,251.812394575,223.089599378
1618477496395,-70.520514277,246.110172500,229.334078377
1618477496489,-58.940055887,240.851951273,217.806150407
1618477496583,-66.535613598,232.566247541,226.577399256
1618477496677,-71.578134774,234.028982908,239.913525589
1618477496771,-64.842451870,230.738477959,241.669440421
1618477496865,-38.827172582,234.418344275,216.427024716
1618477496959,-34.411806214,235.594695039,221.405452500
1618477497053,-32.983255588,225.706125175,237.864992105
1618477497147,-39.390913678,226.233823335,247.764106032
1618477497241,-18.359898517,236.836394208,214.944537093
1618477497335,-32.699699438,235.690367392,224.915883452
1618477497429,-13.528660158,239.406023029,202.457144419
1618477497523,-18.324474090,236.993394870,202.951215193
1618477497615,-32.526299838,232.568387584,213.564464075
1618477497709,-48.356468999,229.309687768,231.216845967
1618477497803,-54.494756754,226.737457528,240.631253988
1618477497897,-62.279201290,227.786986186,241.331885232
1618477497991,-65.530176221,223.878180231,240.736321839
1618477498085,-68.363767689,226.227099622,252.671683705
1618477498179,-86.603942009,220.874192009,270.893490895
1618477498273,-81.490510718,223.968205372,253.236532272
1618477498367,-68.960328952,225.077065308,193.445481426
1618477498461,-80.670488896,225.156623608,206.097665699
1618477498555,-75.177089171,226.878398718,191.690646954
1618477498649,-84.821294320,224.811289379,199.140633851
1618477498743,-84.133797465,224.739484837,199.574645942
1618477498832,-86.982736406,226.544422249,198.753673326
1618477498927,-87.081842973,226.291878091,186.280139691
1618477499022,-90.521189862,228.110017270,177.335016646
1618477499117,-82.269190268,229.316780889,155.040909802
1618477499212,-110.814859606,217.987551224,178.297016194
1618477499307,-91.359541712,228.998298412,148.054639279
1618477499402,-83.071236618,228.132492917,128.154811597
1618477499497,-93.123701717,225.741804559,121.560624717
1618477499592,-89.514762788,226.571038478,108.548441136
1618477499687,-73.791248258,232.494548690,102.877709684
1618477499782,-71.512006674,233.477799539,124.934593207
1618477499877,-92.140292302,226.508220281,170.972490848
1618477499972,-95.441918691,226.749598247,186.557871180
1618477500063,-90.127566953,226.740916435,194.565992853
1618477500156,-76.631958062,230.531149152,180.656483523
1618477500249,-94.765881736,224.594249429,215.452500200
1618477500342,-102.751602784,223.989124777,231.154442250
1618477500435,-92.716955265,226.375719150,228.773374624
1618477500528,-109.157090180,222.287549479,248.439366178
1618477500621,-106.390623736,226.152978846,245.208404489
1618477500714,-102.917423215,224.951023849,242.384737762
1618477500807,-74.699029761,233.205054607,208.583160208
1618477500900,-106.956486931,226.793186979,254.383113996
1618477500993,-74.978498273,230.600384950,207.193643554
1618477501086,-92.859195071,229.113264171,239.359745498
1618477501179,-106.108467867,225.217810427,250.816539445
1618477501278,-91.083093273,229.899996364,228.560103128
1618477501372,-96.878749538,229.338543321,235.998078509
1618477501466,-85.154751909,230.113303423,227.270799696
1618477501560,-100.192779439,225.347299082,242.989509861
1618477501654,-89.229199120,229.177108631,236.929492687
1618477501748,-83.514273412,230.030695368,226.770112045
1618477501842,-88.976479629,228.694720995,230.800860180
1618477501936,-77.611751234,232.076247675,214.406069212
1618477502030,-78.505966813,232.100553996,215.259153193
1618477502124,-91.008662732,228.768237322,234.400855732
1618477502218,-101.617554959,226.330608576,249.134747465
1618477502312,-84.908545992,230.088963594,218.373563970
1618477502406,-101.125124278,226.903299914,246.673198132
1618477502499,-91.302860845,227.389955436,231.642971196
1618477502593,-118.669569592,223.101845943,269.650532694
1618477502687,-107.233154835,228.189160825,251.989707787
1618477502781,-92.517120005,228.881180187,233.718189044
1618477502875,-92.764640498,229.824306853,236.061951623
1618477502969,-99.861002127,228.963987847,247.306378761
1618477503063,-87.265231621,232.628373809,229.201886083
1618477503157,-103.766175704,226.526231880,248.952330913
1618477503251,-87.923550266,229.166427138,231.949701141
1618477503345,-82.531765681,231.405309466,219.461457447
1618477503439,-95.411992422,225.986246695,237.127484122
1618477503533,-78.710968889,230.823677991,213.932689859
1618477503627,-87.993220217,227.771785583,236.379408785
1618477503716,-88.931648037,229.245477605,234.516246388
1618477503811,-101.355898285,227.309818902,244.216053346
1618477503906,-83.272438868,231.775578896,221.267772107
1618477504001,-101.884897919,225.498952813,248.117215259
1618477504096,-94.981356884,230.004283670,231.974107980
1618477504191,-91.262194682,228.169527168,231.975317739
1618477504286,-103.052502973,226.919986272,247.572339870
1618477504381,-91.839505667,230.266649362,229.388276788
1618477504476,-99.766438355,228.445260420,244.397396826
1618477504571,-90.570016588,230.788114912,229.236354262
1618477504666,-112.666626070,227.170472286,256.147022216
1618477504761,-92.334402801,228.152935748,235.075602160
1618477504856,-99.343631324,228.231726399,238.643717823
1618477504950,-88.496744832,231.264495171,225.356943205
1618477505044,-77.294861976,231.608604469,210.188316147
1618477505138,-91.532811289,229.647802543,234.128806203
1618477505232,-90.141387665,228.656829710,228.029888536
1618477505326,-90.164300964,232.421792647,229.450535809
1618477505420,-105.818025795,224.595229279,253.579640464
1618477505514,-78.476467605,229.337104317,210.829359249
1618477505608,-94.354831737,226.688697301,234.881623802
1618477505702,-88.793932568,230.736665239,232.547334310
1618477505796,-79.102250896,230.882633368,211.531988403
1618477505890,-81.511008076,231.720762319,223.599102920
1618477505984,-110.163290112,226.056352685,255.836801512
1618477506078,-74.239053490,233.851199931,212.721983226
1618477506170,-86.191638429,229.104827925,226.322028608
1618477506265,-81.828458237,231.796682203,217.095861970
1618477506360,-91.817616237,228.271678945,231.357876206
1618477506455,-103.043345866,227.922090321,246.559622253
1618477506550,-101.912270590,228.492663334,249.155231101
1618477506645,-92.142477454,226.967262639,235.197876210
1618477506740,-95.659074835,229.618790688,236.304164136
1618477506835,-91.205850043,229.952701378,234.285889628
1618477506930,-83.487557195,232.726150680,222.566533756
1618477507025,-114.799469028,225.680404219,261.109167231
1618477507120,-82.578816084,229.705181922,223.693276356
1618477507215,-87.728096069,229.211337083,225.678249521
1618477507310,-85.968145457,233.845497069,223.845161897
1618477507405,-92.800681160,233.045797933,234.723181068
1618477507499,-99.824260510,227.891518941,236.700052232
1618477507593,-84.930127107,228.624460408,225.181185789
1618477507687,-91.840500824,228.496192925,228.000834170
1618477507781,-92.659516759,229.848461369,231.915953175
1618477507875,-88.350264059,228.608835716,229.319981234
1618477507969,-105.382017074,225.614500862,247.418801913
1618477508063,-96.663709651,228.468864623,242.254724663
1618477508157,-106.773172552,226.065079754,253.739697740
1618477508251,-92.782687057,229.590388033,233.475839845
1618477508345,-106.129130219,227.442835015,247.456411114
1618477508439,-88.735434342,230.520334284,229.854915244
1618477508533,-87.874439807,229.718166912,228.659144754
1618477508622,-101.805542306,227.206503196,240.840530075
1618477508716,-89.890876549,230.484617983,230.070797223
1618477508810,-82.570699868,227.936819026,223.293179640
1618477508904,-103.997665832,227.392130769,244.718531260
1618477508998,-102.567807093,225.801583699,245.288006967
1618477509092,-86.113446240,236.271655431,221.269309784
1618477509186,-88.937126449,231.163307708,225.968556079
1618477509280,-90.748324201,229.976916998,230.095167567
1618477509374,-88.318093411,230.616227638,229.275301844
1618477509468,-79.868756053,232.557650661,217.540653289
1618477509562,-97.482701557,227.199771923,234.836862001
1618477509656,-81.957972679,229.537151159,219.664559543
1618477509750,-82.588717832,229.392223443,216.540554001
1618477509840,-80.440182972,230.426352628,221.334265117
1618477509934,-91.134097098,228.739415989,233.575062080
1618477510028,-83.487398244,231.955959425,219.177488286
1618477510122,-110.288503303,219.797809949,257.399525403
1618477510216,-98.940087758,226.635132834,241.249740692
1618477510310,-88.020888994,229.144061402,228.084887572
1618477510404,-102.387889850,224.842923684,245.038133453
nan,nan,nan,nan
