1610678737307,0.024264
1610678737401,-0.045140
1610678737495,-0.043356
1610678737589,0.024585
1610678737683,-0.047421
1610678737777,-0.044818
1610678737871,0.092205
1610678737961,-0.050345
1610678738056,0.087820
1610678738151,0.022481
1610678738246,-0.043356
1610678738341,0.022481
1610678738436,0.086037
1610678738531,0.157223
1610678738626,-0.041075
1610678738721,0.297524
1610678738816,0.094487
1610678738911,0.094808
1610678739006,0.022802
1610678739101,-0.048561
1610678739195,-0.189007
1610678739289,-0.044176
1610678739383,0.091242
1610678739477,0.025405
1610678739571,0.090422
1610678739665,0.020199
1610678739759,-0.045140
1610678739853,-0.044818
1610678739947,-0.044176
1610678740041,0.018882
1610678740135,0.027188
1610678740229,0.025405
1610678740323,-0.049204
1610678740413,0.024264
1610678740508,0.022802
1610678740603,0.091563
1610678740698,-0.112117
1610678740793,-0.048561
1610678740888,0.091242
1610678740983,0.155440
1610678741078,0.161143
1610678741173,-0.045959
1610678741268,-0.041895
1610678741363,0.022481
1610678741458,0.159183
1610678741553,0.296705
1610678741646,0.023943
1610678741740,-0.041075
1610678741834,0.022481
1610678741928,0.091563
1610678742022,-0.049879
1610678742116,-0.119105
1610678742210,0.437970
1610678742304,0.164565
1610678742398,0.086037
1610678742492,-0.044497
1610678742586,0.019059
1610678742680,0.019557
1610678742774,0.019059
1610678742864,0.022481
1610678742958,0.022481
1610678743052,0.229904
1610678743146,0.024762
1610678743240,0.093844
1610678743334,-0.116182
1610678743428,-0.039292
1610678743522,-0.051485
1610678743616,0.162605
1610678743710,0.367747
1610678743804,0.092704
1610678743898,-0.048561
1610678743992,0.157079
1610678744087,-0.119105
1610678744181,0.094487
1610678744275,-0.049204
1610678744369,0.227944
1610678744463,0.090101
1610678744557,0.361080
1610678744651,-0.049204
1610678744745,-0.044818
1610678744839,-0.052947
1610678744933,0.026224
1610678745027,0.083257
1610678745121,-0.048561
1610678745215,0.436187
1610678745304,0.159183
1610678745398,0.154798
1610678745492,0.091563
1610678745586,0.296705
1610678745680,0.097909
1610678745774,-0.116182
1610678745868,0.088141
1610678745962,-0.045959
1610678746056,-0.048561
1610678746150,0.019557
1610678746244,0.015814
1610678746338,0.018095
1610678746432,-0.186726
1610678746522,-0.116824
1610678746616,-0.064819
1610678746710,0.146846
1610678746804,-0.023657
1610678746898,0.136665
1610678746992,1.107428
1610678747086,6.180690
1610678747180,-2.900936
1610678747274,3.834977
1610678747368,-0.689606
1610678747462,6.019620
1610678747556,9.466009
1610678747650,-9.139720
1610678747742,-1.675368
1610678747836,-0.687447
1610678747930,-0.453931
1610678748024,-0.367272
1610678748118,-0.163765
1610678748212,-0.394326
1610678748306,-0.016449
1610678748400,0.184275
1610678748494,-0.037798
1610678748588,-0.396607
1610678748682,0.021340
1610678748776,-0.053766
1610678748870,0.017918
1610678748958,0.021340
1610678749052,0.091884
1610678749146,0.160003
1610678749240,0.234611
1610678749334,-0.044818
1610678749428,0.227623
1610678749522,-0.048240
1610678749616,-0.045316
1610678749710,0.091242
1610678749804,-0.047100
1610678749898,-0.045638
1610678749992,3.936449
1610678750086,0.088141
1610678750179,0.094487
1610678750273,-0.048561
1610678750367,0.091242
1610678750461,0.298986
1610678750555,-0.043678
1610678750649,0.019557
1610678750743,0.095949
1610678750837,0.160324
1610678750931,0.159183
1610678751025,0.094165
1610678751119,0.090101
1610678751213,-0.112117
1610678751307,0.023123
1610678751397,0.155440
1610678751491,-0.045140
1610678751585,0.163248
1610678751679,0.088141
1610678751773,0.161464
1610678751867,0.165706
1610678751961,0.021340
1610678752055,0.093844
1610678752149,-0.045959
1610678752243,0.022481
1610678752337,0.025405
1610678752431,-0.047421
1610678752525,-0.042537
1610678752615,-0.115041
1610678752709,0.443817
1610678752803,-0.047919
1610678752897,-0.190003
1610678752991,0.026224
1610678753085,-0.040754
1610678753179,0.091884
1610678753273,0.022481
1610678753367,-0.044818
1610678753461,0.023943
1610678753555,-4.083348
1610678753649,0.092704
1610678753743,0.085715
1610678753833,-0.186083
1610678753927,0.091242
1610678754021,0.024264
1610678754115,-0.046778
1610678754209,0.300769
1610678754303,-0.184943
1610678754397,-0.049060
1610678754491,-0.044818
1610678754585,-0.046280
1610678754679,0.021661
1610678754773,0.089282
1610678754867,0.090101
1610678754961,-0.049204
1610678755052,-0.043356
1610678755146,0.231687
1610678755240,0.297524
1610678755334,0.090101
1610678755428,0.019557
1610678755522,0.028328
1610678755616,0.295243
1610678755710,0.233968
1610678755804,-0.044818
1610678755898,-0.050521
1610678755992,0.365145
1610678756086,0.092704
1610678756180,-0.044818
1610678756272,0.021661
1610678756366,-0.040754
1610678756460,0.234611
1610678756554,-0.040433
1610678756648,0.160645
1610678756742,-0.045638
1610678756836,0.160645
1610678756930,0.022481
1610678757024,0.161464
1610678757118,0.028328
1610678757212,0.166991
1610678757306,0.019059
1610678757400,0.028007
1610678757491,-0.047100
1610678757585,0.020521
1610678757679,-0.048240
1610678757773,-0.047421
1610678757867,0.165529
1610678757961,-0.186726
1610678758055,0.022481
1610678758149,0.019059
1610678758243,0.162926
1610678758337,0.023444
1610678758431,0.296882
1610678758525,-0.047421
