1610678737311,162.201516224,207.256628465,428.996276710
1610678737404,162.201510527,209.256621210,426.996276815
1610678737497,165.201513848,205.256625440,429.996276754
1610678737590,162.201517464,205.256630044,428.996276687
1610678737683,165.201513567,206.256625081,427.996276759
1610678737776,163.201510740,207.256621481,430.996276811
1610678737869,161.201511439,207.256622372,430.996276798
1610678737962,164.201508869,210.256619098,428.996276846
1610678738055,162.201512049,206.256623148,428.996276787
1610678738154,166.201510650,206.256621367,428.996276813
1610678738248,162.201509200,207.256619520,427.996276840
1610678738342,162.201510808,208.256621568,428.996276810
1610678738436,118.779391258,152.685591601,431.817036702
1610678738530,159.201514792,211.256626641,428.996276736
1610678738624,160.201509900,207.256620411,427.996276827
1610678738718,161.201510481,208.256621151,432.996276816
1610678738812,162.201515546,207.256627602,432.996276723
1610678738906,164.201517133,208.256629622,429.996276693
1610678739000,164.201517414,207.256629980,431.996276688
1610678739094,164.201515525,207.256627574,428.996276723
1610678739188,160.201516923,207.256629355,428.996276697
1610678739282,163.201511786,210.256622813,427.996276792
1610678739382,163.201515507,204.256627551,427.996276723
1610678739476,162.201514897,205.256626775,429.996276734
1610678739570,162.201513938,206.256625554,431.996276752
1610678739664,165.201515175,207.256627129,428.996276729
1610678739758,165.201515175,207.256627129,428.996276729
1610678739852,164.201516202,207.256628437,424.996276710
1610678739946,162.201514984,209.256626885,428.996276733
1610678740040,159.201508699,212.256618882,432.996276849
1610678740134,163.201515197,207.256627157,432.996276729
1610678740228,162.201511090,207.256621927,430.996276805
1610678740322,164.201508783,206.256618988,429.996276847
1610678740416,162.201515828,206.256627960,434.996276717
1610678740510,165.201517065,207.256629535,431.996276694
1610678740600,162.201517832,208.256630513,429.996276680
1610678740694,162.201517550,209.256630154,427.996276685
1610678740788,164.201516765,205.256629154,428.996276700
1610678740882,162.201516224,207.256628465,428.996276710
1610678740976,163.201517482,208.256630067,429.996276687
1610678741070,163.201513026,208.256624392,427.996276769
1610678741164,163.201517201,209.256629709,427.996276692
1610678741258,159.201512139,207.256623262,430.996276785
1610678741352,164.201510391,207.256621036,430.996276818
1610678741446,162.201516224,207.256628465,428.996276710
1610678741540,164.201512958,207.256624305,429.996276770
1610678741634,162.201509482,206.256619879,429.996276835
1610678741728,163.201513307,207.256624750,429.996276764
1610678741820,162.201509763,205.256620237,431.996276829
1610678741914,164.201511350,206.256622257,428.996276800
1610678742008,159.201509009,209.256619276,427.996276843
1610678742102,165.201512608,207.256623860,429.996276777
1610678742196,162.201514869,207.256626739,436.996276735
1610678742290,163.201509132,206.256619434,429.996276841
1610678742384,166.201515475,209.256627511,431.996276724
1610678742478,164.201518092,207.256630843,427.996276675
1610678742572,164.201512958,207.256624305,429.996276770
1610678742666,162.201511090,207.256621927,430.996276805
1610678742760,163.201510740,207.256621481,430.996276811
1610678742854,165.201517065,207.256629535,431.996276694
1610678742948,162.201517550,209.256630154,427.996276685
1610678743039,163.201514634,209.256626440,428.996276739
1610678743133,123.201256970,154.043296044,428.753813016
1610678743227,164.201514566,208.256626353,430.996276741
1610678743321,162.201509482,206.256619879,429.996276835
1610678743415,162.201517832,208.256630513,429.996276680
1610678743509,162.201512698,208.256623974,431.996276775
1610678743603,162.201508523,207.256618658,431.996276852
1610678743697,163.201516805,208.256629204,433.996276699
1610678743791,162.201508523,207.256618658,431.996276852
1610678743885,162.201517832,208.256630513,429.996276680
1610678743979,165.201512327,208.256623502,427.996276782
1610678744073,165.201515175,207.256627129,428.996276729
1610678744167,163.201508851,207.256619075,427.996276846
1610678744255,162.201515265,208.256627243,430.996276728
1610678744349,162.201517464,205.256630044,428.996276687
1610678744443,166.201518042,209.256630780,430.996276676
1610678744537,165.201517742,207.256630398,427.996276682
1610678744631,162.201513375,208.256624837,427.996276763
1610678744725,164.201511999,208.256623084,431.996276788
1610678744819,162.201513657,207.256625196,429.996276757
1610678744913,163.201510740,207.256621481,430.996276811
1610678745007,160.201510916,212.256621706,431.996276808
1610678745101,164.201516765,205.256629154,428.996276700
1610678745195,162.201510412,207.256621064,434.996276817
1610678745289,165.201510041,207.256620591,430.996276824
1610678745383,163.201516156,206.256628378,430.996276711
1610678745482,162.201516224,207.256628465,428.996276710
1610678745578,162.201512698,208.256623974,431.996276775
1610678745674,165.201510719,207.256621454,426.996276812
1610678745770,164.201510109,208.256620678,428.996276823
1610678745866,165.201510409,210.256621059,431.996276817
1610678745962,165.201512976,210.256624328,430.996276770
1610678746058,165.201514130,204.256625798,431.996276749
1610678746154,166.201514148,207.256625821,432.996276748
1610678746250,164.201517414,207.256629980,431.996276688
1610678746346,162.201516505,206.256628823,430.996276705
1610678746442,163.201513307,207.256624750,429.996276764
1610678746538,162.201517832,208.256630513,429.996276680
1610678746634,162.201516224,207.256628465,428.996276710
1610678746736,164.201510954,205.256621753,434.996276807
1610678746828,164.201513635,207.256625168,425.996276758
1610678746920,162.201510980,206.256621787,406.996276807
1610678747012,162.201515541,204.256627595,259.996276723
1610678747104,166.201512215,204.256623360,327.996276784
1610678747196,167.201511088,207.256621925,448.996276805
1610678747288,164.201517657,206.256630290,504.996276684
1610678747380,168.201510094,206.256620659,413.996276823
1610678747472,167.201511518,207.256622471,403.996276797
1610678747564,170.201509452,202.256619841,399.996276835
1610678747656,178.201515172,201.256627125,409.996276729
1610678747748,195.201508776,204.256618980,429.996276848
1610678747840,227.201516562,177.256628896,430.996276704
1610678747938,133.201517905,367.256630606,430.996276679
1610678748032,141.201513384,211.256624848,431.996276762
1610678748126,81.201510212,351.256620808,429.996276821
1610678748220,108.201512567,216.256623808,429.996276778
1610678748314,204.201513719,260.256625274,431.996276756
1610678748408,121.201512594,437.256623842,428.996276777
1610678748502,115.201512776,154.256624074,428.996276774
1610678748596,157.201510740,180.256621481,428.996276811
1610678748690,162.201508574,192.256618722,429.996276851
1610678748784,165.201513199,203.256624613,426.996276766
1610678748878,166.201514739,203.256626574,429.996276737
1610678748972,164.201514479,204.256626243,431.996276742
1610678749066,166.201512172,203.256623305,430.996276785
1610678749154,164.201516851,209.256629264,427.996276698
1610678749248,164.201511912,204.256622974,432.996276790
1610678749342,166.201511891,204.256622947,428.996276790
1610678749436,163.201512940,204.256624282,428.996276771
1610678749530,160.201509900,207.256620411,427.996276827
1610678749624,163.201513026,208.256624392,427.996276769
1610678749718,166.201512259,207.256623415,429.996276783
1610678749812,161.201518095,204.256630848,430.996276675
1610678749906,164.201512958,207.256624305,429.996276770
1610678750000,164.201511350,206.256622257,428.996276800
1610678750094,161.201511158,208.256622013,428.996276804
1610678750188,162.201508523,207.256618658,431.996276852
1610678750282,163.201513307,207.256624750,429.996276764
1610678750375,160.201508941,208.256619190,429.996276845
1610678750469,163.201510740,207.256621481,430.996276811
1610678750563,162.201513375,208.256624837,427.996276763
1610678750657,161.201512398,206.256623593,428.996276781
1610678750751,162.201516505,206.256628823,430.996276705
1610678750845,165.201515824,209.256627956,431.996276717
1610678750939,161.201508872,207.256619103,431.996276846
1610678751033,165.201509760,208.256620233,428.996276829
1610678751127,166.201516715,207.256629090,431.996276701
1610678751221,162.201513657,207.256625196,429.996276757
1610678751315,161.201511836,208.256622876,424.996276791
1610678751409,157.201515491,211.256627532,428.996276724
1610678751503,202.881324216,257.788382234,430.263137561
1610678751596,162.201513657,207.256625196,429.996276757
1610678751690,163.201509132,206.256619434,429.996276841
1610678751784,163.201510177,209.256620765,426.996276822
1610678751878,165.201517065,207.256629535,431.996276694
1610678751972,162.201511090,207.256621927,430.996276805
1610678752066,163.201517482,208.256630067,429.996276687
1610678752160,164.201515525,207.256627574,428.996276723
1610678752254,163.201510459,208.256621123,428.996276817
1610678752348,163.201510091,205.256620655,427.996276823
1610678752442,161.201508872,207.256619103,431.996276846
1610678752536,162.201516138,203.256628355,429.996276712
1610678752630,164.201512958,207.256624305,429.996276770
1610678752724,163.201517086,207.256629563,435.996276694
1610678752813,164.201518092,207.256630843,427.996276675
1610678752907,157.201517381,211.256629938,431.996276689
1610678753001,159.201514706,207.256626531,429.996276738
1610678753095,163.201516523,209.256628846,431.996276704
1610678753189,162.201512330,205.256623506,430.996276782
1610678753283,163.201509500,209.256619902,430.996276834
1610678753377,165.201511000,206.256621812,428.996276807
1610678753471,158.201515055,207.256626976,429.996276732
1610678753565,163.201516523,209.256628846,431.996276704
1610678753659,164.201515525,207.256627574,428.996276723
1610678753753,161.201514288,206.256625999,431.996276746
1610678753847,163.201508851,207.256619075,427.996276846
1610678753941,162.201509200,207.256619520,427.996276840
1610678754031,162.201509200,207.256619520,427.996276840
1610678754125,163.201514266,206.256625972,427.996276746
1610678754219,163.201511389,209.256622308,433.996276799
1610678754313,163.201513026,208.256624392,427.996276769
1610678754407,162.201512135,210.256623258,427.996276786
1610678754501,162.201513657,207.256625196,429.996276757
1610678754595,163.201511108,210.256621950,431.996276805
1610678754689,164.201517414,207.256629980,431.996276688
1610678754783,165.201512890,206.256624218,431.996276772
1610678754877,165.201515175,207.256627129,428.996276729
1610678754971,163.201515874,207.256628019,428.996276716
1610678755065,161.201509831,206.256620324,429.996276828
1610678755159,162.201511090,207.256621927,430.996276805
1610678755251,162.201510808,208.256621568,428.996276810
1610678755345,164.201508869,210.256619098,428.996276846
1610678755439,162.201513094,209.256624479,425.996276768
1610678755533,163.201516833,206.256629241,426.996276699
1610678755627,162.201512330,205.256623506,430.996276782
1610678755721,166.201511271,210.256622158,438.996276801
1610678755815,164.201511350,206.256622257,428.996276800
1610678755909,159.201512225,211.256623372,429.996276784
1610678756003,164.201512958,207.256624305,429.996276770
1610678756097,163.201513307,207.256624750,429.996276764
1610678756191,162.201509200,207.256619520,427.996276840
1610678756285,163.201515874,207.256628019,428.996276716
1610678756379,163.201514266,206.256625972,427.996276746
1610678756467,164.201512676,208.256623947,427.996276776
1610678756561,164.201515525,207.256627574,428.996276723
1610678756655,163.201511699,206.256622703,428.996276794
1610678756749,165.201512327,208.256623502,427.996276782
1610678756843,162.201508523,207.256618658,431.996276852
1610678756937,163.201510459,208.256621123,428.996276817
1610678757031,166.201513867,208.256625463,430.996276754
1610678757125,163.201509132,206.256619434,429.996276841
1610678757219,162.201512979,207.256624333,433.996276770
1610678757313,164.201518092,207.256630843,427.996276675
1610678757407,163.201510740,207.256621481,430.996276811
1610678757501,162.201514334,207.256626058,425.996276745
1610678757595,163.201513589,206.256625109,431.996276759
1610678757687,161.201517532,206.256630131,426.996276686
1610678757781,163.201509132,206.256619434,429.996276841
1610678757875,166.201517760,210.256630421,428.996276682
1610678757969,161.201514684,207.256626504,425.996276738
1610678758063,162.201510808,208.256621568,428.996276810
1610678758157,164.201513917,206.256625526,427.996276753
1610678758251,162.201511767,207.256622789,426.996276792
1610678758345,164.201515525,207.256627574,428.996276723
1610678758439,162.201509200,207.256619520,427.996276840
1610678758533,162.201509200,207.256619520,427.996276840
