1610678630542,119.048892406,248.824404964,312.694857702
1610678630636,-31.949013100,130.426162868,757.388768895
1610678630730,393.445111505,322.323386442,-39.200313851
1610678630824,209.847631370,309.023587306,159.696956971
1610678630918,-49.248800280,111.126326935,832.887719486
1610678631012,346.545743386,310.023563613,98.497796890
1610678631106,240.447207618,323.323439020,25.998846043
1610678631200,-127.747750871,128.426121748,756.388769162
1610678631294,256.747004941,235.524582930,311.694857909
1610678631388,392.445114464,400.822289589,-85.099683721
1610678631482,300.646371792,309.023586204,113.797586802
1610678631576,149.648470330,186.625279670,560.491498414
1610678631666,394.445113508,373.222724709,-129.999053996
1610678631760,-18.649217304,203.925021744,560.491498725
1610678631854,42.549942127,172.325454428,664.590029053
1610678631948,409.744901640,350.922965340,-129.999054195
1610678632042,90.449306864,202.925121220,341.294437258
1610678632136,-18.649221871,108.126354158,770.688559075
1610678632230,394.445114976,325.323331136,-39.200313492
1610678632324,179.248052541,263.124196605,159.696957104
1610678632418,-79.848380590,64.226959840,789.988349290
1610678632512,347.545740699,310.023606415,174.996746906
1610678632606,425.044692406,435.421904371,-115.699264063
1610678632700,-62.548592630,66.226993279,831.887719249
1610678632794,254.746998374,248.824477631,314.694857230
1610678632885,348.545741027,401.822341552,-69.799893999
1610678632979,-36.949010248,158.025697548,725.789189073
1610678633073,121.048891747,250.824415468,480.992548279
1610678633167,409.744904238,399.822294119,-126.999053926
1610678633261,-33.949011621,157.025719416,510.592128109
1610678633355,57.849729863,142.725911320,662.590028813
1610678633449,440.344479874,430.421945655,-133.999054390
1610678633543,73.149521480,217.224836797,372.894017859
1610678633637,-16.649217727,110.126288131,760.388769445
1610678633731,346.545742178,327.323372918,-57.500103822
1610678633825,194.547841798,294.723789498,173.996747080
1610678633919,-127.747750495,97.826535639,817.587929436
1610678634013,347.545743715,324.323348431,101.497796924
1610678634103,271.046790001,326.323402935,22.998846277
1610678634197,-33.949013572,95.826590272,787.988348964
1610678634291,286.346583251,291.723771962,284.095277605
1610678634385,343.545742397,344.623159479,-130.999054092
1610678634479,-49.248798571,142.725879821,710.489399193
1610678634573,164.948263103,213.224816544,449.392968284
1610678634667,394.445111521,368.222756359,-143.298844260
1610678634761,-5.349430639,186.625285759,558.491498374
1610678634855,87.449309116,250.824455509,372.894017608
1610678634949,396.445108719,354.923010947,-146.298844550
1610678635043,118.048890547,185.625274339,375.894017744
1610678635137,-19.649223506,115.126380220,713.489398671
1610678635231,347.545741296,386.522547205,-67.799893972
1610678635323,179.248052558,252.824406278,191.296537224
1610678635418,-50.248800946,67.226967378,786.988349241
1610678635513,333.245952556,326.323365957,113.797586869
1610678635608,269.046795636,338.623103199,7.699056801
1610678635703,-96.148168477,126.426085469,816.587929632
1610678635798,256.746997740,293.723857903,282.095277047
1610678635893,346.545741999,368.222745949,-130.999054134
1610678635988,-64.548591163,94.826550015,770.688559166
1610678636083,133.348677001,170.325541725,481.992547782
1610678636178,394.445111498,385.522546795,-130.999054204
1610678636273,9.950360588,187.625267140,607.390868671
1610678636368,54.849731193,170.325470260,662.590028950
1610678636463,423.044689717,368.222786988,-161.598634518
1610678636554,72.149520937,244.824425565,357.594227744
1610678636647,-22.649216652,139.725851116,758.388769556
1610678636740,379.145321141,337.623181370,-66.799894000
1610678636833,205.847632159,313.023574739,158.696957053
1610678636926,-54.248798776,63.226932794,805.288139524
1610678637019,343.545744169,323.323341190,96.497796971
1610678637112,-36.949009834,109.126320770,784.988349350
1610678637205,-99.148169697,107.126314852,757.388769271
1610678637298,234.447213423,276.423976353,297.395067700
1610678637391,342.545738716,366.222798255,-84.099684297
1610678637484,-89.848383156,131.725951012,680.889818614
1610678637577,109.048891032,197.925056679,530.891918381
1610678637670,413.044689113,375.522586662,-160.598634580
1610678637767,-17.349429005,170.625259724,527.891918426
1610678637861,9.250149496,128.025705357,663.590028787
1610678637955,395.344482872,363.122107819,-113.699264021
1610678638049,-72.850480726,139.824452061,326.994647455
1610678638143,-204.248804212,-98.573820345,798.288138962
1610678638237,204.348682108,-312.775169473,497.292338369
1610678638331,352.447210438,-198.676605903,161.696956863
1610678638425,123.751199051,-163.873662403,817.587929358
1610678638519,324.346581621,-14.276202075,142.397166908
1610678638613,540.245949906,350.323408175,-42.200313992
1610678638707,-90.447956347,87.526680422,803.288139800
1610678638801,534.147422939,461.824403006,309.694857714
1610678638895,569.145323947,547.822296888,-181.898424120
1610678638987,70.751201148,503.725884299,628.990448871
1610678639081,73.348682497,457.325454158,569.791288703
1610678639175,344.344481609,531.122127948,-182.898424387
1610678639269,-69.349426272,277.524586357,442.392968415
1610678639363,275.946159200,346.323418496,136.397166645
1610678639457,368.445110281,335.323405949,-137.999054330
1610678639551,131.648470338,252.824439783,243.195907182
1610678639645,-44.949012484,96.826572934,841.988349076
1610678639739,397.744898690,356.923012347,97.598426204
1610678639833,233.447212206,327.323365927,29.898216693
1610678639927,-85.848377892,110.126287027,700.288139628
1610678640021,267.046790617,294.723812989,332.896117104
1610678640115,344.545742840,353.922942489,108.099476364
1610678640207,-66.548587541,94.826492300,715.489399306
1610678640301,164.948261317,246.824425119,13.493597923
1610678640395,411.744901713,429.421914471,-149.598634305
1610678640489,394.445112687,386.522527837,-153.699264022
1610678640583,85.449308870,169.325509131,463.390868463
1610678640677,440.344484158,368.222717153,-290.999053947
1610678640771,88.449309920,202.925072524,306.493597809
1610678640865,-18.649222108,125.426148000,654.489398815
1610678640959,423.044690563,338.623193380,-118.099684136
1610678641053,178.248050848,280.424013638,186.596327105
1610678641147,-82.848379219,96.826518102,755.688559373
1610678641241,302.646368565,324.323427678,105.797586468
1610678641335,271.046786913,354.923032251,2.699055899
1610678641426,-35.949011403,115.126345777,814.587929305
1610678641520,256.747003037,249.824403318,290.395067654
1610678641614,317.946161811,324.323376889,-56.500103847
1610678641708,-70.548591688,155.025718621,709.489398877
1610678641802,162.948262329,202.925038820,480.992548321
1610678641896,392.445109044,369.222795840,-118.699264399
1610678641990,41.549938636,200.925090184,541.191708222
1610678642084,41.549942992,169.325440657,617.690658966
1610678642178,423.044690024,321.323411918,-114.699264310
1610678642272,117.048890148,246.824440940,280.095277351
1610678642366,-20.649220169,109.126327048,819.587929427
1610678642460,391.445108909,309.023637749,21.998846115
1610678642554,243.447212760,263.124196864,89.198006809
1610678642651,-79.848382086,78.526773739,878.787089488
1610678642745,119.048889457,245.824451943,237.195907103
1610678642839,333.245950771,340.623184458,-86.099684079
1610678642933,-99.148166072,145.725837197,770.688559705
1610678643027,162.948260287,230.524651475,405.493597816
1610678643121,391.445111480,416.122127187,-178.898424382
1610678643215,13.950362910,141.725859964,556.491498735
1610678643309,41.549942011,245.824406573,634.990448924
1610678643403,391.445110883,371.222766526,-130.999054267
1610678643497,119.048891956,216.224832011,371.894017890
1610678643591,-49.248801068,140.725919623,770.688559170
1610678643685,392.445113917,308.023557951,-35.200313601
1610678643779,207.847629541,261.124246281,191.296536899
1610678643869,26.250148664,188.625298732,559.491498290
1610678643965,317.946159097,308.023630081,147.397166635
1610678644061,335.245953348,308.023563284,-22.900523577
1610678644157,-80.848381677,110.126347330,773.688559119
1610678644253,226.147418841,249.824468311,404.493597643
1610678644349,350.545743127,352.922937905,-130.999054017
1610678644445,-62.548593814,108.126382327,670.590028481
1610678644541,134.348682569,200.925033128,573.791288710
1610678644637,427.044691592,400.822337220,-176.898424382
1610678644733,71.149522342,171.325452887,435.093178183
1610678644829,-18.649224171,157.025760987,754.388768778
1610678644925,394.445112351,352.922953088,-82.099683939
1610678645021,-50.248801905,93.826562773,790.988349142
1610678645111,-34.949009468,95.826524874,800.288139447
1610678645205,394.445112467,307.023581057,69.898216660
1610678645299,312.946160905,313.023601269,22.998846352
1610678645393,-111.447961645,112.126344955,801.288139252
1610678645487,269.046788351,247.824478930,329.994647280
1610678645581,381.145318890,339.623217232,-176.898424643
1610678645675,-33.949007230,138.725859394,695.189609267
1610678645769,182.248051048,216.224850215,480.992548183
1610678645863,379.145320563,338.623190577,-143.298844353
1610678645957,59.849730215,199.925065956,484.992548145
1610678646051,44.549943677,108.126269507,710.489399390
1610678646145,11.950359539,92.826543511,786.988349267
1610678646239,193.547840742,250.824436153,251.495697264
1610678646331,-33.949008697,109.126302648,852.187509703
1610678646425,343.545743038,358.922939323,68.898216737
1610678646519,255.747001748,339.623164214,70.898216640
1610678646613,-30.949009920,171.325482380,785.988349341
1610678646707,286.346578523,248.824477115,251.495696998
1610678646801,345.545739530,339.623205171,-82.099684213
1610678646895,-50.248799991,141.725902457,710.489399047
1610678646989,149.648470697,199.925063883,481.992548158
1610678647083,394.445110937,372.222765665,-143.298844320
1610678647177,41.549939115,185.625292482,555.491498331
1610678647271,136.348681043,172.325477312,571.791288552
1610678647365,454.644268768,384.522594025,-145.298844569
1610678647459,134.348680635,248.824434111,336.994647571
1610678647551,-1.349430453,123.426122569,787.988349274
1610678647645,406.744898643,338.623223043,23.998846082
1610678647739,224.147419641,294.723825745,129.097376669
1610678647833,-31.949008573,93.826510613,832.887719657
1610678647927,283.346584245,280.423966068,235.195907532
1610678648021,350.545739936,324.323408636,-84.099684171
1610678648115,-93.148171594,140.725925195,759.388769075
1610678648209,193.547839997,249.824448023,437.093177892
1610678648303,409.744900937,386.522556662,-146.298844326
1610678648397,241.447210080,248.824449503,267.795487236
1610678648491,90.449311318,199.925050249,649.290238893
1610678648585,454.644272245,416.122118745,-131.999054151
1610678648679,119.048892822,232.524608271,372.894017979
1610678648768,-33.949008463,109.126298921,772.688559433
1610678648862,394.445113129,385.522520793,-22.900523624
1610678648956,195.547841831,247.824418803,158.696957025
1610678649050,-65.548591465,91.826554837,788.988349194
1610678649144,319.946162339,340.623158539,144.397166970
1610678649238,333.245950441,358.922979775,-67.799894054
1610678649332,-64.548587371,109.126279652,755.388769500
1610678649426,222.147422620,248.824408101,373.894017916
1610678649520,377.145320324,322.323404324,-55.500104026
1610678649614,-64.548589984,189.625271580,631.990448760
1610678649708,55.849728018,187.625310907,605.390868387
1610678649802,409.744900789,416.122139133,-177.898424459
1610678649896,75.149521554,203.925045549,404.493597984
1610678649988,-18.649217213,138.725860054,756.388769498
1610678650082,409.744902384,384.522533601,-9.600733649
1610678650176,178.248051351,293.723795688,190.296537099
1610678650270,-33.949009047,113.126308227,772.688559373
1610678650364,347.545740893,295.723813271,96.497796632
1610678650458,290.346584038,291.723759413,-7.600733429
