1610678752442,159.544344998,206.320039977,430.011513578
1610678752536,160.544337080,202.320036278,430.011513641
1610678752630,162.544324682,206.320030487,436.011513739
1610678752724,161.544333363,206.320034542,428.011513670
1610678752813,162.544317544,206.320027153,432.011513795
1610678752907,155.544346093,210.320040488,430.011513569
1610678753001,157.544356634,206.320045412,432.011513486
1610678753095,161.544350121,208.320042370,431.011513538
1610678753189,160.544312422,204.320024760,431.011513836
1610678753283,161.544308705,208.320023024,429.011513865
1610678753377,163.544370472,205.320051876,430.011513377
1610678753471,156.544303897,206.320020778,432.011513903
1610678753565,161.544308705,208.320023024,429.011513865
1610678753659,162.544317544,206.320027153,432.011513795
1610678753753,159.544345189,205.320040066,428.011513577
1610678753847,161.544333363,206.320034542,428.011513670
1610678753941,160.544356320,206.320045265,428.011513488
1610678754031,160.544356320,206.320045265,428.011513488
1610678754125,161.544347829,205.320041299,434.011513556
1610678754219,161.544325844,208.320031030,428.011513730
1610678754313,161.544367450,207.320050465,428.011513400
1610678754407,160.544348610,209.320041664,430.011513549
1610678754501,160.544363457,206.320048600,432.011513432
1610678754595,161.544367069,209.320050287,432.011513403
1610678754689,162.544317544,206.320027153,432.011513795
1610678754783,163.544311917,205.320024524,429.011513840
1610678754877,163.544346005,206.320040447,429.011513570
1610678754971,161.544374779,206.320053888,430.011513342
1610678755065,159.544369466,205.320051406,431.011513384
1610678755159,160.544339181,206.320037260,429.011513624
1610678755251,160.544373268,207.320053182,429.011513354
1610678755345,162.544371253,209.320052241,426.011513370
1610678755439,160.544365940,208.320049759,427.011513412
1610678755533,161.544323553,205.320029959,431.011513748
1610678755627,160.544326697,204.320031428,439.011513723
1610678755721,164.544349616,209.320042134,429.011513541
1610678755815,162.544317735,205.320027242,430.011513794
1610678755909,157.544375873,210.320054399,430.011513334
1610678756003,162.544351822,206.320043165,430.011513524
1610678756097,161.544333363,206.320034542,428.011513670
1610678756191,160.544339181,206.320037260,429.011513624
1610678756285,161.544333363,206.320034542,428.011513670
1610678756379,161.544374969,205.320053977,428.011513341
1610678756467,162.544327355,207.320031735,429.011513718
1610678756561,162.544368961,206.320051170,429.011513388
1610678756655,161.544374969,205.320053977,428.011513341
1610678756749,163.544328675,207.320032352,432.011513707
1610678756843,160.544339181,206.320037260,429.011513624
1610678756937,161.544316033,207.320026447,431.011513807
1610678757031,164.544339996,207.320037640,430.011513618
1610678757125,161.544347829,205.320041299,434.011513556
1610678757219,160.544356320,206.320045265,428.011513488
1610678757313,162.544334683,206.320035159,431.011513660
1610678757407,161.544367641,206.320050554,426.011513399
1610678757501,160.544363457,206.320048600,432.011513432
1610678757595,161.544316415,205.320026625,427.011513804
1610678757687,159.544310911,205.320024054,430.011513848
1610678757781,161.544357830,205.320045971,429.011513477
1610678757875,164.544325340,209.320030794,426.011513734
1610678757969,159.544362137,206.320047983,429.011513442
1610678758063,160.544314714,207.320025830,428.011513818
1610678758157,162.544369152,205.320051259,427.011513387
1610678758251,160.544339181,206.320037260,429.011513624
1610678758345,162.544310407,206.320023819,428.011513852
1610678758439,160.544356320,206.320045265,428.011513488
1610678758533,160.544314904,206.320025920,426.011513816
1610678758627,161.544357640,206.320045882,431.011513478
1610678758721,160.544348991,207.320041842,426.011513546
1610678758815,161.544340691,205.320037965,430.011513612
1610678758907,158.544302072,207.320019925,427.011513918
1610678759001,161.544350502,206.320042548,427.011513534
1610678759095,160.544331852,207.320033836,427.011513682
1610678759189,160.544373268,207.320053182,429.011513354
1610678759283,160.544346700,204.320040772,429.011513565
1610678759377,161.544323553,205.320029959,431.011513748
1610678759471,163.544363144,206.320048453,428.011513435
1610678759565,160.544305475,203.320021515,425.011513891
1610678759659,160.544348991,207.320041842,426.011513546
1610678759753,160.544332234,205.320034015,423.011513679
1610678759847,161.544326035,207.320031119,426.011513728
1610678759941,160.544366321,206.320049937,423.011513409
1610678760035,160.544366321,206.320049937,423.011513409
1610678760124,161.544326226,206.320031208,424.011513727
1610678760218,161.544319088,206.320027874,420.011513783
1610678760312,160.544313450,206.320025240,457.011513828
1610678760406,404.003737455,325.912329354,475.054220800
1610678760500,159.544353355,207.320043881,458.011513512
1610678760594,158.544359774,205.320046879,190.011513461
1610678760688,158.544315275,205.320026093,462.011513813
1610678760782,160.544324539,207.320030420,635.011513740
1610678760876,156.544315455,205.320026177,500.011513812
1610678760970,158.544363813,206.320048766,258.011513429
1610678761064,159.544304008,204.320020830,371.011513902
1610678761158,157.544359732,205.320046859,368.011513461
1610678761252,155.544344696,203.320039836,266.011513580
1610678761344,154.544332112,202.320033957,297.011513680
1610678761438,150.544304493,199.320021056,351.011513898
1610678761532,152.544364425,198.320049051,387.011513424
1610678761626,147.544337703,191.320036569,399.011513636
1610678761720,138.544317685,181.320027219,410.011513794
1610678761814,33.544363706,238.320048716,414.011513430
1610678761908,-4.455629443,223.320051916,417.011513376
1610678762002,-46.455630717,155.320051321,422.011513386
1610678762096,-298.455698165,-351.679980185,422.011513919
1610678762190,423.544328826,-482.679967577,425.011513706
1610678762284,425.544374781,-69.679946111,424.011513342
1610678762378,613.544303985,441.320020819,433.011513902
1610678762472,261.544371667,159.320052435,428.011513367
1610678762562,529.544325493,-10.679969134,427.011513732
1610678762656,410.544362566,358.320048183,426.011513439
1610678762750,377.544334128,406.320034899,426.011513664
1610678762844,271.544348563,472.320041642,429.011513550
1610678762938,142.544366929,379.320050221,429.011513405
1610678763032,124.544323281,280.320029832,431.011513750
1610678763126,131.544337623,238.320036532,430.011513636
1610678763220,136.544309752,224.320023513,428.011513857
1610678763314,143.544328418,212.320032232,429.011513709
1610678763408,147.544344272,209.320039638,430.011513584
1610678763502,150.544326628,210.320031396,429.011513723
1610678763596,153.544324213,206.320030268,426.011513742
1610678763690,155.544302767,205.320020250,427.011513912
1610678763782,155.544302577,206.320020161,429.011513914
1610678763876,155.544302577,206.320020161,429.011513914
1610678763970,157.544342168,207.320038655,426.011513600
1610678764064,158.544326539,206.320031355,428.011513724
1610678764158,157.544356824,205.320045501,430.011513484
1610678764252,160.544363457,206.320048600,432.011513432
1610678764346,157.544332357,206.320034072,429.011513678
1610678764440,160.544304903,206.320021248,431.011513895
1610678764534,160.544373459,206.320053271,427.011513353
1610678764628,159.544303583,206.320020631,428.011513906
1610678764722,161.544306604,204.320022043,430.011513882
1610678764816,158.544301881,208.320019836,429.011513919
1610678764910,160.544363648,205.320048689,430.011513431
1610678765001,160.544346509,205.320040683,431.011513566
1610678765095,159.544362137,206.320047983,429.011513442
1610678765189,160.544314332,209.320025652,432.011513821
1610678765283,160.544373268,207.320053182,429.011513354
1610678765377,161.544374779,206.320053888,430.011513342
1610678765471,160.544356320,206.320045265,428.011513488
1610678765565,160.544339181,206.320037260,429.011513624
1610678765659,161.544333172,207.320034453,430.011513672
1610678765753,160.544304712,207.320021159,433.011513897
1610678765847,156.544355314,206.320044795,429.011513496
1610678765941,159.544328050,205.320032060,429.011513712
1610678766035,160.544371167,203.320052201,430.011513371
1610678766129,161.544357830,205.320045971,429.011513477
1610678766219,164.544340187,206.320037730,428.011513616
1610678766313,161.544367450,207.320050465,428.011513400
1610678766407,160.544356320,206.320045265,428.011513488
1610678766501,160.544338990,207.320037170,431.011513626
1610678766595,161.544367260,208.320050376,430.011513402
1610678766689,163.544312299,203.320024703,425.011513837
1610678766783,160.544363648,205.320048689,430.011513431
1610678766877,157.544341977,208.320038566,428.011513602
1610678766971,160.544373459,206.320053271,427.011513353
1610678767065,162.544334683,206.320035159,431.011513660
1610678767159,162.544359150,205.320046588,432.011513466
1610678767253,163.544328675,207.320032352,432.011513707
1610678767347,157.544349305,207.320041989,430.011513544
1610678767436,163.544321347,208.320028929,430.011513765
1610678767530,161.544309087,206.320023202,425.011513862
1610678767624,162.544368961,206.320051170,429.011513388
1610678767718,161.544316224,206.320026536,429.011513806
1610678767812,160.544314523,208.320025741,430.011513819
1610678767906,160.544356510,205.320045355,426.011513487
1610678768000,161.544316224,206.320026536,429.011513806
1610678768094,162.544302697,209.320020217,430.011513913
1610678768188,161.544374779,206.320053888,430.011513342
1610678768282,161.544357640,206.320045882,431.011513478
1610678768376,nan,nan,nan
