1610679209598	154.627362	262.234731	322.778306
1610679209692	168.044837	268.596821	314.145509
1610679209786	162.952165	269.39801	299.067759
1610679209880	150.186043	267.564007	321.447565
1610679209974	158.6943	264.702022	324.108328
1610679210068	166.471419	273.235961	301.660768
1610679210162	156.259969	264.598536	301.952289
1610679210256	172.067548	262.636272	310.260029
1610679210350	161.919552	267.544893	321.154193
1610679210444	152.41655	270.355921	292.994928
1610679210538	161.32346	272.537354	328.437061
1610679210632	157.685772	255.803595	322.463836
1610679210726	165.105461	267.029852	325.109433
1610679210816	160.711141	274.980681	306.21331
1610679210910	160.996599	264.349701	303.324916
1610679211004	163.544091	264.194687	293.373766
1610679211098	161.161811	264.904446	320.032856
1610679211192	166.667461	263.73295	322.728158
1610679211286	160.062113	265.489337	308.279344
1610679211380	156.22577	265.382463	306.55762
1610679211474	156.357975	262.375811	325.106685
1610679211568	161.126799	256.739894	307.58534
1610679211662	163.437005	265.246159	286.062095
1610679211756	167.694224	267.105387	304.744068
1610679211850	158.933651	254.896861	317.62269
1610679211944	154.228844	271.059616	301.322831
1610679212037	166.110359	260.405428	319.034575
1610679212131	152.918767	265.772427	301.833785
1610679212225	150.198909	258.575997	307.617435
1610679212319	169.682468	262.116096	317.674165
1610679212413	164.089781	269.003836	306.747839
1610679212507	155.578582	263.639956	331.078509
1610679212601	169.388622	254.739601	305.188626
1610679212695	163.345615	270.426525	308.491847
1610679212789	158.186535	267.062321	323.310913
1610679212883	168.080863	273.504563	304.257742
1610679212977	166.429247	262.46272	308.837391
1610679213071	171.991271	261.549216	307.055626
1610679213165	168.054663	266.672634	301.370475
1610679213254	154.273408	269.486567	330.204353
1610679213348	167.755076	262.654322	306.697926
1610679213442	168.884949	257.640026	315.923485
1610679213536	167.847999	268.231318	314.518667
1610679213630	165.650326	262.493827	325.73523
1610679213724	158.452276	260.321143	315.187651
1610679213818	148.662551	264.921288	300.671905
1610679213912	157.595172	273.328303	304.944658
1610679214006	170.537537	255.511614	310.372962
1610679214100	161.163348	263.680158	319.458449
1610679214194	165.238103	262.323376	318.524494
1610679214288	153.786465	260.715299	319.927842
1610679214382	170.460263	261.674967	316.88915
1610679214473	166.354838	265.417995	313.927606
1610679214567	157.912777	262.943794	332.889448
1610679214661	158.935552	260.92834	318.116203
1610679214755	169.59928	262.936891	326.588956
1610679214849	169.30831	266.020681	334.143256
1610679214943	159.424526	265.652258	316.438848
1610679215037	162.874476	256.985816	323.986974
1610679215131	158.528133	262.480446	323.168351
1610679215225	167.392009	268.033657	309.932951
1610679215319	164.684059	263.460259	307.972422
1610679215413	152.565454	268.218295	311.826843
1610679215507	153.867957	276.570515	322.973901
1610679215601	159.528178	270.418653	320.489916
1610679215693	165.35355	262.599744	313.575605
1610679215787	159.440517	265.957618	301.592876
1610679215881	158.767987	264.936433	323.198468
1610679215975	167.929123	262.815938	329.933902
1610679216069	172.233113	265.057599	313.62852
1610679216163	159.974613	252.912243	321.985771
1610679216257	166.188564	263.510895	313.823862
1610679216351	170.512275	260.457483	303.932143
1610679216445	163.956618	259.642779	316.839415
1610679216539	162.880847	262.726823	310.18391
1610679216633	160.404009	265.303445	299.393042
1610679216727	156.328264	261.031076	306.901212
1610679216821	146.353776	250.685607	314.6847
1610679216911	158.317127	265.027648	310.369203
1610679217005	147.377501	263.248675	301.195634
1610679217099	154.429956	254.316685	305.931645
1610679217193	143.971598	254.942669	318.489711
1610679217287	139.8116	241.427726	322.438875
1610679217381	102.003351	370.224093	426.321217
1610679217475	-84.506264	272.614613	356.884685
1610679217569	137.999976	475.599344	379.383948
1610679217663	-55.530895	460.557178	344.213584
1610679217757	80.992412	458.161134	312.958744
1610679217851	221.380178	308.856521	271.827184
1610679217945	195.903773	159.423675	247.502134
1610679218039	141.750291	218.940268	273.895983
1610679218130	130.424656	244.871393	298.264473
1610679218224	166.098478	254.452221	277.495304
1610679218318	154.023545	266.691013	383.089956
1610679218412	161.464287	255.177078	279.351293
1610679218506	166.252117	258.567206	440.770696
1610679218600	155.821545	265.066339	505.693284
1610679218694	154.968592	266.156806	505.239197
1610679218788	159.288667	260.898435	400.279555
1610679218882	161.750724	262.003219	280.726298
1610679218976	156.947117	270.003982	299.60819
1610679219070	148.044325	268.776374	327.009477
1610679219164	160.886206	258.586766	286.443612
1610679219258	158.856504	262.194676	318.970214
1610679219350	169.243281	263.135896	303.619507
1610679219444	160.832583	261.830918	295.303176
1610679219538	161.70964	264.147527	325.372577
1610679219632	158.353791	252.482051	310.13231
1610679219726	171.568159	260.60814	309.3873
1610679219820	165.769387	268.912341	298.593706
1610679219914	155.454983	264.925071	307.140167
1610679220008	164.239788	261.509857	306.694668
1610679220102	165.404036	262.996148	304.446238
1610679220196	176.931035	262.101073	289.458695
1610679220290	163.980296	267.303095	316.83576
1610679220384	154.125893	258.811672	324.95304
1610679220478	159.43099	270.316782	311.903792
1610679220568	154.292577	264.587522	314.924079
1610679220662	168.199008	270.678302	313.342062
1610679220756	159.473649	261.318589	323.789492
1610679220850	155.367344	260.01959	323.903067
1610679220944	164.749386	265.694654	308.583769
1610679221038	153.853317	263.668327	332.902392
1610679221132	164.765708	273.143212	310.450465
1610679221226	156.636617	252.050146	304.208836
1610679221320	161.057255	270.461909	312.75743
1610679221414	157.5419	265.9814	306.53603
1610679221508	152.811412	270.358402	315.033699
1610679221602	153.015482	268.938627	318.504925
1610679221696	169.366421	264.786249	303.034574
1610679221787	164.331762	270.087827	318.116033
1610679221881	168.094659	268.979486	318.304301
1610679221975	174.897793	254.507213	302.466955
1610679222069	148.924284	261.113207	324.660348
1610679222163	156.076375	255.987936	315.677696
1610679222257	161.002523	263.262198	306.431502
1610679222351	162.562192	259.106593	326.747245
1610679222445	167.208295	255.010987	311.83823
1610679222539	164.433776	257.161608	321.917154
1610679222633	159.705702	264.678417	313.996619
1610679222727	158.359224	268.733836	313.731374
1610679222821	160.42793	275.278741	312.194277
1610679222915	158.345046	261.011983	293.573669
1610679223006	168.78045	265.496201	292.757204
1610679223100	169.042312	264.203189	332.244126
1610679223194	172.075914	269.935693	329.726138
1610679223288	151.718303	270.713676	302.591168
1610679223382	158.293548	267.300918	299.850696
1610679223476	158.28621	262.669554	320.846636
1610679223570	151.611058	268.343678	324.636595
1610679223664	155.931644	277.556065	306.100006
1610679223758	154.03885	269.103959	299.867142
1610679223852	163.035127	266.340369	309.946975
1610679223946	167.255558	265.334974	325.44072
1610679224040	162.428345	265.398965	337.576333
1610679224134	158.358557	268.562321	316.857212
1610679224224	163.448604	259.458625	324.795297
1610679224318	161.718457	257.395704	315.627376
1610679224412	162.453802	261.527018	301.947863
1610679224506	160.93687	261.450365	323.220895
1610679224600	162.8372	262.505318	315.535839
1610679224694	164.340218	269.752229	296.41765
1610679224788	156.133415	265.037356	332.797581
1610679224882	159.911872	264.722461	305.860377
1610679224976	177.601017	261.060282	316.117046
1610679225070	167.85456	260.608231	334.475195
1610679225164	166.586436	264.490187	309.132444
1610679225258	164.78984	273.783519	321.50425
1610679225352	160.43424	268.165211	310.237371
1610679225441	171.30065	272.667404	301.665036
1610679225535	164.972397	264.102943	335.464579
1610679225629	155.297046	262.956736	286.989373
1610679225723	169.733856	267.305685	312.142798
1610679225817	160.599146	264.745693	308.122049
1610679225911	168.32035	256.031147	325.342714
1610679226005	158.036237	252.887158	324.872242
1610679226099	153.461708	265.732423	317.90749
1610679226193	159.992734	257.636857	312.326565
1610679226287	159.906348	257.591652	320.57635
1610679226381	162.335386	258.436322	302.75047
1610679226475	159.896884	267.796108	323.314587
1610679226569	171.031971	267.585041	334.450243
1610679226662	162.899469	266.481652	311.915327
1610679226756	166.213632	273.768024	320.814488
1610679226850	153.213112	256.079799	313.459897
1610679226944	165.957728	261.101128	298.852667
1610679227038	159.035467	266.118724	330.246114
1610679227132	166.778389	259.497165	315.775171
1610679227226	163.398925	251.614572	309.409734
1610679227320	166.09638	255.572095	308.415639
1610679227414	154.787719	254.666261	332.982614
1610679227508	157.366708	268.74992	301.292391
1610679227602	158.726349	266.077747	305.456964
1610679227696	172.314922	262.882838	328.123694
1610679227790	156.658295	260.839019	316.03482
1610679227880	162.171107	267.473802	312.966611
1610679227974	163.771059	268.113018	306.154108
1610679228068	156.951211	258.963013	303.308673
1610679228162	159.998298	252.442225	320.345033
1610679228256	167.604118	259.567832	322.719172
1610679228350	169.6674	266.388171	307.033175
1610679228444	151.441181	262.926661	314.669164
1610679228538	160.364916	262.789558	307.343877
1610679228632	161.285747	264.776055	309.570164
1610679228726	166.47958	262.492976	nan
