1618477524578,-91.401305945,229.256701763,217.564693840
1618477524672,-119.254250334,212.016213894,275.092387324
1618477524766,-77.967053975,235.466043868,218.967808305
1618477524860,-69.951474221,245.690961012,191.308633287
1618477524954,-111.851143170,211.016212563,280.301730740
1618477525048,-85.385740059,227.853586107,235.595838583
1618477525142,-74.967048228,241.884731765,196.517976710
1618477525236,-112.044912723,217.434899686,270.479929416
1618477525330,-99.013766873,226.853586737,248.030097814
1618477525424,-71.354584864,239.884732760,189.905518816
1618477525518,-113.044908894,218.434900383,249.836326768
1618477525612,-105.626225165,218.031785340,265.867471516
1618477525702,-66.548365121,245.690960034,191.905518804
1618477525796,-101.223110962,227.047357666,238.208296487
1618477525890,-111.641799445,216.225556043,272.286158365
1618477525984,-76.967055932,235.869157987,195.921091175
1618477526078,-89.998194897,234.062930090,219.967808310
1618477526172,-122.463595877,215.822442459,273.898616272
1618477526266,-80.967061285,231.869157013,212.952235920
1618477526360,-80.982617322,235.869159987,206.936663565
1618477526454,-112.044908646,212.822442528,274.092387322
1618477526548,-85.579500822,229.062931405,228.789609646
1618477526642,-75.967039005,234.272275543,187.905518821
1618477526736,-112.448029434,219.031784804,270.076814938
1618477526830,-97.804417215,224.047358921,242.223868872
1618477526920,-72.757698701,238.078503926,188.502404342
1618477527014,-108.238685238,224.241128370,253.045670187
1618477527108,-103.819987592,228.853588235,238.208296499
1618477527202,-71.757705650,239.675388185,187.502404333
1618477527296,-97.013756200,223.241130779,236.208296502
1618477527390,-113.641805260,216.225554985,272.076814932
1618477527484,-73.967036402,241.481619443,198.517976725
1618477527578,-94.401320238,225.853584687,223.370922771
1618477527672,-110.448027262,211.016212824,274.092387317
1618477527766,-78.370174381,231.869157264,215.355350397
1618477527860,-84.982624367,236.272273180,203.533549081
1618477527954,-117.657372535,216.628670388,276.898616264
1618477528048,-85.385725890,230.062932112,228.789609651
1618477528140,-76.967045184,241.078503369,189.905518813
1618477528234,-115.851142145,213.822441700,271.689272841
1618477528328,-97.610654880,222.838013910,245.030097811
1618477528422,-74.757700655,241.481618045,192.905518815
1618477528516,-108.835577552,223.241127134,260.255013604
1618477528610,-105.626219924,220.838015244,262.867471523
1618477528704,-68.951464130,240.078504948,187.099289874
1618477528798,-106.223102032,227.853588242,236.805182024
1618477528892,-115.641802858,219.031784372,274.286158360
1618477528986,-78.160820684,234.272273609,198.517976708
1618477529080,-92.595077136,234.466045163,217.564693839
1618477529174,-114.448028145,211.016212663,275.495501791
1618477529268,-80.967062501,234.869156792,209.952235918
1618477529357,-112.044912024,217.225556388,277.092387317
1618477529451,-122.657367232,217.225556878,273.286158371
1618477529545,-89.788848287,230.659816195,232.192724116
1618477529639,-79.967044843,241.078503431,199.114862239
1618477529733,-124.254252267,224.031785918,266.270585995
1618477529827,-102.013764268,225.644243786,253.239441243
1618477529921,-73.951471139,243.481618148,187.099289865
1618477530015,-114.238690363,224.241127437,250.239441230
1618477530109,-111.432453790,221.434899874,261.867471516
1618477530203,-72.548349840,241.287848340,191.308633299
1618477530297,-108.223115571,229.853585778,230.998953056
1618477530391,-123.448025774,217.628670995,275.495501794
1618477530485,-108.610645913,228.047358967,249.433212298
1618477530575,-100.788855821,235.869158249,219.564693830
1618477530669,-122.448028501,220.225556024,277.898616265
1618477530763,-93.579495338,236.062932403,217.161579377
1618477530857,-89.370159990,244.869159883,198.324205664
1618477530951,-131.060492574,222.419325950,277.495501782
1618477531045,-99.191963273,243.853587151,229.595838590
1618477531139,-83.160820110,260.884731614,187.696175383
1618477531233,-121.448018982,243.031786707,260.061242575
1618477531327,-104.610656430,248.838013628,256.448784660
1618477531421,-70.548370969,270.287844495,190.696175371
1618477531515,-112.238673243,251.450473979,243.223868876
1618477531609,-78.773276154,250.869159576,212.161579364
1618477531703,-66.757702362,236.869159834,189.905518812
1618477531795,-92.207549941,211.853584550,224.580266196
1618477531889,-129.044908129,192.822442622,276.092387323
1618477531983,-88.354598924,239.675386775,204.742892500
1618477532077,-96.788852143,261.869158918,208.146006983
1618477532171,-120.254260592,253.225555452,274.495501786
1618477532265,-96.982618246,264.062930868,222.177151741
1618477532359,-82.967047742,256.675388428,197.727320136
1618477532453,-116.851149678,231.822440329,267.076814930
1618477532547,-92.804429201,241.853585690,237.014525431
1618477532641,-67.354588453,251.690961057,185.099289861
1618477532735,-76.757713069,246.481615786,189.308633274
1618477532829,-109.820007163,227.838012298,252.255013601
1618477532923,-76.548365537,248.078502058,192.905518804
1618477533016,-94.819992141,242.644243982,238.014525443
1618477533110,-86.641795286,237.628671275,263.076814945
1618477533204,-43.951482021,245.272272742,190.114862227
1618477533298,-64.401306463,237.659816144,216.774037264
1618477533392,-75.254252666,221.822442420,270.689272846
1618477533486,-26.176403050,239.869157315,207.355350397
1618477533580,-13.982624682,241.675387598,197.533549081
1618477533674,-38.044914504,219.225555937,266.898616265
1618477533768,-12.385731506,232.853587664,220.192724119
1618477533862,-12.773278937,241.869159069,181.921091183
1618477533956,-42.851140813,226.434899843,252.076814942
1618477534050,-28.804422427,231.644243497,238.030097816
1618477534144,-22.757704513,244.078502868,179.308633285
1618477534233,-69.029348557,229.644241618,250.642555703
1618477534327,-69.029348931,218.838012599,263.658128078
1618477534421,-43.951480570,231.869158531,215.308633278
1618477534515,-76.013757015,221.853588532,267.789609650
1618477534609,-88.641789600,210.225557835,316.898616278
1618477534703,-51.757698532,229.466046055,218.936663569
1618477534797,-72.788849516,225.256701496,184.549121462
1618477534891,-101.254252431,209.419327987,252.511074172
1618477534985,-90.013772981,223.853585626,191.580266204
1618477535079,-69.370167246,234.272273038,166.114862229
1618477535173,-111.657374339,216.031784535,239.689272837
1618477535267,-88.804429371,225.450471184,191.014525431
1618477535361,-67.757706853,238.287845867,116.696175381
1618477535453,-101.835562204,215.031786502,160.045670198
1618477535547,-98.029337193,226.853587111,162.061242569
1618477535641,-67.757702786,237.078503182,81.905518812
1618477535735,-92.013760297,222.047358984,111.208296497
1618477535829,-110.448023475,217.031785889,140.689272846
1618477535923,-68.757706301,229.466044642,99.324205658
1618477536017,-86.595084783,227.256700346,145.370922780
1618477536111,-102.432459040,220.241127869,193.045670183
1618477536205,-78.773273976,235.466045497,169.161579367
1618477536299,-78.370161679,230.466045101,167.727320137
1618477536393,-114.254255975,215.225556292,253.689272842
1618477536487,-88.191972635,224.853585447,228.014525429
1618477536581,-73.967047530,235.675388467,185.905518810
1618477536669,-111.851132659,217.225557902,259.867471527
1618477536763,-95.610651590,226.644243459,252.448784667
1618477536857,-68.951485522,240.884730005,183.696175371
1618477536951,-101.223116906,222.838013159,241.820754380
1618477537045,-108.641793557,218.434900540,273.286158372
1618477537139,-71.757708112,238.675387737,195.114862230
1618477537233,-112.448014088,213.822444172,275.092387334
1618477537327,-111.044901047,213.822443911,275.495501807
1618477537421,-69.757701678,232.466045483,216.146006991
1618477537515,-78.773285891,232.466043328,206.936663550
1618477537609,-119.060489836,215.225555399,277.495501786
1618477537703,-83.982615206,226.853587996,235.998953072
1618477537797,-75.160813087,238.272274991,189.696175392
1618477537890,-111.044918281,217.031784199,265.673700458
1618477537984,-93.401307248,224.047358101,249.030097817
1618477538078,-71.160831193,234.272271696,190.502404319
1618477538172,-101.626222086,224.644243801,249.030097818
1618477538266,-102.029351437,213.225554242,269.076814926
1618477538360,-108.835570660,213.822441538,277.092387315
1618477538454,-90.998198018,229.853586096,225.983380682
1618477538548,-112.044906357,216.225557419,282.704845226
1618477538642,-76.967040033,238.675389831,211.146006997
1618477538736,-87.385735474,235.272273793,209.146006986
1618477538830,-113.044911071,221.838014462,272.092387319
1618477538924,-82.579508013,225.853586670,230.983380686
1618477539018,-77.967049888,238.272273562,196.114862233
1618477539110,-112.448035991,219.031783611,268.076814929
1618477539204,-93.207528446,223.644245037,248.030097827
1618477539298,-70.757710589,240.078501762,190.502404327
1618477539392,-106.029339712,222.241128752,255.045670190
1618477539486,-95.610663473,219.838012346,252.448784651
1618477539580,-65.145249187,240.481616874,190.502404331
1618477539674,-94.610654862,226.853586289,232.998953059
1618477539768,-109.238682675,218.628670936,275.092387318
1618477539862,-70.354599991,234.272272106,207.936663548
1618477539956,-86.191974027,235.062928619,213.758464874
1618477540050,-113.044910086,213.822442266,280.301730746
1618477540144,-80.579516820,232.659814018,224.580266200
1618477540238,-77.967054639,233.869158223,195.114862226
1618477540333,-118.657365101,217.031786216,273.286158373
1618477540428,-87.998193078,229.853586996,249.820754391
1618477540523,-72.354597042,242.481616068,189.502404325
1618477540618,-89.788850479,229.853586845,228.386495163
1618477540713,-98.819995944,225.644243290,262.464357041
1618477540808,-67.145238752,245.287847724,191.905518820
1618477540903,-96.013764113,222.450472764,237.208296492
1618477540998,-109.044912946,217.225556220,273.689272841
1618477541093,-76.757711174,249.481616130,200.727320127
1618477541188,-89.998199680,226.853585794,220.564693829
1618477541283,-112.851146029,215.822440993,276.092387311
1618477541378,-79.773276290,238.272274026,216.161579364
1618477541473,-76.370159719,237.675388883,197.517976714
1618477541570,-112.851136695,214.225557167,273.286158373
1618477541664,-88.191974573,227.853585094,241.208296476
1618477541758,-74.160825943,231.869158176,199.921091176
1618477541852,-113.851141110,222.241128739,261.061242566
1618477541946,-103.626217318,222.241130194,261.255013626
1618477542040,-71.354590179,243.287846267,188.696175384
1618477542134,-104.223121214,225.644241325,239.014525424
1618477542228,-107.641803785,220.031784203,271.286158359
1618477542322,-70.354591482,238.481617080,202.130434609
1618477542416,-92.401314497,232.062929157,219.370922779
1618477542510,-111.044911569,217.225556471,275.689272843
1618477542604,-77.967047777,232.062930521,209.952235938
1618477542698,-83.579514499,234.062928915,202.130434600
1618477542788,-115.448034276,216.822440497,276.898616258
1618477542882,-72.757703971,242.884731917,189.502404335
1618477542976,-76.967058874,238.675386402,188.905518795
1618477543070,-115.851143264,220.031784922,259.658128088
1618477543164,-97.013758149,221.241130425,256.851899152
1618477543258,-69.951477175,242.884731524,193.502404332
1618477543352,-102.626222409,224.241129267,241.417639917
1618477543446,-108.432448724,220.031786321,270.076814949
1618477543540,-69.354593401,235.675387780,197.114862231
1618477543634,-96.207549499,229.256699106,227.983380672
1618477543728,-112.044920321,214.419325928,271.689272832
1618477543822,-78.370164823,234.869159003,211.146006984
1618477543916,-84.385734079,227.659816146,206.936663562
1618477544006,-72.160811373,241.884733204,196.114862245
1618477544101,-86.788846320,227.853587602,229.789609643
1618477544196,-76.967062477,238.481614697,193.308633266
1618477544291,-115.851136616,220.434900607,263.270585997
1618477544386,-92.804417391,221.644244414,246.626983347
1618477544481,-69.548365886,239.481616469,188.502404328
1618477544576,-100.819991696,223.241129588,255.045670196
1618477544671,-105.626232718,220.434898440,264.867471506
1618477544766,-71.757712787,239.675386886,191.308633274
1618477544861,-97.013769755,227.853586213,231.192724109
1618477544956,-110.238680918,213.225556780,278.495501795
1618477545051,-74.160823825,234.869158562,203.936663555
1618477545146,-96.804422074,228.062930413,225.774037263
1618477545241,-118.657374573,218.031784492,278.495501787
1618477545335,-73.967049778,228.853586731,227.177151736
1618477545429,-76.370158098,241.272274703,198.921091191
1618477545523,-114.448024140,216.628671293,270.479929420
1618477545617,-88.998193834,224.047357908,243.417639915
1618477545711,-75.160827426,238.481615807,190.905518799
1618477545805,-104.238684292,219.434899592,252.045670188
1618477545899,-101.223110193,221.838014381,255.255013616
