1618476774892,-0.693466
1618476774986,-1.406230
1618476775080,0.970790
1618476775174,-0.537851
1618476775268,1.336052
1618476775362,-0.358362
1618476775456,-2.504699
1618476775550,1.052406
1618476775644,1.151384
1618476775739,-0.067175
1618476775832,-0.756326
1618476775925,1.064178
1618476776018,0.413367
1618476776111,-0.881740
1618476776204,2.299345
1618476776297,1.442058
1618476776390,-0.357178
1618476776483,1.007175
1618476776576,0.542877
1618476776669,-1.157868
1618476776762,-0.826463
1618476776855,1.032510
1618476776950,-0.534502
1618476777044,1.635861
1618476777138,1.545130
1618476777232,-0.040401
1618476777326,1.179170
1618476777420,1.186813
1618476777514,-1.358014
1618476777608,-0.180208
1618476777702,0.536425
1618476777796,-1.757801
1618476777890,-0.957246
1618476777984,1.365791
1618476778078,2.740800
1618476778171,0.439374
1618476778265,2.118321
1618476778359,-0.093104
1618476778453,-0.439541
1618476778547,-1.379548
1618476778641,0.493852
1618476778735,0.870925
1618476778829,-0.695788
1618476778923,0.589302
1618476779017,-0.899182
1618476779111,-1.726318
1618476779205,0.637450
1618476779299,1.181109
1618476779396,-1.624183
1618476779490,0.355540
1618476779584,-0.064061
1618476779678,-1.010356
1618476779772,1.918980
1618476779866,0.696268
1618476779960,-0.629189
1618476780054,0.918866
1618476780148,1.170036
1618476780242,-0.285055
1618476780336,1.852455
1618476780430,1.296173
1618476780524,-2.068292
1618476780616,1.684055
1618476780711,-0.388914
1618476780806,0.912730
1618476780901,0.190925
1618476780996,-1.033104
1618476781091,0.652436
1618476781186,-1.411904
1618476781281,-0.724294
1618476781376,-0.316878
1618476781471,-2.225532
1618476781566,1.834198
1618476781661,1.568559
1618476781756,-0.566837
1618476781850,2.400200
1618476781944,0.424409
1618476782038,0.026219
1618476782132,-1.385568
1618476782226,2.521451
1618476782320,-2.999914
1618476782414,1.344683
1618476782508,2.714995
1618476782602,-1.309070
1618476782696,-1.287895
1618476782790,1.997236
1618476782884,-1.088225
1618476782978,-0.402872
1618476783068,-0.772982
1618476783163,-1.222575
1618476783258,0.344966
1618476783353,0.095462
1618476783448,-0.006491
1618476783543,-2.649300
1618476783638,0.164630
1618476783733,-0.627485
1618476783828,-0.007580
1618476783923,1.101058
1618476784018,1.072100
1618476784113,-1.284246
1618476784208,-0.694464
1618476784303,1.212363
1618476784397,1.578925
1618476784491,-1.088851
1618476784585,1.743873
1618476784679,-1.356799
1618476784773,-0.904823
1618476784867,0.394526
1618476784961,-0.040931
1618476785055,0.164009
1618476785149,1.675958
1618476785243,0.472703
1618476785337,-2.711466
1618476785431,-0.863408
1618476785522,1.038870
1618476785616,-2.204831
1618476785710,-0.789065
1618476785804,0.092522
1618476785898,-0.984873
1618476785992,-1.487337
1618476786086,-0.091583
1618476786180,-1.811444
1618476786274,-2.159559
1618476786368,-0.779561
1618476786462,-2.730134
1618476786556,-1.393068
1618476786650,-1.289606
1618476786742,-3.320292
1618476786836,-1.891689
1618476786930,0.782559
1618476787024,1.418480
1618476787118,-0.238693
1618476787212,0.949120
1618476787306,-0.053895
1618476787400,-2.239158
1618476787494,-3.788486
1618476787588,-5.403162
1618476787682,-8.470081
1618476787776,-5.701784
1618476787870,-4.098605
1618476787961,-5.085219
1618476788055,-3.990367
1618476788149,0.157903
1618476788243,-1.178238
1618476788337,-1.031341
1618476788431,-0.354271
1618476788525,1.745971
1618476788619,-1.091649
1618476788713,1.396310
1618476788807,1.444435
1618476788901,-0.475931
1618476788995,0.612367
1618476789089,1.055632
1618476789180,0.637406
1618476789274,-0.558831
1618476789368,1.425317
1618476789462,-1.725177
1618476789556,-0.689819
1618476789650,2.156415
1618476789744,-0.679632
1618476789838,-0.634078
1618476789932,1.441714
1618476790026,1.990518
1618476790120,-1.175606
1618476790214,2.008099
1618476790308,0.429654
1618476790398,-0.555971
1618476790492,0.378100
1618476790586,0.070555
1618476790680,-1.695545
1618476790774,-1.095701
1618476790868,-0.376590
1618476790962,-1.826546
1618476791056,-0.513406
1618476791150,1.170722
1618476791244,1.249712
1618476791338,-0.891715
1618476791432,0.886504
1618476791526,0.742977
1618476791617,-1.564603
1618476791711,1.141849
1618476791805,0.576402
1618476791899,-1.617293
1618476791993,-0.561989
1618476792087,1.712940
1618476792181,-1.746718
1618476792275,-0.115327
1618476792369,1.650973
1618476792463,-0.839174
1618476792557,-1.449280
1618476792651,0.444975
1618476792745,-0.005526
1618476792835,0.181463
1618476792929,1.616203
1618476793023,0.733912
1618476793117,-0.515218
1618476793211,2.160222
1618476793305,0.573924
1618476793399,-2.401287
1618476793493,2.438842
1618476793587,1.174480
1618476793681,-2.488715
1618476793775,-0.214718
1618476793869,-0.914269
1618476793963,-1.588132
1618476794053,-0.202193
1618476794147,1.758349
1618476794241,-2.138425
1618476794335,-0.566678
1618476794429,1.592943
1618476794523,0.014556
1618476794617,-1.357570
1618476794711,0.398409
1618476794805,0.078928
1618476794899,-1.168678
1618476794993,1.849325
1618476795087,0.091384
1618476795181,-0.537469
1618476795272,0.111646
1618476795366,0.811500
1618476795460,-0.813364
1618476795554,-0.731051
1618476795648,-1.452165
1618476795742,-0.216895
1618476795836,1.095298
1618476795930,1.613727
1618476796024,-2.029414
1618476796118,-0.060299
1618476796212,2.569469
1618476796306,-0.136227
1618476796400,-1.640341
1618476796495,-0.072382
1618476796589,-0.306073
1618476796683,-1.476153
1618476796777,1.420053
1618476796871,1.855482
1618476796965,-1.259617
1618476797059,-0.541978
1618476797153,0.773320
1618476797247,nan
