1610679237656,203.662409245,240.870214622,354.436665389
1610679237750,184.873416884,223.698416479,389.248969766
1610679237844,141.209582054,187.737651843,460.787682124
1610679237938,115.334714336,178.183038107,480.811013764
1610679238032,144.443935627,200.440726765,428.209736257
1610679238126,122.803433191,182.651755867,487.045372487
1610679238220,199.045221214,229.167136442,373.225638231
1610679238314,163.850111453,217.229705233,402.717687404
1610679238408,117.334721378,175.417398479,485.045372533
1610679238502,185.873426126,218.229701236,389.483328553
1610679238596,187.490613732,225.315599960,367.608458930
1610679238690,112.100355301,181.651755453,486.428193117
1610679238784,167.084473947,198.440733212,425.592557126
1610679238873,198.810852443,233.784313426,361.905382658
1610679238970,121.186248718,181.886113372,459.170502755
1610679239067,111.100353797,175.417396387,487.045372461
1610679239164,207.279592675,230.784318804,355.436665423
1610679239261,136.358043229,194.823548443,435.295633071
1610679239358,122.803441867,180.886116625,481.811013847
1610679239455,196.045223005,230.932778153,362.139741467
1610679239552,160.615730218,211.760982499,408.803583997
1610679239649,111.717539142,171.948680377,496.514089933
1610679239746,189.724965158,222.081239530,389.014611139
1610679239843,179.404708369,222.698418580,374.459996927
1610679239940,115.717531401,176.417395974,484.811013735
1610679240037,171.935991937,208.526625257,417.123839538
1610679240132,198.193688892,231.167137797,358.905382788
1610679240226,137.358055263,187.503295790,471.873578995
1610679240320,149.912674329,185.737655649,452.467426767
1610679240414,198.045223515,232.401495696,350.436665337
1610679240508,127.272146345,192.972010351,447.615888560
1610679240602,126.654974464,180.651756623,477.959475735
1610679240696,201.045233645,231.401498085,359.522562199
1610679240790,147.678312984,199.440731162,419.889480920
1610679240884,118.951887212,178.800215935,481.428193067
1610679240978,197.810874893,224.315601297,378.311535111
1610679241072,168.701637701,212.378164379,387.397431817
1610679241166,113.100355691,168.948679411,492.514089899
1610679241260,183.256262498,214.378166877,411.037942883
1610679241349,169.318818710,208.909447346,427.209736367
1610679241444,115.334718206,180.034577086,482.811013796
1610679241539,152.381380554,197.589191075,441.381529897
1610679241634,204.279596479,229.167140346,357.671024165
1610679241729,126.654985278,191.737655952,455.318964844
1610679241824,139.592406333,185.503293989,468.256399577
1610679241919,205.896746977,234.635850964,360.288203284
1610679242014,142.443938339,199.823548049,427.209736279
1610679242109,121.420615443,179.034577195,488.279731223
1610679242204,199.045230065,230.549959174,372.842817659
1610679242299,167.084462947,217.229703531,395.483328633
1610679242394,112.100349682,173.183036706,490.279731138
1610679242489,197.193694872,222.081242429,388.397431884
1610679242585,177.021895838,223.932779204,376.459996993
1610679242679,114.717539855,179.417397968,486.428193160
1610679242773,168.701627361,202.675085807,432.678453691
1610679242867,200.045206324,234.401491643,354.436665196
1610679242961,123.420606356,183.651754408,472.256399524
1610679243055,148.061130695,190.737654336,460.170502855
1610679243149,203.279583051,238.635854602,356.436665344
1610679243243,136.358043599,196.206369174,431.061274363
1610679243337,129.272153912,181.034577289,489.811013803
1610679243431,198.810857805,232.401494046,367.991279481
1610679243525,159.998562591,211.143805909,402.186404738
1610679243619,202.662413359,237.253036236,356.671024134
1610679243713,187.959319843,222.081238581,385.780252394
1610679243802,180.639077630,221.081241711,379.694355725
1610679243900,110.100357985,171.565859308,492.514089918
1610679243998,171.553177090,209.526626623,419.741018941
1610679244096,195.193698130,234.401498687,362.139741575
1610679244194,117.569076968,175.800218387,471.873578951
1610679244292,147.529834676,190.972009878,451.467426611
1610679244390,199.045213346,230.784313943,355.436665254
1610679244488,133.358042758,191.737651553,445.615888557
1610679244586,128.123681542,186.503292251,472.725116939
1610679244684,206.131117969,231.401495148,358.671024029
1610679244782,191.810864010,238.635854220,360.905382753
1610679244880,108.334712407,178.800217008,492.514089883
1610679244978,142.529842683,191.972011766,448.467426677
1610679245073,155.701636695,219.229702209,388.248969876
1610679245164,126.358062938,192.737656312,448.998709367
1610679245255,135.021896893,215.526627185,409.420763471
1610679245346,192.279589762,311.784318117,363.756920889
1610679245437,-82.899649492,319.417395612,481.576655011
1610679245528,42.803437814,381.800218890,486.662551881
1610679245619,-20.189139854,343.401494598,353.436665299
1610679245710,29.935998822,483.464061725,388.014611192
1610679245801,161.209572280,85.120470183,460.404861400
1610679245892,232.256258521,-32.856192772,404.037942851
1610679245983,111.209586015,115.440728911,414.444095043
1610679246074,137.467279126,179.846881834,370.483328597
1610679246165,179.193683568,204.698419119,306.842817590
1610679246257,186.810860109,217.932777166,480.928714345
1610679246352,113.951891718,172.417396353,399.896910526
1610679246447,113.334716078,174.800217873,834.896910557
1610679246542,177.873418000,224.315596098,754.842817507
1610679246637,184.724968656,229.784316489,632.225638255
1610679246732,160.850101473,197.675088678,476.444095080
1610679246827,157.998549698,201.440726735,392.381529813
1610679246922,127.420625034,177.651758812,438.639220322
1610679247017,125.037789017,184.503293254,443.936144061
1610679247112,208.513952679,231.401498465,344.436665433
1610679247207,207.513948600,237.870214926,356.522562178
1610679247302,126.272158761,178.651757789,469.725117064
1610679247397,119.803422685,177.034574035,484.811013690
1610679247491,157.381384887,209.143806298,411.655122174
1610679247585,163.850096256,211.378163582,396.100507923
1610679247679,194.576503347,220.081239559,386.780252428
1610679247773,178.021884101,211.995341591,401.186404655
1610679247867,113.717535355,173.565858840,491.896910546
1610679247961,112.100350189,176.183036825,481.811013720
1610679248055,195.959335046,229.549959588,362.139741539
1610679248149,203.045219935,231.784315496,354.671024019
1610679248243,159.998552674,194.206368725,440.998709193
1610679248337,140.209590557,192.737653848,461.787682194
1610679248431,127.272155036,188.503294977,455.936144121
1610679248525,139.209591149,192.589192055,438.529991864
1610679248619,212.513935120,234.401494324,361.522562068
1610679248711,206.279594981,223.932781281,368.374100287
1610679248806,121.803429051,173.565858113,488.045372453
1610679248901,112.100367124,172.565861463,491.131269348
1610679248996,168.084459100,212.995343912,392.866149246
1610679249091,176.170361597,218.846883328,380.928714447
1610679249186,188.107784827,215.229701233,402.952045976
1610679249281,169.318814802,205.526625780,416.123839556
1610679249376,105.866011273,176.800220849,484.811013882
1610679249471,121.186258330,181.651756927,473.725117034
1610679249566,200.193684752,230.401495532,356.671024043
1610679249661,203.045205634,232.401491480,350.436665190
1610679249756,141.209586478,188.737652886,459.170502805
1610679249851,131.740863110,188.268934061,478.342296313
1610679249947,141.592417934,194.589193502,435.912812558
1610679250041,148.678304419,198.675087854,418.741018917
1610679250135,207.513940738,229.167136938,376.608458892
1610679250229,195.193700745,226.315602525,376.694355798
1610679250323,112.100357131,170.948679751,490.514089911
1610679250417,110.100362113,170.948680926,498.365628019
1610679250511,180.021889524,224.081239648,377.928714364
1610679250605,185.873424812,226.315597704,374.842817563
1610679250699,168.935992984,202.292266792,417.123839547
1610679250793,163.467271254,206.292265776,439.147171135
1610679250887,116.951889574,181.651754559,477.342296308
1610679250981,123.420611115,183.886114241,460.170502785
1610679251075,201.045235224,234.018677813,353.819486077
1610679251164,202.045223614,231.401495720,360.288203405
1610679251258,136.358047829,183.886114682,474.725117001
1610679251352,121.803436269,177.417397882,482.811013801
1610679251446,150.295488950,198.823551007,419.358198315
1610679251540,158.998562137,206.143805802,404.569225379
1610679251634,195.193690109,225.932779373,383.311535066
1610679251728,181.639058153,214.995340341,409.037942678
1610679251822,118.334719744,175.417398093,493.982807365
1610679251916,113.717543969,175.800219582,488.662551905
1610679252010,187.490604591,227.549956515,372.842817566
1610679252104,197.810860748,231.401494740,362.522562082
1610679252198,163.232918061,206.292267078,434.295633114
1610679252292,150.529834956,195.206368655,453.084605969
1610679252381,125.037786866,183.268934036,459.404861467
1610679252475,129.654986008,192.354835479,448.850247428
1610679252569,202.045206475,232.401491678,357.671023909
1610679252663,202.662393218,233.401493420,361.522562036
1610679252757,122.420602870,181.034574230,483.193834341
1610679252851,117.569076474,176.800218271,483.428193148
1610679252945,157.381382183,211.760985016,406.186404729
1610679253039,166.701643883,219.229703903,395.866149290
1610679253133,189.107791826,222.081240951,403.483328611
1610679253227,183.256256653,217.229703566,406.803584124
1610679253321,109.866006097,171.183040273,488.279731262
1610679253415,107.865992616,180.034575161,486.428193085
1610679253509,197.810865356,230.167137115,361.522562120
1610679253599,201.045230760,235.635856116,356.288203464
1610679253693,159.381389925,193.206372641,446.615888685
1610679253787,141.209586478,188.737652886,459.170502805
1610679253881,131.506506170,190.737651902,453.701785348
1610679253975,134.740875007,198.206371712,436.912812518
1610679254069,204.279580165,230.401495210,362.522562099
1610679254163,195.810877765,229.549960686,368.608459000
1610679254257,120.186246563,169.948678019,485.045372428
1610679254351,118.569089155,175.800221261,491.896910675
1610679254445,168.701646112,211.995345718,390.866149309
1610679254539,183.873444937,227.932781806,367.991279661
1610679254633,179.404705946,211.995341874,404.569225309
1610679254727,176.787522504,209.143802844,422.592556899
1610679254820,114.717556051,175.800222431,481.811013937
1610679254914,115.334708487,181.651754150,473.725116938
1610679255008,192.959324141,235.401495084,361.905382738
1610679255102,201.045232452,235.635856515,350.819486055
