1610679688089,-68.856434782,71.876277471,630.355997764
1610679688180,265.016889171,242.323334942,374.690612595
1610679688274,299.110479469,305.468894133,250.368317006
1610679688368,-68.856423277,84.907470864,606.293618122
1610679688462,166.757010606,203.208983137,458.908942888
1610679688556,358.255996210,333.541659739,216.274746479
1610679688650,-20.731635996,105.959462368,547.137668994
1610679688744,83.538688355,142.053035655,528.096082644
1610679688838,388.328818472,341.572863426,224.295540679
1610679688932,51.455470877,161.105005558,465.929735442
1610679689026,0.330736313,102.949063450,596.272825229
1610679689120,175.788182280,198.198581003,443.867355945
1610679689214,142.694623585,210.240170923,382.711406490
1610679689308,-48.804446974,71.865882203,622.335204565
1610679689402,319.152056063,269.385717970,310.524266483
1610679689495,229.923345762,273.396119392,304.503473509
1610679689588,-76.877228138,72.876277451,630.355997762
1610679689681,255.985713334,235.302545890,377.701009521
1610679689774,309.141718409,313.489702154,247.357921336
1610679689867,-65.845998754,93.928272535,596.272825386
1610679689960,175.777776300,193.177784907,469.940132275
1610679690053,369.276775825,346.583242208,208.253952917
1610679690146,-13.710872325,123.001040045,532.106478470
1610679690239,349.235212442,300.468886086,288.461886279
1610679690332,381.318424568,343.572864250,218.285144088
1610679690425,52.465853996,165.115398137,445.877751948
1610679690518,-10.700467733,85.917869273,608.304014884
1610679690615,361.256019914,321.520873575,259.399506691
1610679690709,152.725802165,222.271357445,372.690612974
1610679690803,-65.846036753,74.876277886,636.376791081
1610679690897,317.141687085,285.427312868,307.524267033
1610679690991,240.954517231,270.385717196,283.461886562
1610679691085,-78.877181686,78.886688060,631.355998686
1610679691179,239.944141625,228.281757070,380.711406461
1610679691273,320.162517041,321.510497050,239.337128152
1610679691367,373.287232018,340.572863464,200.243557456
1610679691461,149.715386138,183.156988523,486.981718650
1610679691555,365.276831042,331.552068872,214.264350660
1610679691649,-0.679615998,123.011456648,513.054496565
1610679691743,56.465920604,130.021848354,547.137669399
1610679691836,385.318455042,328.541683476,220.295541339
1610679691930,57.476277303,176.146596087,446.877752478
1610679692024,-15.721253765,97.938664745,603.283221738
1610679692118,362.266477382,315.510495213,260.399507901
1610679692212,153.725807593,225.271359076,351.638629857
1610679692306,-60.835617093,72.876284805,616.324808314
1610679692400,304.110466674,273.396113771,318.555456363
1610679692494,178.788141971,246.323328626,340.597042372
1610679692588,-77.877181853,74.876291364,620.324808748
1610679692682,227.923393601,240.312960613,400.763390587
1610679692776,306.131301279,312.489695996,234.326730993
1610679692870,-53.814783949,95.928280011,603.272825881
1610679692964,149.715359501,172.125790580,485.981718120
1610679693055,369.276790260,331.541659968,207.243556559
1610679693149,-1.679671098,134.032233374,517.054495469
1610679693243,52.465921089,132.021848500,556.168859343
1610679693337,381.308038699,326.531280909,208.264351013
1610679693431,72.507510417,179.146609067,448.888149982
1610679693525,-18.721277142,89.917864428,598.272824628
1610679693619,-12.710846745,130.021841024,525.085685688
1610679693713,149.715433425,232.292159123,359.659423594
1610679693807,-70.856381253,56.845103627,639.376792118
1610679693901,317.152078761,277.406518084,324.565853515
1610679693995,254.985729869,275.406517311,288.472283658
1610679694089,-78.877186954,71.876289831,626.355998581
1610679694183,231.933721033,222.260956581,396.742595920
1610679694274,309.141716987,309.489701727,232.326731372
1610679694368,-59.825241626,96.938658309,587.241634732
1610679694462,154.725784995,183.156989188,474.950528759
1610679694556,351.235282557,330.541683679,205.264351418
1610679694650,-10.700446317,131.021842162,519.064892474
1610679694744,-75.866766655,70.865900297,628.345602407
1610679694838,381.318397027,334.552062681,225.305936831
1610679694932,59.486672961,168.125802500,433.846562523
1610679695026,-9.700463711,89.917870482,599.283221674
1610679695120,344.224874743,318.510490386,247.357921001
1610679695214,147.715385343,218.250558089,358.659422638
1610679695308,-59.825191643,88.917880044,628.355998822
1610679695402,317.152084574,282.416916476,308.524267050
1610679695492,230.923314053,254.354523280,298.493076234
1610679695586,-73.866816610,56.834695344,623.335204768
1610679695680,257.996070342,234.292137329,373.690612087
1610679695774,299.110502135,309.489694236,237.347524167
1610679695868,36.424276141,112.980244374,582.231238053
1610679695962,167.767376141,187.177783850,469.940132205
1610679696056,365.276787621,329.541659174,216.274746442
1610679696150,-20.721236146,106.959463332,541.127272413
1610679696244,81.549090631,147.063433992,536.106479401
1610679696338,384.328782975,343.572852755,201.243556748
1610679696432,32.424348700,167.115422571,464.929736789
1610679696526,4.351538516,111.969859420,588.252032116
1610679696620,365.287203275,330.541664888,238.337126690
1610679696712,119.642661475,213.240177270,383.721803555
1610679696806,-56.804439391,79.886677773,623.335204715
1610679696900,322.183247675,300.458494990,305.513869872
1610679696994,239.964947521,246.323347440,388.732200002
1610679697088,-83.866805350,74.876285309,640.376791572
1610679697182,263.037730535,240.302556103,363.669820261
1610679697276,267.068915312,301.458504228,252.378714097
1610679697370,-84.846008749,98.928269530,601.283221833
1610679697464,167.819368889,211.208976648,438.867355879
1610679697558,328.245592499,341.541657615,227.305936274
1610679697652,-76.783628953,136.980252733,558.168858736
1610679697746,64.601024141,165.042625757,525.085685122
1610679697840,332.318471868,374.552085179,202.253955094
1610679697933,-49.638040302,208.063436601,490.992116478
1610679698027,-50.606867599,212.980258260,570.200049036
1610679698121,308.318371889,499.541658479,199.243556461
1610679698215,92.590651694,501.208979352,416.794579542
1610679698309,44.237145285,411.886677200,612.314411387
1610679698403,523.235251086,597.458501058,274.441093758
1610679698497,382.777802762,426.312949247,335.597043514
1610679698591,117.143575059,205.876280429,623.345601314
1610679698685,578.079304302,429.364932122,334.597043491
1610679698779,718.027360086,289.437720363,265.420301301
1610679698873,265.143611773,-78.154898470,620.335205399
1610679698967,288.892101545,91.250550044,414.804975136
1610679699061,279.183258736,440.489688250,224.316333836
1610679699149,115.164375137,229.928265694,569.210445064
1610679699243,405.975348565,373.416918567,275.441094028
1610679699337,477.266448384,331.541676431,212.285144228
1610679699431,114.278727801,-78.988564281,529.106478406
1610679699525,246.497067371,-96.978164623,557.189651765
1610679699619,631.308028690,-60.447928810,213.295540749
1610679699713,195.507464083,-354.874198152,437.877752415
1610679699807,-123.710844130,-315.071727995,600.304015286
1610679699901,285.287268991,83.520891353,248.389111222
1610679699995,10.684212127,-9.759833530,351.659422970
1610679700089,-224.845960695,-174.102905960,611.345602659
1610679700183,140.131274942,97.385721629,308.555456660
1610679700277,116.871385759,177.364936438,280.493077326
1610679700366,-23.606906260,97.084213089,479.012908657
1610679700461,225.985736779,203.302552937,361.721803277
1610679700556,278.100057678,270.458489929,218.368316506
1610679700651,-87.856371105,73.928279838,568.304015805
1610679700746,156.767402312,170.167395073,421.940132725
1610679700841,335.224851369,320.541673295,159.285144021
1610679700936,-42.752434132,114.001047492,474.137668898
1610679701031,85.569907909,142.073837848,441.106479878
1610679701126,382.328772223,325.541659588,94.274746469
1610679701221,23.403533235,144.073829325,347.002512864
1610679701316,10.372306508,97.949058525,485.262428258
1610679701411,366.287174475,329.541656231,222.368316052
1610679701506,-76.866820532,84.907470681,612.314411400
1610679701597,-44.783662095,75.886672965,548.335204397
1610679701690,339.214453281,293.458499701,139.461886958
1610679701783,172.788201173,241.312949778,192.597043549
1610679701876,-72.856426885,73.876279845,547.376791211
1610679701969,285.068918986,261.364935527,264.617837006
1610679702062,254.996082729,280.416900794,82.430696207
1610679702155,-71.856400977,61.845097697,715.335205146
1610679702248,219.902556343,226.271360815,581.784183003
1610679702341,312.141685872,320.520882308,409.337127398
1610679702434,-64.835584661,88.917881135,574.262429088
1610679702527,136.684257834,175.136213760,390.992116521
1610679702620,38.424264107,117.990637402,452.179254588
1610679702713,-18.710833219,139.042638381,425.075289312
1610679702812,48.455507694,130.032240110,316.137669075
1610679702906,368.287224126,332.541671156,72.295540524
1610679703000,55.476261959,178.146591474,362.908942108
1610679703094,-2.679648764,93.928273638,462.293618749
1610679703188,367.276822321,321.520876315,21.368316937
1610679703282,136.684232988,209.229776096,157.711406610
1610679703376,-53.814787455,71.876295731,484.366395617
1610679703470,326.183268105,286.427311196,223.503473633
1610679703564,203.850545565,256.354525693,272.545059618
1610679703658,-83.887633642,65.865878143,598.355997586
1610679703752,314.141661614,284.416908566,304.565853107
1610679703846,288.068862585,301.468885023,234.368316404
1610679703940,-67.846034534,77.886675199,611.345601190
1610679704032,188.808972392,200.208976693,427.867355882
1610679704126,340.214437972,318.510478324,209.295540333
1610679704220,-43.783585068,103.959472635,549.179256253
1610679704314,119.642630083,161.105011448,503.054495572
1610679704408,384.318398506,340.572856415,208.285143570
1610679704502,4.330726957,140.053027088,503.044098852
1610679704596,32.413924556,121.001051209,570.220842304
1610679704690,384.318429273,322.520882439,221.316334117
1610679704784,88.549085158,192.177795443,441.877753101
1610679704878,377.297603404,334.552062581,204.264350244
1610679704972,358.256012037,302.468887981,255.389109889
1610679705066,154.725827668,226.271365111,352.649026901
1610679705160,-67.846035001,79.886675058,641.397584406
1610679705251,303.110504439,264.375331834,313.545060469
1610679705345,251.975312288,280.416907662,292.493076532
1610679705439,-82.887586513,60.845099020,611.314411943
1610679705533,235.944129578,242.312943384,376.711406222
1610679705627,314.141692157,307.479297617,232.337127523
1610679705721,-65.846021385,91.928265732,595.272824936
1610679705815,166.757025794,196.188194413,461.929736480
1610679705909,336.204070183,330.541676933,213.285144262
1610679706003,188.819377236,248.333738898,320.565853338
1610679706097,95.569856445,140.053029088,524.096082210
1610679706191,381.318417358,330.541672147,209.274747300
1610679706285,26.393115682,144.063426395,490.002512448
1610679706379,17.372323411,104.969856896,594.272825240
1610679706470,385.318433999,324.520883860,209.274747631
1610679706564,107.601020198,204.208970893,408.794578983
1610679706658,-33.762834493,79.897079924,620.335205080
1610679706752,342.214497990,295.458513141,284.461887847
1610679706846,186.809000299,250.333744822,336.597043665
1610679706940,-69.856371476,73.876296501,630.366395668
1610679707034,299.100086698,273.396118782,343.617836564
1610679707128,-24.742004066,121.001057538,541.127272917
1610679707222,-71.866811961,70.876283322,631.355998151
1610679707316,223.902565419,224.271363544,415.804976473
1610679707410,322.162453275,320.520874526,223.305936949
1610679707504,-66.846037272,98.938657601,596.272824620
1610679707598,147.715405847,182.156994448,487.992115687
1610679707689,357.245636395,329.541670810,206.264350566
1610679707783,-14.710847889,124.001047390,521.075289021
1610679707877,77.528261182,130.021836543,548.148065262
1610679707971,374.308008809,341.552065214,213.274747063
1610679708065,47.455477788,168.125800925,451.898545644
1610679708159,9.351564340,93.928280602,606.304015855
1610679708253,-65.846050691,87.907463632,635.376790804
1610679708347,122.642619033,213.240164512,378.711406066
1610679708441,-49.804404653,76.886688215,628.355998696
1610679708535,330.183266991,298.458500796,282.461887030
1610679708629,206.861008787,251.333752416,328.576250878
1610679708723,-67.856408859,83.897078553,635.376791569
1610679708817,269.016912974,248.333738742,362.669819778
1610679708914,285.058519848,288.427314648,265.420300701
1610679709008,-85.897992620,79.886682756,603.293618465
1610679709102,204.850614246,215.240183244,429.846563691
1610679709196,338.204029405,331.541664675,211.274746806
1610679709290,-41.783602006,112.980260833,573.210445852
1610679709384,192.819372962,202.208977872,439.867355960
1610679709478,368.287225875,325.520878392,208.264350624
1610679709572,8.351566201,140.053040902,505.033703121
1610679709666,42.434702327,124.001046544,563.189652060
1610679709760,383.318398823,334.552063221,207.264350286
1610679709854,72.507450416,179.156987675,420.825768918
1610679709948,-19.721279428,91.928260386,612.314411163
1610679710042,351.235270195,323.520886672,252.389110912
1610679710141,160.736179036,222.260954855,363.669819291
1610679710235,-44.794029555,75.876285093,631.366394913
1610679710329,315.141689728,290.437710307,309.534663731
1610679710423,228.923341687,265.375324877,294.493076783
1610679710517,370.287231970,312.489690289,242.357920551
1610679710611,245.964938108,232.292154675,385.721803170
1610679710705,306.120870306,294.448099097,234.337126956
1610679710799,-71.856377693,89.917881212,604.293619029
1610679710893,192.819383041,188.177790967,455.908942740
1610679710987,344.224822448,332.541664601,220.305936736
1610679711081,-42.783636665,118.990647060,558.168858582
1610679711175,96.590639248,151.084215870,523.085685356
1610679711269,371.287248114,332.552075012,200.253954421
1610679711361,24.393081422,150.073812741,474.960925187
1610679711456,15.361873674,121.001030871,594.262427539
1610679711551,386.328788289,329.541664418,235.337126659
1610679711646,328.172871957,324.520881151,230.326730677
1610679711741,-32.752414366,78.886690338,616.324808902
1610679711836,352.235259195,308.479296785,268.430697274
