1610678727508,166.904405593,219.539668316,432.010396568
1610678727602,167.411998415,215.581876170,432.009352742
1610678727696,175.304228014,227.988105137,429.023963184
1610678727790,157.805453470,198.841094325,426.991108222
1610678727884,160.568257438,203.215085724,431.996964931
1610678727978,167.940638301,214.665023137,430.008353533
1610678728072,153.506454532,192.479015948,427.981995021
1610678728166,115.047634545,114.726788253,431.898348535
1610678728260,159.837128947,198.902706999,429.991175369
1610678728351,177.236819307,234.692353636,432.030179815
1610678728446,158.683802686,200.549590906,430.992970184
1610678728541,127.632445270,139.150905505,433.927146195
1610678728636,148.520671269,177.835935894,430.969306103
1610678728731,144.097039696,171.231431810,429.959928700
1610678728826,149.356085081,179.515795642,428.968957206
1610678728921,182.267946866,245.478511663,429.040845014
1610678729016,135.009999208,148.665782957,427.936425920
1610678729111,158.866554710,200.905065929,428.993357589
1610678729206,178.972267068,237.177767196,432.029619006
1610678729301,180.500472314,242.985679856,430.039218088
1610678729396,147.801788725,171.657132585,431.959302815
1610678729491,127.352799887,142.606961057,428.926553391
1610678729580,130.331551778,145.400997560,429.932867876
1610678729675,175.793795127,235.830617457,431.029240674
1610678729770,164.911701823,210.718493701,429.004052507
1610678729865,130.525816961,148.723989308,430.935399530
1610678729960,159.221812675,204.596086092,430.994110680
1610678730055,155.824444672,189.152423412,427.980549267
1610678730150,157.561322335,198.366229429,429.990590702
1610678730245,171.458547777,227.343153714,432.022170475
1610678730340,182.884345191,250.622603968,428.044271524
1610678730435,149.361615499,185.416797429,430.973208615
1610678730530,177.240087979,231.808467154,428.025947059
1610678730625,172.784898833,235.813313077,428.029221815
1610678730720,172.411243280,228.251140684,431.022070196
1610678730812,163.094236280,200.347934409,428.993840238
1610678730906,172.677413960,227.823752966,430.020514594
1610678731000,159.957228853,201.081438219,428.993549804
1610678731094,141.456071111,161.204180674,431.950090578
1610678731188,123.254609551,130.635479956,429.917865873
1610678731282,163.137555808,210.212685083,429.002411439
1610678731376,172.537270087,227.496278229,429.022337353
1610678731470,182.603485733,239.295809097,427.035196776
1610678731564,136.717228032,158.821918357,429.946404504
1610678731658,147.541481346,177.931291813,431.967230374
1610678731752,167.340856722,216.443496882,429.009201933
1610678731846,161.942609078,203.998123193,429.995638655
1610678731940,181.168024692,246.284150821,432.040633194
1610678732033,172.444128346,222.424861710,429.017900223
1610678732127,171.887605813,226.232601809,431.020960168
1610678732221,150.275941036,187.085516801,430.979386526
1610678732315,163.350652795,211.627184768,427.002863171
1610678732409,186.084062456,253.846445130,435.051054420
1610678732503,170.017932403,226.486102957,429.021236439
1610678732597,160.670435896,207.358957537,431.999301376
1610678732691,156.167991887,190.820664736,428.981277533
1610678732785,199.502726794,279.002265128,431.077380033
1610678732879,160.141100435,201.439090920,428.993939583
1610678732973,191.596943914,262.624551149,427.060621018
1610678733067,161.120777656,202.344682855,426.996016345
1610678733161,161.994651009,206.989595558,428.999988661
1610678733249,152.964859313,189.425547052,426.980846924
1610678733344,161.031983098,205.171966586,426.995828114
1610678733439,148.468680177,185.679929090,424.971315733
1610678733534,168.186323509,219.033155343,422.013114032
1610678733629,181.113141751,244.177396794,425.040516851
1610678733724,167.686249617,221.005572727,449.014173796
1610678733819,167.359486903,220.424857085,460.011361268
1610678733914,189.385955327,263.214152560,485.060173756
1610678734009,165.539188556,216.829276539,395.009622365
1610678734104,164.554028082,211.967896783,279.005414137
1610678734199,176.433873344,235.075647821,509.030597539
1610678734294,152.212506946,187.962129742,536.979252056
1610678734389,165.205112201,213.234334974,176.006794333
1610678734482,155.339795789,197.935333220,386.990121101
1610678734578,169.711027857,228.779380551,398.024825535
1610678734674,150.390092729,192.252678020,307.981748352
1610678734770,148.348990258,195.008095362,263.988020749
1610678734866,156.985850710,208.862722350,330.004209691
1610678734962,140.504852159,182.475899137,370.981991624
1610678735058,112.713186343,125.362834537,396.925197511
1610678735154,131.438649942,177.072738854,409.992450499
1610678735250,108.643834957,250.703559925,415.022563254
1610678735346,-52.614955562,164.627002908,424.966898753
1610678735442,-329.213538599,-344.549514295,422.927472685
1610678735538,451.703985472,-315.466028886,424.995132811
1610678735634,427.169382990,168.262392808,425.964321742
1610678735736,222.117485798,182.228524237,426.000249051
1610678735829,437.363890368,-90.688533224,425.977453122
1610678735922,401.742632994,353.170123061,429.012173478
1610678736015,345.237410572,484.022770372,430.017462013
1610678736108,123.043503888,343.413887034,426.987373166
1610678736201,148.491288460,284.858060585,430.043438305
1610678736294,166.786916156,255.487970363,428.041945147
1610678736387,155.938678711,214.716089270,429.006229536
1610678736480,169.085253932,225.671929336,432.019259308
1610678736573,158.200544587,206.499839286,429.996185438
1610678736666,147.155124792,187.960269990,428.974890730
1610678736759,176.299387662,242.594545629,429.038791821
1610678736852,154.675164003,192.752298713,428.984472501
1610678736939,176.725988166,232.643846853,430.031216776
1610678737032,169.272146004,216.254968362,429.011176119
1610678737125,140.312921847,164.815982309,429.954026809
1610678737218,184.025460534,249.842212782,435.046690508
1610678737311,158.039041414,199.295451426,428.991603391
1610678737404,148.712864071,183.154896609,426.971833364
1610678737497,156.301688149,188.080720306,429.981560948
1610678737590,184.575968507,248.913018074,429.047857499
1610678737683,160.032172524,196.336968371,427.989468988
1610678737776,160.139879810,201.436716654,430.993936996
1610678737869,154.903710331,195.141971481,430.987076826
1610678737962,192.591615649,265.614187023,429.060609723
1610678738055,146.283828687,175.430125900,428.966684191
1610678738154,160.680199952,195.652338699,428.988722862
1610678738248,150.519106464,184.668258831,427.975662313
1610678738342,161.529484851,207.084790527,428.999002582
1610678738436,176.090873442,234.463348865,431.027750591
1610678738530,172.360180504,236.987184017,429.028321479
1610678738624,152.132259797,191.696283678,427.983321630
1610678738718,148.152349731,183.009749933,432.972765004
1610678738812,173.802904522,229.958091895,433.025020299
1610678738906,151.802380040,184.274138334,429.974142966
1610678739000,181.794065419,241.611632105,432.037720617
1610678739094,153.132824023,185.862014493,428.976963298
1610678739188,163.962752475,214.708037908,429.008400411
1610678739282,168.379548390,220.463879129,428.011403796
1610678739382,152.217670475,183.027051213,427.977143159
1610678739476,184.837565149,249.421855516,430.048412042
1610678739570,180.409308020,241.808354161,432.039024834
1610678739664,200.482062791,276.016948892,429.075216386
1610678739758,174.083786881,224.669075742,429.019256198
1610678739852,152.223201442,184.092687395,424.975035041
1610678739946,139.255811789,164.759774042,428.951785902
1610678740040,149.762093375,194.031142519,432.980417092
1610678740134,155.304264994,192.030854810,432.983686253
1610678740228,153.418845074,190.308604845,430.981809303
1610678740322,162.384086120,202.856849999,429.996574517
1610678740416,169.756768865,221.087863507,435.016443129
1610678740510,182.018476469,240.103016802,432.036076491
1610678740600,175.653266452,234.557272007,430.028942775
1610678740694,169.450764817,223.492648233,428.015794448
1610678740788,162.467394503,202.018894987,428.996751118
1610678740882,172.940936593,228.281458919,429.023193063
1610678740976,157.391623717,197.091022651,429.988111125
1610678741070,191.310647382,263.067669403,428.060014115
1610678741164,161.931538150,206.921711111,427.997735029
1610678741258,159.049216036,207.095731205,431.000104330
1610678741352,146.221466200,172.418578793,430.962312308
1610678741446,169.845511691,222.260479150,429.016631249
1610678741540,175.965614735,230.274583147,430.025365219
1610678741634,170.624579118,222.775860515,430.018282750
1610678741728,168.582095248,217.857857524,430.011833163
1610678741820,173.646011203,227.652915213,432.024687710
1610678741914,152.051706153,182.759108099,428.974671498
1610678742008,152.139919144,195.656304268,427.985457709
1610678742102,167.446460973,211.758665609,430.005186112
1610678742196,169.162067071,220.931095830,437.015182455
1610678742290,190.431951910,259.358499312,430.058151419
1610678742384,179.778093665,235.800076193,432.029207389
1610678742478,149.587949546,178.966800366,427.969448722
1610678742572,167.685011214,214.167797209,430.007811644
1610678742666,166.291709744,215.347900003,431.009097749
1610678742760,162.549752433,206.124213451,430.999045546
1610678742854,144.824780850,167.756732854,431.957231712
1610678742948,176.076189786,236.379909584,428.029839306
1610678743039,181.823963931,245.614910588,429.039903840
1610678743133,181.147228687,239.353455602,428.036349425
1610678743227,131.165223818,144.132347124,430.930395444
1610678743321,176.092129782,233.410914824,430.029873096
1610678743415,153.198504122,190.880014762,429.981342215
1610678743509,139.013520817,163.288488486,431.951272283
1610678743603,169.461820506,221.514152898,432.015817885
1610678743697,167.980580700,217.687838209,434.010558047
1610678743791,143.127975630,170.291605984,431.959994280
1610678743885,181.002592248,244.962364497,430.040282504
1610678743979,149.959046123,178.743506342,427.968115546
1610678744073,164.663756998,206.345966264,428.999287218
1610678744167,146.686216298,175.267696761,427.965417347
1610678744255,155.903678112,196.141908811,430.987076757
1610678744349,162.238428110,205.463771815,429.000505430
