1618476731217,-53.582250396,244.359033899,407.861103434
1618476731311,-59.579441406,218.704553838,452.501508223
1618476731405,88.670429745,318.651113924,302.585921062
1618476731499,-25.267673281,265.347782780,372.212257369
1618476731593,31.035647066,272.676429172,377.877985537
1618476731687,73.344594590,305.325276409,322.574666870
1618476731780,15.378358932,282.670799698,340.231954504
1618476731874,-98.891184079,207.047291570,469.158790702
1618476731968,49.692931246,284.336526080,354.223513198
1618476732062,44.692934148,304.325274574,315.577481113
1618476732156,-106.888386604,210.044454275,463.161608863
1618476732250,19.041281228,265.347794715,381.875169987
1618476732344,66.681672497,310.653909499,296.254467002
1618476732438,-87.231097849,220.373100300,447.504321431
1618476732532,-13.273298694,248.356227930,413.189745475
1618476732626,83.670417548,322.316825264,293.591552036
1618476732720,91.001874611,316.985367400,297.588738213
1618476732814,-52.585054527,232.698946934,437.175674844
1618476732908,87.004691987,318.651101031,297.923008618
1618476732998,-39.924960957,256.019138291,388.203815825
1618476733092,-76.571002821,219.707363276,459.164423824
1618476733186,84.004706506,310.988206902,317.577477923
1618476733280,1.052540830,278.007901238,354.889238505
1618476733374,-97.894002684,213.044470978,476.490249311
1618476733468,56.353033698,291.665171803,335.900497124
1618476733562,26.369910016,296.996619044,328.237584182
1618476733656,-100.225469699,214.044457287,463.161608316
1618476733750,31.701370518,282.670793891,374.549343409
1618476733844,38.698542957,296.996604039,319.574672122
1618476733938,-96.894001232,216.041659135,452.501504571
1618476734032,-3.944663172,257.019131386,405.861104051
1618476734126,74.007495913,322.651086824,293.591553807
1618476734214,-79.902455316,232.698928520,430.847034707
1618476734308,-39.259231366,237.696123896,430.847033019
1618476734402,85.670427027,321.316838754,293.923006977
1618476734496,-50.919339760,250.690485385,397.532461023
1618476734590,-65.245164831,226.036018734,451.501506859
1618476734684,81.338960054,314.319639030,303.251652941
1618476734778,-19.270494945,265.347771745,367.549344587
1618476734872,-88.565357990,215.710201395,469.158791605
1618476734966,-52.585062096,251.021951831,404.195374165
1618476735060,15.709816830,284.336529112,332.569039585
1618476735154,-100.891192738,212.044465338,468.493064246
1618476735248,43.027201362,282.670795694,355.889242202
1618476735342,43.027200404,305.325267393,314.911753721
1618476735437,-100.891197805,215.375915522,459.164422072
1618476735531,10.712632958,269.347787905,389.203814710
1618476735625,69.344582861,318.322445809,299.254468146
1618476735719,-84.899621731,230.036041732,443.172859192
1618476735813,-19.270491294,251.024761273,414.189747159
1618476735907,86.670420507,319.316829475,296.257279967
1618476736001,-60.579436349,242.693305399,412.189746883
1618476736095,-103.556927520,212.044456680,465.827337123
1618476736189,83.004679371,319.651083077,303.585926671
1618476736283,-31.596334034,262.682029511,384.206634019
1618476736377,-78.570993886,216.041647294,459.164421512
1618476736471,79.673241759,309.322467742,314.246022432
1618476736565,-3.613194235,276.007892176,347.560596668
1618476736654,-96.559740539,206.381543158,471.158794287
1618476736748,59.018759208,292.999438571,339.231955342
1618476736842,34.367102476,297.996628106,329.571853837
1618476736936,-94.559747698,215.044447759,463.161610048
1618476737030,29.035630353,272.676405389,373.546532468
1618476737124,55.018745053,314.322434096,303.251656367
1618476737218,-56.916516557,230.367482942,443.838590832
1618476737312,-6.944658363,257.019138230,398.198188018
1618476737406,78.673235552,324.648288486,291.591550976
1618476737500,-79.236723528,234.033204222,421.849847817
1618476737594,-35.262036511,236.364678974,429.847030751
1618476737688,82.670427684,319.651110991,290.925820716
1618476737782,-46.587869834,250.356231915,397.532457780
1618476737873,-69.242354664,222.373098622,453.167236524
1618476737967,88.670412944,314.319632622,302.585925409
1618476738061,-19.270492725,266.347774903,365.217886619
1618476738155,-88.231096966,216.044458070,464.827336870
1618476738249,70.013131304,299.328081933,324.906125789
1618476738343,38.030017699,285.336527846,359.220698968
1618476738437,-99.891202820,209.378722295,469.158795551
1618476738531,48.692931341,287.002254912,355.889241871
1618476738625,41.692940508,304.659554927,313.248835982
1618476738719,-93.894008842,212.710190911,461.830150026
1618476738813,16.044073728,264.347764249,389.203819012
1618476738907,74.344581139,309.322443359,295.257282501
1618476739001,-81.899636149,226.704563821,439.841405529
1618476739092,-21.601938382,243.359047241,421.852659281
1618476739186,89.670415418,317.651093536,289.925823890
1618476739280,-63.576612226,239.696133843,413.524015543
1618476739374,-54.916515195,229.033213577,444.507133086
1618476739468,89.670409051,321.316813173,291.591554234
1618476739562,-30.262055490,258.684853724,384.540903448
1618476739656,-77.236728155,215.041639365,463.161609045
1618476739750,81.676051695,311.988190786,312.580294762
1618476739844,4.718252399,280.670791652,355.889242937
1618476739938,-92.559726393,210.044478076,472.490248021
1618476740032,69.684483712,292.330889998,344.229142519
1618476740126,36.701366689,300.662346715,325.906126974
1618476740220,-81.225464679,210.044464431,468.158793108
1618476740310,48.035655588,278.673627390,372.546525938
1618476740404,93.684498629,312.322469499,307.251649930
1618476740498,-49.894014625,231.373097471,451.167236734
1618476740592,103.035642617,325.999438508,329.237583172
1618476740686,166.007495010,413.651085540,295.257282738
1618476740780,-19.905263832,417.033207497,425.849847221
1618476740874,-11.927779289,468.030387633,431.181305698
1618476740968,57.670409661,534.651085344,298.257282774
1618476741062,-160.585063632,316.021949645,402.863917169
1618476741156,-156.576622701,177.036018057,453.501506982
1618476741250,54.338965262,283.985375139,308.917380290
1618476741344,32.398063721,230.013523296,374.549340432
1618476741438,0.103188659,355.375935845,472.161604467
1618476741530,14.344586791,343.659536614,350.571854979
1618476741625,-18.621638354,301.336532258,369.231953802
1618476741720,-92.576627073,253.030384017,474.189748082
1618476741815,29.358659400,292.333711399,432.223513339
1618476741910,41.355853553,305.659552447,363.243208615
1618476742005,-111.222647311,214.375926747,379.498691334
1618476742100,10.375554490,269.679254895,371.538084268
1618476742195,69.013119341,315.985351880,298.585927126
1618476742290,-86.899646888,224.373091145,469.175679611
1618476742385,-25.601940599,244.359044087,388.189745066
1618476742480,83.670424068,317.651105845,258.925821652
1618476742575,-68.579437576,246.361846258,370.186933292
1618476742670,-50.253608307,231.033202335,416.838592524
1618476742769,86.670427894,317.651111290,286.588735450
1618476742862,-93.562547800,214.710196103,462.493063870
1618476742955,-75.239539072,222.373101016,456.495879574
1618476743048,80.673229149,308.656721101,309.246025694
1618476743141,-5.613199647,274.676427081,354.223512856
1618476743234,-93.562557185,218.375911445,467.493066298
1618476743327,58.687309426,295.330906797,338.231953373
1618476743420,22.038457766,296.665168969,327.237582851
1618476743513,-100.225452739,212.044481421,463.827332624
1618476743606,38.364275734,279.342136784,365.549345886
1618476743699,53.687299881,308.990994094,306.583110599
1618476743792,-95.228289806,218.375905861,449.501509040
1618476743885,6.049718210,261.350601872,395.201000791
1618476743981,-43.590697305,241.696111736,435.844221321
1618476744075,-78.570995169,235.033203742,435.844220086
1618476744169,-20.267663326,242.361866491,429.181301795
1618476744263,87.670416079,316.319637083,297.923009810
1618476744357,-55.250786867,246.693313933,404.529644452
1618476744451,-60.247984051,228.036011176,452.835779537
1618476744545,85.336148857,314.322456799,302.920194845
1618476744639,-23.601941443,261.016329856,374.212256556
1618476744733,-83.899633247,211.044467071,462.161606537
1618476744827,74.676041031,302.993803429,322.906127098
1618476744921,9.712624963,278.673606104,345.229141959
1618476745015,-97.228287401,204.381537102,459.495880600
1618476745109,71.344588064,303.662352334,332.571854650
1618476745207,38.030002661,303.662336024,319.243214130
1618476745301,-91.562553358,212.044459497,463.161607914
1618476745395,24.038457309,270.679237864,379.543715183
1618476745489,68.347403963,310.322456046,302.585923679
1618476745583,-88.231087053,224.373115663,445.172861244
1618476745677,-7.944654335,249.024771779,406.861101764
1618476745771,84.670417924,312.988182314,296.591551939
1618476745865,-70.242344885,234.033213417,420.852660054
1618476745959,-38.924957242,232.698941819,433.844218380
1618476746053,85.667605432,318.651099119,295.923008966
1618476746147,-45.256415733,253.687684622,391.869543844
1618476746241,81.338963068,314.319643320,292.925822585
1618476746335,84.004690530,311.322455471,308.248838572
1618476746428,-6.944649390,267.347794482,361.886425665
1618476746522,-88.899630710,212.047284590,467.493063274
1618476746616,70.344587765,298.662351910,331.903312121
1618476746710,21.372732535,285.336530417,330.237581954
1618476746804,-100.225470121,205.381541898,463.161608425
1618476746898,38.695743081,280.339337038,363.552157220
1618476746992,53.021566172,305.659529567,310.914569290
1618476747086,-94.228284490,211.044456032,453.832965059
1618476747180,19.375549594,263.682061838,386.203814232
1618476747274,75.676042423,316.985363683,297.588738888
1618476747368,4.715438662,278.007877109,345.560599407
1618476747462,-23.601953297,246.027568624,419.852663140
1618476747556,97.330516048,317.985364485,290.925823954
1618476747646,-56.250801748,240.361835362,406.526834394
1618476747740,-53.916527226,227.036010367,441.507136198
1618476747834,92.667608594,317.651103618,297.254465542
1618476747928,-36.927786796,263.350578708,380.209446729
1618476748022,-84.236729353,216.710180267,454.498694567
1618476748116,78.007515349,312.322470997,325.243207931
1618476748210,3.383978930,280.005059873,350.892057407
1618476748304,-96.894007553,212.044464049,467.493064480
1618476748398,63.015933187,290.999421335,345.229144568
1618476748492,-81.902447170,230.701754021,429.847032600
1618476748586,-100.225467007,212.044461118,464.161607619
1618476748680,31.701374940,274.010699304,372.546528356
1618476748774,63.015949665,311.322460451,304.251651575
1618476748873,-93.894006377,219.707380511,448.170048508
1618476748968,-1.947469210,259.684871283,404.195373317
1618476749063,78.007499238,257.353401069,294.257281644
1618476749158,-114.217022575,116.097929237,432.512761675
1618476749253,-59.913707897,73.123249255,358.886428642
1618476749348,45.358656319,94.446263371,162.330442674
1618476749443,-5.278923219,156.409696884,225.962401859
