1618478102046,0.044202
1618478102140,0.095785
1618478102234,-0.074948
1618478102328,0.085271
1618478102416,0.096332
1618478102511,0.085818
1618478102606,0.045631
1618478102701,0.068079
1618478102796,0.073337
1618478102891,0.037304
1618478102986,0.094691
1618478103081,0.009051
1618478103176,0.065010
1618478103271,0.099401
1618478103366,0.091075
1618478103461,-3.871380
1618478103556,0.060300
1618478103648,0.033141
1618478103742,-0.048336
1618478103836,0.058659
1618478103930,0.074978
1618478104024,0.083630
1618478104118,0.037304
1618478104212,0.005982
1618478104306,0.042014
1618478104400,0.062822
1618478104494,-4.630953
1618478104588,0.070267
1618478104682,0.032047
1618478104776,0.065557
1618478104868,-0.017014
1618478104962,0.076397
1618478105056,0.040920
1618478105150,0.059753
1618478105244,0.058112
1618478105338,0.099948
1618478105432,0.108822
1618478105526,-0.001242
1618478105620,0.040920
1618478105714,0.060300
1618478105808,0.091075
1618478105902,0.104659
1618478105996,0.105206
1618478106087,0.035663
1618478106181,0.090528
1618478106275,0.126013
1618478106369,0.085271
1618478106463,-4.872203
1618478106557,0.063369
1618478106651,0.063369
1618478106745,0.027893
1618478106839,0.074218
1618478106933,0.003469
1618478107027,0.040373
1618478107121,0.016497
1618478107215,0.112976
1618478107305,0.038398
1618478107400,-0.028400
1618478107495,0.006529
1618478107590,0.074431
1618478107685,0.015950
1618478107780,-0.047242
1618478107875,0.015950
1618478107970,-0.037274
1618478108065,0.043655
1618478108160,0.007076
1618478108255,-0.010662
1618478108350,0.072243
1618478108445,0.056692
1618478108540,0.033141
1618478108634,0.011239
1618478108728,0.002375
1618478108822,3.151892
1618478108916,0.060847
1618478109010,-0.012303
1618478109104,0.092169
1618478109198,0.070814
1618478109292,0.063035
1618478109386,0.066651
1618478109480,0.089099
1618478109574,0.075190
1618478109668,0.110888
1618478109760,0.115811
1618478109854,0.052173
1618478109948,0.145896
1618478110042,0.061472
1618478110136,0.073315
1618478110230,0.030940
1618478110324,0.096788
1618478110418,0.031531
1618478110512,0.126682
1618478110606,0.053501
1618478110700,0.055120
1618478110794,0.063213
1618478110888,0.158698
1618478110978,0.115130
1618478111072,0.125050
1618478111166,-0.002517
1618478111260,-0.012788
1618478111354,-0.036109
1618478111448,4.398529
1618478111542,-0.388187
1618478111636,-0.643597
1618478111730,-2.010018
1618478111824,-0.508155
1618478111918,-2.880111
1618478112012,-3.559450
1618478112106,-1.496216
1618478112196,1.133569
1618478112290,1.951725
1618478112384,1.637880
1618478112478,1.046462
1618478112572,-2.691273
1618478112666,-7.818821
1618478112760,-6.039137
1618478112854,-5.543815
1618478112948,-3.771892
1618478113042,-2.918903
1618478113136,-1.746332
1618478113230,-0.823543
1618478113324,-0.392256
1618478113414,-0.131164
1618478113508,-0.030837
1618478113602,0.041228
1618478113696,0.060069
1618478113790,0.044853
1618478113884,0.095016
1618478113978,0.097204
1618478114072,0.124363
1618478114166,-0.006499
1618478114260,0.072234
1618478114354,0.058112
1618478114448,0.053401
1618478114542,0.088887
1618478114634,0.076397
1618478114728,0.073337
1618478114822,0.048691
1618478114916,0.054495
1618478115010,-0.017014
1618478115104,0.004888
1618478115198,0.094144
1618478115292,0.061181
1618478115386,0.046178
1618478115480,-0.001798
1618478115574,0.089981
1618478115668,0.085271
1618478115762,0.031500
1618478115857,0.174527
1618478115951,0.028978
1618478116045,0.059206
1618478116139,0.000178
1618478116233,-0.050849
1618478116327,0.085271
1618478116421,-0.021724
1618478116515,0.028978
1618478116609,0.004888
1618478116703,0.057565
1618478116797,0.041467
1618478116891,0.085271
1618478116985,-0.011209
1618478117073,0.121303
1618478117167,0.098854
1618478117261,0.085818
1618478117355,0.068626
1618478117449,0.046725
1618478117543,0.059753
1618478117637,0.073337
1618478117731,-0.050849
1618478117825,0.087793
1618478117919,0.157335
1618478118013,0.005982
1618478118107,0.088340
1618478118201,0.058112
1618478118299,0.031500
1618478118393,0.040920
1618478118487,-0.004533
1618478118581,0.103018
1618478118675,0.072243
1618478118769,-0.052165
1618478118863,-0.005405
1618478118957,-3.227340
1618478119051,0.010145
1618478119145,0.058112
1618478119239,0.012889
1618478119333,0.109360
1618478119427,0.024823
1618478119518,0.050888
1618478119612,-0.047242
1618478119706,0.062822
1618478119800,0.090528
1618478119894,0.062822
1618478119988,0.072243
1618478120082,0.085818
1618478120176,0.063916
1618478120270,0.070055
1618478120364,0.036210
1618478120458,-0.021724
1618478120552,0.009598
1618478120646,0.084724
1618478120735,0.067532
1618478120829,0.036210
1618478120923,0.004888
1618478121017,0.089434
1618478121111,0.014309
1618478121205,0.095238
1618478121299,0.084724
1618478121393,0.067532
1618478121487,0.084724
1618478121581,0.033141
1618478121675,-4.436389
1618478121769,0.006863
1618478121863,0.063369
1618478121956,-0.001789
1618478122050,0.028431
1618478122144,0.032047
1618478122238,0.086912
1618478122332,0.094144
1618478122426,nan
