1618477608789,-0.800944
1618477608883,-1.138437
1618477608977,1.396588
1618477609071,-0.059806
1618477609165,-1.580281
1618477609259,1.363375
1618477609353,-1.504628
1618477609447,-1.632401
1618477609541,0.849267
1618477609635,0.833604
1618477609729,-1.735909
1618477609823,0.214472
1618477609913,1.559943
1618477610007,-1.592311
1618477610101,-0.613066
1618477610195,1.609768
1618477610289,-1.084859
1618477610383,-0.963928
1618477610477,-1.328447
1618477610571,-0.483011
1618477610665,-1.223221
1618477610759,1.375588
1618477610853,-0.095635
1618477610947,-1.666169
1618477611041,0.988089
1618477611134,0.735651
1618477611228,-1.770358
1618477611322,0.780433
1618477611416,0.973859
1618477611510,-1.593783
1618477611604,0.661471
1618477611698,1.360925
1618477611792,-1.275317
1618477611886,-0.738766
1618477611980,1.538250
1618477612074,-0.870040
1618477612168,-1.176256
1618477612262,1.571938
1618477612352,-0.467070
1618477612446,-1.489487
1618477612540,1.414891
1618477612634,0.342213
1618477612728,1.574397
1618477612822,1.041913
1618477612916,0.746846
1618477613010,-1.626024
1618477613104,0.389801
1618477613198,1.061038
1618477613292,-1.272556
1618477613386,-0.224946
1618477613480,1.483057
1618477613573,-1.206608
1618477613667,-0.929172
1618477613761,1.608763
1618477613855,0.991975
1618477613949,-1.388157
1618477614043,1.447900
1618477614137,0.062621
1618477614231,-1.540245
1618477614325,1.218451
1618477614419,0.643859
1618477614513,-1.756812
1618477614607,0.695922
1618477614701,1.135702
1618477614791,-1.594659
1618477614885,0.163599
1618477614979,-0.733601
1618477615073,-1.276609
1618477615167,-0.417420
1618477615261,1.716911
1618477615355,-0.958838
1618477615449,-0.995235
1618477615543,1.463384
1618477615637,-0.434549
1618477615731,-1.419234
1618477615825,1.271115
1618477615919,0.325959
1618477616011,-1.610405
1618477616105,-1.716378
1618477616199,0.836442
1618477616293,-1.716768
1618477616387,0.372608
1618477616481,1.220844
1618477616575,-1.629291
1618477616669,-0.348254
1618477616763,1.647423
1618477616857,-1.207581
1618477616951,-0.700901
1618477617045,1.608109
1618477617139,-0.839468
1618477617234,-0.892951
1618477617329,1.539976
1618477617424,0.045144
1618477617519,-1.489872
1618477617614,1.148391
1618477617709,0.571603
1618477617804,-1.752723
1618477617899,0.889402
1618477617994,1.046686
1618477618089,-1.523016
1618477618184,0.041611
1618477618279,1.448175
1618477618374,0.728541
1618477618469,-0.767092
1618477618563,1.536898
1618477618657,-0.798986
1618477618751,-1.102195
1618477618845,1.646172
1618477618939,-0.131721
1618477619033,-1.506388
1618477619127,1.291778
1618477619221,0.537560
1618477619315,-1.735053
1618477619409,0.515129
1618477619503,1.517253
1618477619597,-1.676930
1618477619688,0.004848
1618477619782,1.325762
1618477619876,-1.384059
1618477619970,-0.540736
1618477620064,1.607981
1618477620158,-0.637311
1618477620252,-1.205755
1618477620346,1.607084
1618477620440,0.016499
1618477620534,-1.414310
1618477620628,1.274237
1618477620722,0.448224
1618477620816,-1.625290
1618477620908,0.890071
1618477621002,1.013672
1618477621096,-1.627379
1618477621190,0.218628
1618477621284,1.651425
1618477621378,-1.289024
1618477621472,-0.655262
1618477621566,1.514248
1618477621660,-0.758984
1618477621754,-0.182064
1618477621848,1.706250
1618477621942,-0.140252
1618477622036,-1.257280
1618477622125,1.462874
1618477622221,0.647543
1618477622317,-1.377472
1618477622413,0.922330
1618477622509,1.218482
1618477622605,-1.360273
1618477622701,0.420337
1618477622797,1.993125
1618477622893,-0.920223
1618477622989,0.539796
1618477623085,3.402772
1618477623181,1.114929
1618477623277,-0.401379
1618477623377,4.615769
1618477623471,-9.628965
1618477623565,-4.188509
1618477623659,-5.198008
1618477623753,-7.543271
1618477623847,-4.707864
1618477623941,4.101999
1618477624035,0.822619
1618477624129,0.462615
1618477624223,1.465698
1618477624317,2.390642
1618477624411,-0.500777
1618477624505,-0.192952
1618477624594,2.363189
1618477624688,-0.080605
1618477624782,-0.773502
1618477624876,1.913800
1618477624970,0.461574
1618477625064,-1.395512
1618477625158,-0.375627
1618477625252,0.821586
1618477625346,-1.554313
1618477625440,0.768306
1618477625534,1.365974
1618477625628,-1.464901
1618477625722,0.149137
1618477625813,1.949242
1618477625907,-0.919325
1618477626001,-0.711917
1618477626095,1.874074
1618477626189,-0.322312
1618477626283,0.728711
1618477626377,1.465872
1618477626471,0.416752
1618477626565,-1.485363
1618477626659,1.044903
1618477626753,1.032487
1618477626847,-1.539164
1618477626941,0.394161
1618477627031,1.347406
1618477627125,-1.291110
1618477627219,-0.168449
1618477627313,1.784582
1618477627407,1.590079
1618477627501,-0.854247
1618477627595,1.572216
1618477627689,-0.163470
1618477627783,-1.184808
1618477627877,1.341615
1618477627971,0.520330
1618477628065,-1.538965
1618477628159,0.835352
1618477628251,1.206228
1618477628345,-1.592393
1618477628439,0.202511
1618477628533,1.420647
1618477628627,-1.295814
1618477628721,-0.467037
1618477628815,1.483705
1618477628909,-0.749570
1618477629003,-0.905870
1618477629097,1.630877
1618477629191,0.149995
1618477629285,-1.736574
1618477629379,1.008189
1618477629477,0.945591
1618477629571,-1.801359
1618477629665,0.383067
1618477629759,1.525453
1618477629853,-1.432725
1618477629947,-0.167288
1618477630041,1.876746
1618477630135,-0.727530
1618477630229,-0.961895
1618477630323,1.538788
1618477630417,-0.060204
1618477630511,-1.469360
1618477630605,1.328044
1618477630703,0.537599
1618477630799,-0.765372
1618477630895,0.657024
1618477630991,1.314480
1618477631087,-1.467548
1618477631183,-0.205710
1618477631279,1.429872
1618477631375,-1.239394
1618477631471,-0.749654
1618477631567,1.767599
1618477631663,-0.412353
1618477631759,-1.418022
1618477631855,1.522447
1618477631948,-1.631966
1618477632042,-1.538019
1618477632136,1.030278
1618477632230,1.155111
1618477632324,-1.609488
1618477632418,0.095411
1618477632512,1.842858
1618477632606,-1.168809
1618477632700,-0.504158
1618477632794,1.558518
1618477632888,-0.428120
1618477632982,-1.365856
1618477633076,-1.557143
1618477633167,0.326777
1618477633261,-1.735235
1618477633355,0.993596
1618477633449,0.959036
1618477633543,-1.560834
1618477633637,0.107565
1618477633731,1.562381
1618477633825,-1.292603
1618477633919,-0.358915
1618477634013,1.628498
1618477634107,-0.764028
1618477634201,-0.821323
1618477634295,1.554723
1618477634386,0.135043
1618477634480,-1.558442
1618477634574,1.041260
1618477634668,0.785541
1618477634762,-1.644383
1618477634856,0.411626
1618477634950,1.526029
1618477635044,-1.487607
1618477635138,-0.274721
1618477635232,1.697917
1618477635326,0.271470
1618477635420,-1.087252
