1618476517102,2.072669039,270.240270153,92.902638724
1618476517196,-78.269186470,231.069291621,154.659025522
1618476517290,-203.781958376,152.589291897,453.579142439
1618476517384,-12.650973880,256.516616337,134.073563554
1618476517478,-43.960082089,284.963860470,96.764458906
1618476517572,-216.505600299,180.036572689,439.855500746
1618476517666,-35.098258351,234.931142743,154.659025905
1618476517760,-10.650972174,291.825736968,57.593534626
1618476517850,-182.196499796,191.760179084,414.408216978
1618476517946,-93.992827054,227.207481198,312.480904757
1618476518042,8.934485383,284.963868467,31.146250701
1618476518138,-182.196496826,204.622028609,349.651829865
1618476518234,-129.301929139,204.483859513,386.960934145
1618476518330,16.796305220,290.825679694,29.146250580
1618476518426,-140.025573674,215.345652581,289.895442167
1618476518522,-181.196496232,160.451109367,415.408217413
1618476518618,7.934486281,280.102056307,51.731713302
1618476518714,-81.269186812,242.792929980,193.829950464
1618476518810,23.658127491,270.240231122,31.146250756
1618476518906,-12.650975806,264.378418555,83.040817505
1618476519002,-55.821900028,242.792963422,134.073563412
1618476519092,-223.367420162,161.451119538,441.855500864
1618476519186,-26.374617642,251.654775208,171.244488281
1618476519280,-38.098258939,263.378420390,79.178996697
1618476519374,-196.920137280,167.312936115,414.408217488
1618476519468,-82.269181296,229.069341604,247.724517782
1618476519562,0.072665779,278.102059482,24.284430020
1618476519656,-197.920137730,187.898394263,387.960934110
1618476519750,-115.578292377,216.345633011,359.513650225
1618476519844,6.934489492,284.963908166,17.422609542
1618476519938,-39.098259468,259.516594443,97.902638294
1618476520032,-149.887391213,196.760221889,401.684575857
1618476520126,44.243589716,291.825691036,48.731713215
1618476520220,-126.301930543,230.069308438,223.277234040
1618476520313,-182.196496425,158.451107502,434.993679881
1618476520408,23.658130293,278.102079019,70.317176081
1618476520503,-64.545540867,241.792971365,159.520846834
1618476520598,-184.196497304,188.898382327,462.440963096
1618476520693,-24.374616036,236.931149060,151.659025985
1618476520788,-44.960083412,264.378385195,92.902637914
1618476520883,-189.058318778,170.312913622,440.855500526
1618476520978,-54.821904152,232.069281915,209.553592044
1618476521073,-155.749213297,210.483851438,311.480904907
1618476521168,-196.920137319,175.174756576,400.684575822
1618476521263,-96.992826728,216.345663513,285.033621474
1618476521358,13.796306691,272.240231415,16.422609098
1618476521453,-182.196498403,193.760192539,358.513650503
1618476521545,-145.025574348,188.898362747,373.237292051
1618476521639,23.658127071,302.549331216,27.146250704
1618476521733,-139.025568797,216.345699698,278.171801101
1618476521827,-152.887393269,175.174739533,414.408217268
1618476521921,9.934486400,284.963878285,63.455354978
1618476522015,-107.716469423,231.069295189,186.968129720
1618476522109,-182.196494112,168.312950675,446.717321824
1618476522203,-194.920137765,152.589289772,446.717321581
1618476522297,-58.683723859,256.516576089,126.211742215
1618476522391,-193.920139157,153.589276322,463.440963072
1618476522485,-31.236440418,250.654756413,182.106308874
1618476522579,-34.236436255,267.378438293,59.593534432
1618476522673,-209.643778541,168.312939984,441.855500859
1618476522763,-86.131006876,230.069295716,267.309979694
1618476522858,-20.512796373,283.963883600,29.146250892
1618476522953,-194.920139121,194.760201653,386.960933941
1618476523048,-116.578288777,223.207488619,323.204546512
1618476523143,10.934483093,299.687488002,30.146250422
1618476523238,-152.887393774,212.483838808,337.928188070
1618476523333,-127.301928777,196.760221344,345.790009206
1618476523428,23.658130736,264.378441640,36.146251152
1618476523523,-115.578287777,229.069319116,231.139055006
1618476523618,-177.196495330,173.174759739,428.131859184
1618476523713,9.934484798,262.378400318,70.317175613
1618476523808,-73.407361190,257.516617930,161.520846896
1618476523903,-190.058317885,168.312922246,462.440963126
1618476523999,-9.650974740,257.516608023,133.073563449
1618476524093,-59.683722894,261.378406251,97.764459010
1618476524187,-223.367421988,174.174743556,423.131858980
1618476524281,-53.821900147,221.207499778,229.139055025
1618476524375,11.934484197,296.687498664,50.731713048
1618476524469,-31.236437118,257.516609129,139.935384293
1618476524563,-100.854645315,203.622043529,335.928188393
1618476524657,6.934485544,284.963870016,30.146250721
1618476524751,-175.334678727,210.483823047,335.928187871
1618476524845,-150.887394967,194.760185616,388.960933738
1618476524939,14.796305311,279.102038914,34.146250591
1618476525033,-127.301929471,211.483856308,236.862696663
1618476525127,-175.334675500,165.312929245,432.993679892
1618476525218,6.934485675,264.378408796,71.317175720
1618476525313,-86.131003381,237.931150316,160.520846831
1618476525408,-202.781960829,146.727447366,440.855500478
1618476525503,-11.650977622,257.516580182,168.382667250
1618476525598,21.658126272,312.411144326,38.008071437
1618476525693,-196.920141782,145.727430131,462.440962752
1618476525788,-53.821901592,228.069306652,230.139054848
1618476525883,-11.650977460,299.687506726,57.593533980
1618476525978,-184.196494701,188.898407479,413.408217600
1618476526073,-113.578290749,229.069290401,304.619083779
1618476526168,15.796309251,298.687539471,30.146251072
1618476526263,-183.196493342,187.898420613,318.342726138
1618476526358,-142.025571171,180.036572609,387.960934100
1618476526452,31.519949810,312.411170487,33.146250937
1618476526546,-136.163751971,219.345661002,256.586338120
1618476526640,-177.334674008,166.312943661,427.131859244
1618476526734,-11.650975087,263.378425500,64.455355101
1618476526828,-81.269183832,248.654779597,168.382667505
1618476526922,-226.367421251,159.451109022,456.579142392
1618476527016,-11.650974568,263.378430519,133.073563470
1618476527110,-46.960076723,264.378449821,97.764459561
1618476527204,-184.196497408,161.451098006,441.855500591
1618476527298,-41.098256521,250.654802091,216.415413604
1618476527392,-13.650973546,269.240261221,33.146251136
1618476527486,-193.058317624,179.036566431,408.546396514
1618476527580,-96.992829517,216.345636571,289.895441964
1618476527674,7.934487072,282.963884783,22.284430077
1618476527769,-173.472856496,200.622015746,337.928188042
1618476527864,-132.301931105,229.069303014,257.586338125
1618476527959,5.934487004,276.102063293,25.284430068
1618476528054,-120.578287247,200.622040916,255.586338393
1618476528149,-182.334675179,167.312932346,406.546396609
1618476528244,-23.650973814,290.825721127,55.593534426
1618476528339,-96.131007128,232.069293283,174.244488035
1618476528434,-201.058317760,147.727460966,442.855500650
1618476528529,-29.512799121,266.378394551,138.935383846
1618476528624,-56.960079319,275.240245569,90.902638413
1618476528719,-226.643781780,175.174729520,452.579142124
1618476528814,-66.821903400,248.654751673,213.415412967
1618476528903,-26.650975842,284.963880700,29.146250856
1618476528997,-218.920135531,171.451132190,434.993680193
1618476529091,-131.716467158,206.760212921,305.619084116
1618476529185,-6.065514863,313.825686920,31.146250671
1618476529279,-175.611033147,204.622040083,359.513650841
1618476529373,-186.025569979,211.760225784,384.960934246
1618476529467,1.658128222,313.963879847,21.422609184
1618476529561,-209.163752507,269.069297485,249.724517224
1618476529655,-262.334672688,262.036598072,428.131859405
1618476529749,-65.927332337,434.240256859,56.593534403
1618476529843,-34.407362848,449.516601907,161.520846694
1618476529937,-92.058315478,287.727483012,446.717321759
1618476530031,84.349022716,320.378404282,133.073563138
1618476530121,-130.196498901,117.312904407,437.855500409
1618476530216,-205.643783402,85.312893018,427.131858604
1618476530311,-90.683720584,180.792966070,223.277234242
1618476530406,-44.650975592,238.963883120,45.731713378
1618476530501,-266.781956267,116.036595588,391.822755221
1618476530596,-219.578290138,166.483833808,321.204546345
1618476530691,-92.341870540,307.825712637,12.422609335
1618476530786,-281.472855375,286.622026576,319.204546517
1618476530881,-238.749212859,398.898393173,380.960934097
1618476530976,-0.480050499,568.549346664,37.008071730
1618476531071,-155.163749219,465.069329257,231.000875965
1618476531166,-170.058318386,429.174738242,444.717321404
1618476531261,-52.716469442,426.345653343,305.480904668
1618476531358,2.316278617,428.378420850,153.520846670
1618476531452,-117.058315081,301.312949344,445.579142638
1618476531546,44.901740893,344.654777098,138.659025813
1618476531640,63.487200294,319.378388906,42.317175469
1618476531734,-140.505604068,184.589252951,401.717321116
1618476531828,-4.545543971,245.069299713,153.139054761
1618476531922,49.072666392,305.687527900,-66.439211566
1618476532016,-151.058317855,183.036564201,315.237292333
1618476532110,-78.716466338,194.760220841,324.790009200
1618476532204,53.519949290,302.549344627,-11.439211618
1618476532298,-152.472853428,222.207507878,304.895442602
1618476532392,-11.374615657,261.378436047,195.659026031
1618476532486,20.934485447,265.378406587,71.146250709
1618476532576,-90.854645620,226.069323905,205.829950914
1618476532671,-172.196497338,157.451098678,422.855500600
1618476532766,22.796309446,272.102078861,83.488101062
1618476532861,-52.683722556,264.378409510,80.349921543
1618476532956,-199.781958006,168.312937127,378.717321653
1618476533051,-38.960077394,245.654801680,113.968130276
1618476533146,-8.650975907,277.102059241,-8.821003338
1618476533241,-193.920138098,154.451107383,332.546396557
1618476533336,-91.992824535,228.069326362,278.309980081
1618476533431,20.796307167,308.411160996,34.422609156
1618476533526,12.934487446,290.825709229,97.008071784
1618476533621,-124.301928207,193.760226858,437.513650937
1618476533716,33.519949708,282.963886174,103.146250925
1618476533811,-128.301932899,209.483823182,341.309979567
1618476533905,-172.334674220,175.174762443,461.546396726
1618476533999,26.658127142,270.240227750,90.731713205
1618476534093,-87.131005740,242.792948353,212.106309035
1618476534187,-205.781961443,161.451083091,457.993679572
1618476534281,-33.236438337,262.378418182,158.935384144
1618476534375,-42.960079222,273.102067336,103.902638425
1618476534469,-182.196496076,167.312931700,466.579142415
1618476534563,-53.821902476,229.069298110,229.277233910
1618476534657,-25.374615439,263.378438150,70.455355261
1618476534751,-192.920139905,186.898373247,418.546396337
1618476534845,-94.992824925,207.483860102,310.619084186
1618476534939,10.934488433,281.963897934,40.008071904
1618476535028,-146.887394025,210.483836377,334.066367208
1618476535122,-147.887393649,194.760198348,367.375471407
1618476535216,24.658128859,262.378423501,42.008071753
1618476535310,-114.578287830,230.069318602,218.415413338
1618476535404,-174.334678035,169.312904750,457.579142075
1618476535498,10.934483444,255.516566407,100.764458770
1618476535592,-60.683723038,236.931121532,126.211742315
1618476535686,-201.781958961,151.589286243,483.026425689
1618476535780,-112.578290371,228.069294054,195.829950536
1618476535874,-16.512794897,271.240256198,51.731713564
1618476535968,-211.643779550,185.036571897,435.993679905
1618476536062,-93.992824713,223.207503808,270.309980059
1618476536156,9.934489286,303.549368661,10.560788686
1618476536247,-159.611034104,182.036568341,337.928188232
1618476536341,-145.887391374,228.069324486,374.237292516
1618476536435,9.934485381,283.963868441,33.146250701
1618476536529,-113.578286387,215.345690884,259.586338498
1618476536623,-190.058319435,182.036548930,434.993679615
1618476536717,9.934488802,257.516618171,71.317176102
1618476536811,-69.407363125,237.931136742,172.244488321
1618476536905,-155.749211363,201.622049289,337.928188465
1618476536999,-27.374620052,256.516572752,154.659025495
1618476537093,-16.512798276,257.516581883,78.178996474
1618476537187,-201.781957773,167.312939381,435.993680021
1618476537281,-64.545542574,229.069313209,271.309979915
1618476537375,-12.650977320,277.102045595,29.146250675
1618476537466,-200.920137975,172.312929407,383.960934081
1618476537560,-109.716464845,206.483876928,345.790009382
1618476537654,24.658131639,298.687554518,6.560788770
1618476537748,-135.163749168,193.760225595,282.033621785
1618476537842,-177.334676497,187.898382106,428.131858940
1618476537936,9.934487406,278.102067174,49.731713440
1618476538030,-190.058320649,161.451074713,439.855500297
1618476538124,-184.196496723,162.451104621,447.717321506
1618476538218,11.934487357,261.516604214,118.349921739
1618476538312,-22.374619309,258.516579930,96.764458941
1618476538406,-217.505602782,168.312907031,446.717321273
1618476538500,-43.960080157,229.069312486,236.000875753
1618476538594,3.072663537,271.240216988,10.560788085
1618476538687,-183.196494069,182.036592756,403.684576016
1618476538781,-89.131008368,218.345639648,306.619083664
1618476538875,2.072667994,273.240260053,23.284430291
1618476538969,-140.025569076,208.483876165,306.619084389
1618476539063,-144.887391848,168.312932429,408.546396610
1618476539157,-158.611031365,162.451132317,440.855501025
1618476539251,-77.269181930,230.069335483,202.691771890
1618476539345,-183.196497064,166.312922157,469.302783956
1618476539439,-11.650976051,278.102057854,120.349921628
1618476539533,-56.821900519,278.240242001,120.349921690
1618476539627,-184.196494726,195.760228071,440.855500919
1618476539721,-39.098260103,229.069304984,201.691771505
1618476539815,-8.650973444,271.240262210,51.731713640
1618476539904,-188.058316800,181.036574392,406.546396614
1618476539998,-95.854647885,209.483839526,305.619083926
1618476540092,9.934485998,283.963874405,24.284429946
1618476540186,-146.887391542,200.622039541,336.928188342
1618476540280,-108.716467260,192.760211936,346.790009087
1618476540374,39.381773455,291.825735187,24.284430450
1618476540468,-103.716465046,229.069337476,238.000876068
1618476540562,-172.472854700,173.174749779,440.855500719
1618476540656,15.796307101,270.240235374,100.764459115
1618476540750,-65.545542559,253.654775851,148.797204966
1618476540844,-180.196497519,163.451096931,463.440963070
1618476540938,-36.098259237,241.792955019,195.829950780
1618476541032,-12.650976808,266.378408874,52.731713229
1618476541124,-208.643782043,180.036547810,430.131858770
1618476541218,-78.269186287,229.069293385,283.033621325
1618476541312,16.796309836,288.825724296,22.284430313
1618476541406,-57.683722255,230.069308264,209.553592377
1618476541500,-128.301928490,209.483865778,380.099113394
1618476541594,36.381771940,304.549362206,30.146251096
1618476541688,-116.578288428,222.207491998,261.586338249
1618476541782,-184.196496761,170.312925082,433.993679840
1618476541876,6.934487151,286.825706377,77.178996731
1618476541970,-78.269181958,229.069335215,159.520846904
1618476542064,-193.920140423,160.451084923,442.855500426
1618476542158,-27.374619640,270.240218398,154.659025545
1618476542252,-20.512797352,277.102053302,55.593534095
1618476542343,-195.920137387,166.312935081,428.131859136
1618476542437,-61.545546261,229.069277590,258.586337803
1618476542531,-0.927333127,269.378428395,63.455355137
1618476542625,-195.920140459,202.622009561,374.237292116
1618476542719,-142.025574880,199.621999264,357.513650325
