1616035189275	164.268986	225.049739	-501.273103
1616035189369	162.688625	214.196395	-524.289617
1616035189463	169.52018	238.880767	-466.955893
1616035189557	168.439916	201.588874	-484.657839
1616035189651	147.351868	241.00347	-454.498482
1616035189745	161.498839	188.281636	-479.878653
1616035189839	157.424806	220.899731	-450.92151
1616035189933	164.852662	217.714685	-468.240846
1616035190025	158.102942	248.288242	-465.75911
1616035190119	149.059597	225.956166	-400.133395
1616035190213	164.77858	216.44086	-491.940545
1616035190307	162.971568	237.069685	-510.441284
1616035190401	175.089833	222.071652	-505.198176
1616035190495	162.620932	224.389301	-458.591912
1616035190589	156.848716	248.054174	-459.024584
1616035190683	166.775675	237.159568	-501.621956
1616035190777	156.859639	213.712852	-489.219374
1616035190871	140.587212	226.308291	-463.635413
1616035190965	174.167578	255.337945	-468.115507
1616035191059	155.11627	230.79158	-488.354449
1616035191153	153.525379	250.0313	-476.264748
1616035191242	178.950806	217.236199	-507.236977
1616035191336	145.314096	200.83266	-477.021855
1616035191430	168.778737	218.557453	-555.613153
1616035191524	158.56934	233.361547	-455.013748
1616035191618	154.817947	238.510843	-502.870709
1616035191712	141.608524	239.070103	-500.706538
1616035191806	140.091496	233.856141	-493.862033
1616035191900	154.299445	228.732788	-452.189029
1616035191994	190.32067	221.442633	-466.099495
1616035192088	160.485165	251.514949	-506.394052
1616035192182	153.194179	222.517259	-513.470234
1616035192276	162.117156	185.019059	-499.020423
1616035192370	152.135282	224.519907	-486.485663
1616035192461	162.518659	227.06878	-460.166029
1616035192555	145.99259	234.13441	-470.861425
1616035192649	167.238585	192.170945	-450.890039
1616035192743	151.117003	242.218199	-495.875252
1616035192837	146.698668	216.034885	-443.807538
1616035192931	155.699302	243.783943	-472.341854
1616035193025	157.604608	244.285225	-476.688046
1616035193119	162.904113	236.166113	-480.567425
1616035193213	156.160498	214.539873	-472.679381
1616035193307	158.097695	255.899107	-524.722123
1616035193401	164.636852	220.502003	-488.947093
1616035193495	163.57507	236.216159	-474.853623
1616035193589	164.220192	262.463986	-454.378941
1616035193684	147.194185	254.391844	-452.671906
1616035193778	175.537368	251.815115	-481.762986
1616035193872	158.145794	234.251804	-479.367513
1616035193966	156.866924	207.003987	-474.767069
1616035194060	164.677874	203.555973	-450.862177
1616035194154	173.808472	227.954565	-472.404102
1616035194248	177.693894	245.566278	-493.683944
1616035194342	164.777459	228.305849	-497.984312
1616035194436	157.343379	214.579905	-494.127198
1616035194530	161.053011	202.219258	-510.664784
1616035194624	160.346716	239.638822	-477.107125
1616035194718	125.118645	267.319663	-506.256613
1616035194812	161.712019	246.881927	-446.050781
1616035194901	158.021826	202.383539	-482.589912
1616035194995	168.583479	230.362312	-496.998577
1616035195089	160.023223	183.924733	-473.422739
1616035195183	156.480868	225.894635	-454.268204
1616035195277	169.444922	220.768814	-434.413359
1616035195371	145.991988	225.580012	-477.854603
1616035195465	154.422595	241.246676	-483.482466
1616035195559	162.300983	192.200289	-473.50296
1616035195653	152.496825	215.859593	-496.401161
1616035195747	162.471039	218.119419	-439.194987
1616035195841	151.317865	257.989575	-467.844718
1616035195935	151.205126	230.37043	-457.583303
1616035196029	165.147202	210.105841	-441.376747
1616035196119	159.691158	203.682448	-485.19444
1616035196213	154.923361	200.436078	-496.235888
1616035196307	152.924622	206.035856	-478.368168
1616035196401	138.505221	247.522996	-504.494284
1616035196495	159.232438	233.853641	-455.685617
1616035196589	172.015046	259.195094	-501.468517
1616035196683	151.009254	232.781987	-488.257931
1616035196777	135.725099	236.740956	-503.737418
1616035196871	165.506249	209.618744	-452.947177
1616035196965	167.13981	227.145582	-452.867696
1616035197059	164.760842	191.588356	-463.685738
1616035197153	172.186429	207.304084	-441.693735
1616035197247	165.936345	220.859696	-481.26467
1616035197338	169.511597	212.597174	-451.671148
1616035197432	148.653423	226.973429	-438.448582
1616035197526	175.37953	206.100003	-514.934065
1616035197620	180.664705	240.404202	-473.170562
1616035197714	164.488982	224.389755	-394.439222
1616035197808	151.536531	229.512456	-441.653866
1616035197902	151.233222	212.599224	-476.972716
1616035197996	185.080523	238.964046	-456.85304
1616035198090	169.994247	234.503432	-432.926668
1616035198184	152.206196	210.198125	-379.244721
1616035198278	147.381927	211.692769	-431.34722
1616035198372	148.985558	213.862235	-552.951817
1616035198466	166.985536	230.095745	-451.676498
1616035198556	162.113091	226.105353	-315.36341
1616035198650	154.232886	264.806074	-684.306812
1616035198744	157.34347	214.781354	-783.012524
1616035198838	183.752654	207.092058	-748.86052
1616035198932	157.432403	260.576347	-916.82723
1616035199026	149.148246	212.597317	-892.663151
1616035199120	166.210422	237.986683	-676.095184
1616035199214	173.96088	241.613463	-590.491538
1616035199308	179.501935	246.282898	-469.206267
1616035199402	153.135218	233.797039	-441.449229
1616035199496	170.245748	243.505279	-415.999635
1616035199590	169.749705	245.797173	-441.240777
1616035199684	179.697764	215.142155	-437.124533
1616035199775	180.61601	267.438347	-479.282431
1616035199869	203.680712	317.993926	-455.189756
1616035199963	184.619641	389.861022	-449.144521
1616035200057	61.431296	40.123681	-476.503348
1616035200151	318.88017	390.401523	-451.487436
1616035200245	151.650245	575.687832	-486.843693
1616035200339	108.564066	135.029723	-465.038198
1616035200433	199.793522	-1.232231	-496.729669
1616035200527	261.048961	-52.264776	-488.581461
1616035200621	385.740854	97.938773	-496.825323
1616035200715	221.87123	229.164448	-475.816546
1616035200809	83.767788	69.303878	-462.292777
1616035200903	84.130222	181.190369	-478.822746
1616035200992	125.197053	85.942673	-450.981478
1616035201086	179.450011	153.519548	-472.045653
1616035201180	169.728882	170.033788	-494.860115
1616035201274	187.363821	222.305913	-473.063548
1616035201368	169.625818	216.295891	-485.060852
1616035201462	174.72069	218.006779	-442.265782
1616035201556	156.755765	216.201459	-491.125557
1616035201650	165.431574	234.216978	-496.931325
1616035201744	158.978272	219.162142	-479.408131
1616035201838	170.642271	230.814573	-459.708931
1616035201932	158.600353	224.826714	-512.160281
1616035202026	168.359869	208.684738	-468.360847
1616035202120	163.320353	245.252939	-528.583451
1616035202211	182.98415	243.53127	-468.767434
1616035202305	143.179988	238.775385	-490.547106
1616035202399	159.699113	196.947237	-411.900194
1616035202493	160.30721	216.806298	-483.309817
1616035202587	171.19679	246.036288	-447.654775
1616035202681	162.934763	231.209907	-505.550274
1616035202775	150.182285	237.424076	-441.069788
1616035202869	168.267408	247.189705	-464.387129
1616035202963	164.854616	216.672712	-486.477988
1616035203057	155.251848	236.231032	-464.525189
1616035203151	151.866358	210.80449	-500.050181
1616035203245	145.597608	222.414085	-474.049114
1616035203339	170.538672	212.488375	-472.971883
1616035203432	169.278275	201.381491	-471.122229
1616035203526	172.916404	243.048524	-487.290534
1616035203620	160.005086	258.067833	-487.446377
1616035203714	170.570028	217.041068	-484.272844
1616035203808	165.059449	271.104499	-499.289785
1616035203902	155.385427	230.259473	-485.038816
1616035203996	142.297017	218.529511	-444.700747
1616035204090	167.037391	228.932383	-460.575218
1616035204184	173.554517	248.953166	-430.84342
1616035204278	155.277481	231.142147	-460.280581
1616035204372	162.026751	258.846009	-482.546884
1616035204466	153.397852	193.957409	-443.744893
1616035204560	164.914668	223.789854	-525.570742
1616035204651	169.423455	214.543199	-519.114149
1616035204745	147.324218	243.414553	-518.560919
1616035204839	155.295464	213.41438	-506.707161
1616035204933	141.419463	218.346746	-443.583765
1616035205027	153.005931	195.137661	-493.2336
1616035205121	169.05055	227.896361	-465.34731
1616035205215	151.706982	232.12947	-483.827685
1616035205309	162.507493	199.883792	-473.728947
1616035205403	168.435983	240.652075	-528.245118
1616035205497	153.56489	231.369983	-471.826253
1616035205591	170.83189	206.627089	-498.826276
1616035205685	163.450316	213.396998	-467.412434
1616035205779	137.313474	248.923221	-503.163197
1616035205869	165.713084	220.567254	-461.866952
1616035205963	144.144975	213.892589	-507.04279
1616035206057	165.571605	192.700977	-480.552164
1616035206151	151.264834	231.557978	-467.804067
1616035206245	151.329528	216.572342	-445.252987
1616035206339	170.423111	220.223626	-469.207234
1616035206433	152.911325	228.366022	-499.166299
1616035206527	149.467519	227.998105	-531.553036
1616035206621	158.650943	240.478746	-505.690971
1616035206715	139.953573	237.658604	-457.309814
1616035206809	137.767529	213.937187	-525.658828
1616035206903	167.608168	221.952195	-509.431545
1616035206997	144.004171	233.834739	-492.678805
1616035207088	178.482296	241.299274	-499.628668
1616035207182	167.114936	206.577216	-478.370516
1616035207276	166.193759	203.239626	-491.429288
1616035207370	169.622744	250.765387	-481.089838
1616035207464	173.108149	224.199115	-518.117901
1616035207558	157.354428	229.115056	-519.933838
1616035207652	182.560316	218.157445	-465.894651
1616035207746	158.199815	272.557272	-463.868569
1616035207840	164.800625	218.748678	-473.985209
1616035207934	150.818982	243.237398	-554.780766
1616035208028	162.84137	255.212846	-474.17965
1616035208122	156.882541	231.545376	-488.302265
1616035208216	170.494402	224.980408	-507.720233
1616035208305	166.359262	253.037959	-470.246937
1616035208399	154.399483	247.627648	-480.844681
1616035208493	154.611187	241.337241	-443.307126
1616035208587	173.054174	269.221481	-466.159027
1616035208681	137.840296	231.773652	-508.320536
1616035208775	150.253696	191.060156	-460.625774
1616035208869	165.197047	265.613878	-421.849469
1616035208963	172.024546	214.576783	-502.019109
1616035209057	151.052541	268.009315	-466.08207
1616035209151	166.324374	214.045742	-438.291193
1616035209245	149.338199	213.676384	-461.764072
1616035209339	165.616912	218.21493	-479.121352
1616035209433	145.885624	239.79046	-545.502033
1616035209526	146.569258	194.854851	-475.224601
1616035209620	154.577106	224.26385	-481.576033
1616035209714	143.603909	220.840355	-470.091341
1616035209808	162.150283	218.888323	-447.241707
1616035209902	168.24719	250.063496	-526.017995
1616035209996	139.25128	220.714433	-471.721314
1616035210090	159.348368	236.132466	-486.687702
1616035210184	158.422741	272.037097	-500.326474
1616035210278	161.744865	218.114657	-447.568642
1616035210372	156.105477	253.727157	-485.015377
1616035210466	163.198602	231.838465	-463.043473
1616035210560	151.994882	250.097322	-488.049276
1616035210654	153.539848	223.839942	-485.74175
1616035210744	152.100085	231.189976	-484.376368
1616035210838	164.393926	224.560499	-507.691927
1616035210932	153.279759	234.721526	-483.208971
1616035211026	155.51495	233.656881	-462.732329
1616035211120	153.565168	214.598621	-486.749587
1616035211214	148.22464	254.294058	-441.336323
1616035211308	164.243318	222.112519	-509.466252
1616035211402	176.27709	213.243703	-457.687794
1616035211496	130.3091	245.100614	-451.216553
1616035211590	172.159732	219.59385	-478.465479
1616035211684	165.265133	217.916505	-473.558024
1616035211778	156.586935	241.492606	-520.988633
1616035211872	162.206083	245.626268	-432.699467
1616035211969	138.909711	231.525489	-502.024184
1616035212063	164.21707	233.257046	-442.3081
1616035212157	168.119194	229.116148	-444.351259
1616035212251	163.511426	232.408261	-483.949361
1616035212345	137.581483	234.10489	-410.548587
1616035212439	157.869649	206.729218	-432.065749
1616035212533	148.194711	245.772836	-470.832292
1616035212627	153.795781	213.274334	nan
