1610679688106,158.148309937,227.057813262,379.580384941
1610679688200,256.699405851,294.652246752,135.202655917
1610679688294,95.553892387,230.057817495,421.537044130
1610679688388,121.191635918,212.579479362,461.653147016
1610679688482,270.018275874,274.173912347,135.202656093
1610679688576,124.351105952,245.376703207,349.783168688
1610679688670,83.235026907,197.260607413,503.769249046
1610679688764,261.858841684,284.492801398,151.680985670
1610679688858,156.148291364,249.536137585,291.348179998
1610679688952,83.234967569,182.782260647,522.247579357
1610679689046,268.018265706,279.333352642,176.318758774
1610679689140,195.104938597,259.855020545,221.434861435
1610679689234,67.916095580,184.941708037,526.407022426
1610679689322,223.902202749,255.695591156,274.869849939
1610679689416,231.061645805,269.173920780,176.318758350
1610679689510,83.234997232,182.782269192,507.928692590
1610679689604,188.945534610,236.217258950,349.783168727
1610679689698,249.539964403,305.971133712,165.999872020
1610679689792,82.234961150,177.782258798,472.812590406
1610679689886,142.829406150,236.217251492,393.899271576
1610679689980,273.177790593,279.333376165,135.202655325
1610679690074,103.872774184,214.579486481,406.218157731
1610679690168,236.221065739,284.492800521,160.840428927
1610679690262,281.337145134,283.492793844,134.202656278
1610679690356,132.510540258,241.376700638,336.464282335
1610679690450,80.234989994,213.579483229,498.609806218
1610679690542,253.699419657,282.492807504,158.840428666
1610679690636,148.988851203,259.855024917,276.869850292
1610679690730,85.234961293,178.782258839,509.928692976
1610679690824,248.539956263,259.855028797,217.434861127
1610679690918,192.104955497,260.855025413,219.434861253
1610679691012,70.916124696,170.463386750,522.247578889
1610679691106,206.423862174,254.695588015,288.188736505
1610679691200,237.221055343,275.173911077,164.999872263
1610679691294,131.510540563,245.376700726,317.826509434
1610679691388,193.104971091,224.898370558,348.783168799
1610679691482,236.221078217,310.130577012,151.680985568
1610679691576,76.234956808,190.941700772,453.493704004
1610679691670,156.148344197,204.420050233,407.377600695
1610679691761,253.699428777,298.811696580,135.202655671
1610679691855,94.553905774,224.898378126,410.377600761
1610679691949,127.351085881,199.260594855,452.493703719
1610679692043,271.177718692,304.971128352,158.840428995
1610679692137,132.510509761,226.057805404,323.145396214
1610679692231,82.235007082,212.579488151,498.609806035
1610679692325,231.061656112,283.492810198,158.840428566
1610679692419,69.916099370,193.101152353,496.609806263
1610679692513,90.394414488,206.420034609,502.769249644
1610679692607,234.221132871,273.173933409,214.275417226
1610679692701,192.105020372,285.492816998,217.434860557
1610679692795,61.756624797,194.101143323,522.088136273
1610679692889,187.104986904,263.855034460,273.869849936
1610679692981,232.221052037,269.173910125,140.362099401
1610679693075,72.075548782,192.941710911,500.769249421
1610679693169,168.467227644,232.057822266,380.580384605
1610679693263,254.699414306,297.811692412,133.202655826
1610679693357,79.234954929,213.579473128,437.015374351
1610679693451,133.510546675,211.579486364,415.537044184
1610679693545,90.394435714,188.941711050,469.972033294
1610679693639,113.032227929,229.057819185,385.739827944
1610679693733,132.510529717,208.420038255,468.972033386
1610679693827,267.018271470,302.971127200,150.680985814
1610679693921,130.510548358,235.217259747,323.145395799
1610679694015,82.234996776,198.260598733,516.088135819
1610679694109,247.539940215,277.333353847,190.637645177
1610679694198,173.626666450,244.376707442,245.072633715
1610679694292,65.756654965,175.622822339,521.088135949
1610679694386,235.221060776,267.014469417,226.594304449
1610679694480,208.423830937,288.652238364,196.797088474
1610679694574,51.437788468,198.260600984,501.769249286
1610679694668,210.583285482,247.536139054,246.072634148
1610679694762,237.221091308,298.811694335,156.840428652
1610679694856,82.235042291,210.579498293,478.131475983
1610679694950,161.307733443,234.217250806,384.739828377
1610679695044,255.699454173,293.652260671,132.202655398
1610679695138,82.234966380,218.738919651,421.696487779
1610679695232,135.510590724,225.898385502,450.493703057
1610679695326,263.858819683,298.811681510,130.202656233
1610679695419,120.191646244,229.057812010,365.261498539
1610679695513,83.235002344,181.782270664,475.131476413
1610679695607,253.699445325,280.492814898,153.680985166
1610679695701,174.626592406,251.695572563,278.029293857
1610679695795,269.018273830,275.333354983,136.202656115
1610679695889,235.221020144,274.173900938,179.478202314
1610679695983,201.264393857,253.695580787,220.594304530
1610679696077,41.278327406,180.782266173,500.769249478
1610679696171,222.902194360,261.855031964,258.550963580
1610679696265,212.583281662,272.173910851,169.318758720
1610679696359,68.916128085,188.941717400,472.131476282
1610679696453,174.626635196,241.376698439,323.304839193
1610679696547,247.539956729,284.492801828,121.043212756
1610679696637,70.916137777,204.420049865,447.493703280
1610679696731,142.829457171,232.057822964,420.855930374
1610679696825,252.699432167,290.652254332,108.883769185
1610679696919,214.583262457,267.014462095,176.637645375
1610679697013,113.032206294,206.579483280,451.812590094
1610679697107,286.496591633,296.811681236,134.680985916
1610679697201,132.510516704,241.376693853,287.667066466
1610679697295,84.235007246,180.782272076,476.609806033
1610679697389,266.018265641,286.492795848,145.159315550
1610679697483,183.945569945,254.695598801,214.232076756
1610679697577,78.234998756,203.420042528,480.247579022
1610679697671,223.902167391,249.536137746,186.072634197
1610679697765,206.423900727,273.173928794,125.637644500
1610679697858,76.075542127,185.941708994,421.769249493
1610679697952,198.264377512,240.376689630,187.348180175
1610679698046,107.872767143,223.898370902,250.739828133
1610679698140,67.916100475,194.101152671,309.812590129
1610679698234,161.307768729,232.057817746,218.102055100
1610679698328,258.858870813,274.333366564,31.883769234
1610679698422,82.234959730,210.579474511,410.855931075
1610679698516,117.191686451,203.420050694,438.174816800
1610679698610,265.018277588,310.130572187,68.202656075
1610679698704,118.191686562,228.057823624,260.942611657
1610679698798,109.032208522,196.101154248,332.131476519
1610679698892,250.699418088,291.652250277,-23.000128092
1610679698986,146.988888348,239.376705943,126.869849893
1610679699075,76.234942378,189.941696615,487.928693179
1610679699169,66.916137221,173.622833582,669.928692306
1610679699263,189.104972664,265.014473583,450.434861069
1610679699357,67.916109874,174.622825705,898.247579048
1610679699451,213.742745982,261.855030479,511.710406860
1610679699545,213.742767346,271.173923082,235.840428591
1610679699639,51.597160297,186.941693970,469.769250053
1610679699733,161.467248214,244.376714640,194.783168262
1610679699827,226.061656582,291.652253558,-157.797344337
1610679699921,62.916098289,212.579481715,302.493703704
1610679700015,135.829438857,234.217260914,379.058714449
1610679700109,242.699398295,305.971131024,121.202655998
1610679700203,102.032209929,225.898370776,364.377601035
1610679700294,114.510520494,215.579478823,370.537044465
1610679700388,247.018273462,277.173911652,91.202656119
1610679700482,123.829485319,250.376717521,279.826508808
1610679700576,49.234975948,203.101149509,471.450363145
1610679700670,208.699339983,293.173898105,154.159315971
1610679700764,135.786058141,287.014465496,238.232077493
1610679700858,16.075593681,214.941723844,509.247578612
1610679700952,163.221061365,315.014469587,212.594304442
1610679701046,96.104945744,348.173909052,183.797088460
1610679701140,-74.721634407,322.101163622,482.450362619
1610679701234,93.264404829,526.217254274,306.826509554
1610679701328,243.699387630,678.971127952,146.680985786
1610679701422,324.742700844,621.014460701,228.753747998
1610679701511,329.148330049,437.738932607,404.377600847
1610679701605,410.699422054,435.652251419,131.202655743
1610679701699,229.394414357,421.898364244,406.377601279
1610679701793,362.032180483,531.579475845,450.493703923
1610679701887,650.858861905,523.492807223,131.202655779
1610679701981,437.510539670,267.898370795,323.145395893
1610679702075,204.394407080,371.941702802,494.609806499
1610679702169,528.699362124,568.173904483,168.159315733
1610679702263,536.467160864,228.536132703,247.232077609
1610679702357,489.756672384,-224.536615867,502.769249313
1610679702451,437.221086493,-345.985523175,254.391520295
1610679702545,373.018241659,-55.709994938,137.362099685
1610679702639,269.916106650,-129.536618448,520.247579083
1610679702731,380.264415000,-119.623299571,311.826509445
1610679702825,257.221067410,-2.028869325,156.840428909
1610679702919,48.234997485,55.420042162,476.131476465
1610679703013,130.829434865,40.376702988,380.580384819
1610679703107,219.858908594,46.971150345,130.202655277
1610679703201,13.235007007,-43.579955095,389.899271220
1610679703295,51.191670308,105.260602819,452.493703422
1610679703389,256.177727141,297.290017235,133.202656007
1610679703483,128.351066100,218.057805279,333.464282667
1610679703577,85.394444084,166.941713461,488.450362877
1610679703671,227.221033189,253.173904695,160.999872501
1610679703765,164.626651067,245.855032684,257.391520329
1610679703859,35.278304503,168.782259576,515.088136173
1610679703951,227.221114682,262.173928170,223.594303870
1610679704045,194.423885462,263.173924397,196.797087888
1610679704139,71.234980816,174.782264463,504.769249542
1610679704233,204.583316900,255.855034553,298.507622830
1610679704327,230.221048941,274.333352457,138.202656209
1610679704421,70.075572346,197.260604147,472.972033046
1610679704515,155.307736402,226.057808434,366.261498672
1610679704609,246.699430275,289.652253787,127.043212430
1610679704703,88.553910743,214.738936333,407.377600708
1610679704797,127.510518134,241.376694265,336.464282573
1610679704891,248.699342886,282.492785390,128.043213369
1610679704985,139.829434425,215.738929964,336.464282252
1610679705079,82.394424439,182.941707802,471.972033415
1610679705168,232.221089305,298.811693757,157.840428674
1610679705263,165.467196455,244.376699731,262.550963676
1610679705358,72.075542091,167.463379310,503.769249493
1610679705453,227.061663345,272.173925833,233.753747181
1610679705548,201.423869070,279.333362900,190.637644840
1610679705643,57.597224187,190.101155598,519.088135816
1610679705738,196.264407049,262.855027812,296.507623082
1610679705833,233.221037889,295.652235723,132.202656328
1610679705928,67.916149847,180.782280444,497.609805721
1610679706023,148.988831641,211.579473486,381.580385317
1610679706118,252.699400585,296.811688459,133.202655973
1610679706213,97.713372363,218.738941632,427.855930184
1610679706308,115.191642360,209.579481218,454.493703722
1610679706397,266.018315007,291.652253293,118.883769224
1610679706491,127.351069684,243.376692760,330.304839404
1610679706585,86.394399715,200.260587129,487.450363354
1610679706679,244.539986583,282.333367203,155.840428557
1610679706773,181.786090180,267.014474724,248.232077149
1610679706867,74.075539297,169.463378505,510.928692748
1610679706961,235.221097891,271.173923333,228.594304050
1610679707055,82.234968697,185.941704196,504.769249672
1610679707149,54.597173051,187.941697644,493.450363467
1610679707243,191.105005706,254.695596651,305.667065856
1610679707337,237.221045404,293.652237887,149.680985921
1610679707431,62.756670690,201.260599767,460.653146760
1610679707525,143.829472268,227.898384089,397.058714090
1610679707613,267.018302249,300.811692842,120.883769361
1610679707708,94.553867835,220.738923974,399.058714720
1610679707803,105.872744399,200.420034678,451.493703846
1610679707898,271.177722104,309.130572559,140.362099285
1610679707993,127.351071280,246.376693220,322.985952938
1610679708088,74.075573083,193.101161135,508.928692385
1610679708183,148.988863007,233.057812195,385.739828205
1610679708278,192.104975221,271.173917543,252.232077164
1610679708373,75.075572079,184.941717621,515.088135620
1610679708468,210.583314553,261.855033877,245.072633836
1610679708563,230.061690178,273.173933562,172.159314649
1610679708658,51.437818049,174.622836607,509.928692193
1610679708753,185.945517852,243.376697347,308.826509560
1610679708848,249.539961719,305.971132939,115.724326253
1610679708942,74.075516470,201.260588052,444.174817524
1610679709036,146.988839299,209.579475692,418.537044582
1610679709130,270.177729406,315.130574663,115.724326309
1610679709224,94.553895524,240.217261623,365.261498300
1610679709318,224.902176330,275.173913219,242.072634101
1610679709412,258.699407963,276.173917687,135.202655894
1610679709506,157.148299923,245.376696826,286.029293457
1610679709600,82.234951703,181.782256077,503.769249854
1610679709694,261.858893399,285.492816295,209.115974134
1610679709788,190.104973027,274.173916911,212.275417841
1610679709882,63.756640801,186.941704708,508.928692877
1610679709976,204.423839585,263.855024733,275.869850299
1610679710068,236.221115593,285.492814881,177.318758064
1610679710162,71.916154918,181.782281905,472.972032769
1610679710256,164.307778573,245.376707031,349.783168546
1610679710350,259.858856657,320.290021833,123.883769386
1610679710444,255.699434532,298.811698238,139.362098833
1610679710538,129.510542597,212.579485190,427.855930677
1610679710632,273.177768453,292.652256237,133.202655563
1610679710726,131.510542996,227.898371753,349.783168755
1610679710820,84.394421567,196.101150199,471.972033446
1610679710914,268.018322268,282.333368935,152.680985268
1610679711008,167.467196561,253.695586210,271.710406899
1610679711102,62.756647819,183.782263505,494.609806353
1610679711196,215.742731704,276.173912815,230.753747667
1610679711286,201.423853424,286.492801617,188.637645008
1610679711381,81.234938566,186.941695517,517.088136444
1610679711476,197.264437338,240.376706863,306.667065981
1610679711571,223.902224317,276.173927042,160.999871667
1610679711666,67.916120072,208.420044765,470.972033143
1610679711761,161.307745243,223.898367757,378.580385026
1610679711856,251.699406850,294.652247040,139.362099131
