1610678919052,189.555447926,215.045302918,427.770548370
1610678919146,125.772409222,191.115513945,427.338944937
1610678919240,184.612564378,210.244832503,425.821897695
1610678919334,156.858504225,202.533432691,425.070346374
1610678919428,220.953955780,220.951946169,427.516531358
1610678919522,216.287484013,221.538180563,428.556851881
1610678919616,134.243066797,198.590692188,427.239833031
1610678919710,124.714900617,194.704015850,427.322160893
1610678919804,155.968669835,205.172733583,428.052113545
1610678919898,230.790823439,230.841034733,428.405614750
1610678919992,170.547653099,209.195542568,424.908863289
1610678920086,132.936795150,198.800865812,427.233838890
1610678920174,174.987004721,209.237536878,428.879145664
1610678920268,138.774585396,195.054684777,428.226599986
1610678920362,152.732566943,202.889353576,426.088715478
1610678920456,208.261448723,220.015480720,426.600279203
1610678920550,204.757625221,215.348029002,426.647834841
1610678920644,187.947926088,213.255321777,424.793078592
1610678920738,224.782593926,225.414842094,424.474809641
1610678920832,179.028825466,210.159094269,427.852862894
1610678920926,192.308873132,212.273562446,424.764038420
1610678921020,121.236382503,190.741268287,427.378138354
1610678921114,154.188468826,202.633399567,427.067495324
1610678921208,148.111585412,198.186407376,425.137283417
1610678921302,172.738207639,206.859198285,424.889935861
1610678921402,175.956944408,203.016580030,425.913967291
1610678921497,205.520982461,214.579297563,424.641239074
1610678921592,149.747599631,193.893907915,426.088585588
1610678921687,170.642815383,202.830298016,425.890760096
1610678921782,181.667978902,202.776433150,424.778216522
1610678921877,185.618264424,197.396920639,425.674960403
1610678921972,117.198458150,160.454200511,426.015566174
1610678922067,-37.472744960,85.708654757,427.436108388
1610678922162,67.776768766,223.873120810,432.174738283
1610678922257,138.598903035,257.880722643,427.288601275
1610678922352,263.998485679,211.965437055,429.516146599
1610678922447,225.306432873,229.940236457,424.859104708
1610678922542,239.049089287,178.771158297,425.835406859
1610678922636,82.550704885,124.080210071,429.539591446
1610678922730,69.476652374,309.328873158,427.332859944
1610678922824,175.111108659,352.275135708,424.878073347
1610678922918,269.078925199,429.206136816,428.051160887
1610678923012,327.050001073,333.106261169,428.025489386
1610678923106,256.014313420,193.945087915,430.172685785
1610678923200,212.562057592,183.049545352,433.055626867
1610678923294,195.825203582,191.764817807,449.949667486
1610678923388,196.609218202,200.334931461,492.847848026
1610678923482,137.039949630,185.499531061,623.327992789
1610678923576,163.730764340,195.706582009,592.036888215
1610678923670,213.677150856,212.929573144,326.631249232
1610678923764,139.381514161,191.632636537,339.238636780
1610678923856,130.167986255,193.750171051,268.292324600
1610678923951,122.035949122,191.892394206,335.345308301
1610678924046,179.657580287,209.349583355,394.847430155
1610678924141,246.932950742,231.519643074,390.300701027
1610678924236,140.577146450,197.903755472,316.202384533
1610678924331,159.033862242,202.101371710,381.025628833
1610678924426,136.489509534,202.574242354,467.211782230
1610678924521,161.005584178,203.789842094,452.034513642
1610678924616,207.240982808,218.494468189,432.643658403
1610678924711,132.015959414,195.007075055,428.284997711
1610678924806,125.522378417,192.736801580,430.349745795
1610678924901,148.327914225,199.857871729,426.118133287
1610678924996,151.444163368,200.196053278,429.108488367
1610678925087,152.016155191,202.460458031,427.129467506
1610678925180,112.097439700,188.275474433,425.448462669
1610678925273,170.233780470,208.191563678,428.937496715
1610678925366,158.923413709,205.461985103,428.043864107
1610678925459,162.458350101,202.532938007,426.013320584
1610678925552,158.604111396,206.062286074,428.055263503
1610678925645,155.630199117,203.464264822,428.072319038
1610678925738,105.229680591,189.194801474,425.507803356
1610678925831,126.005785626,195.792143077,427.319647509
1610678925924,130.027488904,197.313530484,428.276257618
1610678926017,211.228356162,219.005454918,426.600565139
1610678926110,200.448480516,214.739557644,431.693708363
1610678926203,220.223750778,219.124796639,427.540121621
1610678926300,172.700454874,207.029986062,425.942104901
1610678926394,118.904674207,188.428923434,429.415566362
