1618478173297,-104.240810619,277.609486658,232.527456110
1618478173391,-96.738920528,244.477526401,232.827474199
1618478173485,-87.313366926,206.838933671,237.216256301
1618478173579,-94.470117360,246.149116880,233.839877641
1618478173673,-95.259272242,224.339366775,234.034179558
1618478173767,-92.243250094,215.376303323,232.127205294
1618478173861,-87.678792665,206.644846279,233.199394384
1618478173955,-95.915651516,241.408979130,232.865462476
1618478174049,-96.144555901,240.598269735,233.901043304
1618478174143,-80.975150691,181.399722964,232.416435530
1618478174237,-90.642886977,203.525461004,231.247194399
1618478174329,-94.407922259,221.132044990,235.073463580
1618478174423,-92.131851016,234.593541470,235.947772759
1618478174517,-107.341056070,306.814601145,232.292114406
1618478174611,-94.140021587,240.575861421,232.901252531
1618478174705,-84.336380220,191.126839617,234.353624028
1618478174799,-97.885569884,227.434493065,235.005280173
1618478174893,-89.918399992,219.712854602,237.096051709
1618478174987,-91.433980278,219.260822195,231.072261179
1618478175081,-89.966774218,210.068034260,237.186105990
1618478175175,-91.622524829,228.134539800,233.017417917
1618478175269,-83.921156341,196.016768982,230.326640580
1618478175363,-94.789546237,227.959949821,234.009711012
1618478175457,-93.253529193,226.310984965,236.034444560
1618478175547,-96.582476348,257.588271358,233.742406613
1618478175641,-91.861003677,236.196971242,231.914127314
1618478175735,-90.960591780,218.921363949,234.094104845
1618478175829,-93.815429325,226.087862529,235.008516684
1618478175923,-91.563635210,216.959627817,233.112421696
1618478176017,-91.780739556,240.800310655,235.917830958
1618478176111,-87.156717043,214.948662053,229.131198207
1618478176205,-92.018505725,215.265629808,235.137575721
1618478176299,-93.445440481,217.317457851,234.071732369
1618478176393,-91.738884219,231.651522562,231.965905509
1618478176487,-99.426238057,266.700033801,233.657329527
1618478176581,-93.074945781,227.370377662,232.996541761
1618478176675,-94.852631312,234.213654037,230.960656853
1618478176766,-90.798434266,208.236108073,233.193873736
1618478176860,-95.095412442,245.297347106,230.857167729
1618478176954,-95.813379733,241.903557964,233.870181624
1618478177048,-101.884713609,272.907734612,232.590030781
1618478177142,-98.587270372,260.553904610,234.696042190
1618478177236,-97.672940960,250.093400704,234.784375497
1618478177330,-91.449883777,227.281357827,233.025384129
1618478177424,-96.755795226,247.560920171,232.826695547
1618478177518,-87.598876836,208.249906931,232.203081957
1618478177612,-89.316382766,219.679662177,235.077687506
1618478177706,-80.520466335,187.094640955,232.391272915
1618478177800,-92.558532104,204.050525627,237.204943592
1618478177894,-94.199369137,247.753036474,232.806227622
1618478177983,-85.269992489,184.856813868,234.402830583
1618478178077,-88.057077197,206.572364829,231.228082332
1618478178171,-84.567710109,209.095882792,231.204520090
1618478178265,-99.072650485,263.010683250,232.719788405
1618478178359,-91.032139584,202.449124607,235.229233034
1618478178453,-99.474685219,258.055573907,233.747380442
1618478178547,-95.851429209,239.149654780,232.914569111
1618478178641,-94.233152754,255.861934599,231.758525526
1618478178735,-89.943061329,222.776670952,230.048770545
1618478178829,-93.345478699,221.823452574,234.076344926
1618478178923,-106.096070136,273.952246198,236.580278112
1618478179017,-94.726754633,238.533520323,231.920321996
1618478179111,-87.789495711,204.249992790,232.240429401
1618478179203,-94.669165043,238.248915943,233.922979364
1618478179297,-97.859816195,233.249161307,234.960325320
1618478179391,-93.681440252,233.367637841,235.968556158
1618478179485,-86.405684112,197.411276862,233.304282912
1618478179579,-94.715858792,233.537732248,233.966967976
1618478179673,-90.951898334,228.762284381,234.002219565
1618478179767,-89.709530762,222.622576561,236.059546395
1618478179861,-93.232495149,226.207035950,232.035415139
1618478179955,-92.833643148,229.177874175,235.007676239
1618478180049,-97.721466731,255.275153692,233.735993151
1618478180143,-92.311297773,229.538415375,231.985635721
1618478180237,-99.956210844,256.435245357,234.725161304
1618478180331,-85.963473319,200.167838474,233.278544727
1618478180423,-94.379461847,221.991395300,240.074776835
1618478180517,-94.295029953,219.574137825,234.078672793
1618478180611,-94.674953180,234.393637639,232.014998704
1618478180705,-81.968540305,182.367054822,235.416740554
1618478180799,-92.021788711,214.281854130,232.137424233
1618478180893,-92.219182439,231.083186786,234.989886218
1618478180987,-86.329412710,200.976289528,233.261659108
1618478181081,-95.222402497,236.041041589,234.943594423
1618478181175,-91.107214442,213.704023094,237.133482416
1618478181269,-101.245142212,271.688951671,236.573399448
1618478181363,-92.899969673,233.447597444,240.958472509
1618478181457,-83.737684844,188.168122114,238.381249755
1618478181551,-95.085681327,248.191197973,241.811473543
1618478181643,-98.276645623,254.076873813,253.756518625
1618478181737,-94.634776642,237.078970479,258.924566156
1618478181831,-93.323333372,235.539836067,279.938937148
1618478181925,-89.505120156,233.438215715,301.930548922
1618478182019,-87.121666856,207.833504612,316.178958746
1618478182113,-90.187054073,232.866351749,264.945225513
1618478182207,-85.286508601,202.706201397,142.217495630
1618478182301,-95.409453010,252.733200144,155.750390466
1618478182395,-83.772361980,210.049201828,188.148933584
1618478182489,-82.236954548,227.171015506,216.989066156
1618478182583,-78.884322698,234.312212481,251.913051299
1618478182677,-63.381858054,198.235471347,208.259239112
1618478182771,-46.092577633,186.980040036,186.411017074
1618478182859,-7.834205324,237.587062141,160.330652779
1618478182953,-5.755142306,271.138278805,213.288157789
1618478183047,-13.955113145,342.184581517,225.325073704
1618478183141,-50.201530443,457.344302847,229.267560007
1618478183235,-121.758403385,527.689926607,228.918861621
1618478183329,-216.600208927,264.372607115,231.295306913
1618478183423,-140.064249347,212.027223852,233.766319272
1618478183517,-78.646808140,194.790078243,231.647151715
1618478183611,-2.473048092,333.931366256,231.655169562
1618478183705,-128.016368329,356.487301053,232.322247193
1618478183799,-108.238327533,264.887508057,231.758286745
1618478183893,-108.874736653,238.264838806,232.913493630
1618478183987,-109.811927081,229.128613175,233.054821500
1618478184078,-108.923548675,219.738299093,234.095814133
1618478184173,-104.219768784,212.260260067,231.128288797
1618478184268,-98.933775618,219.788840045,233.095342229
1618478184363,-102.206887888,234.964369302,237.944310317
1618478184458,-100.306746444,242.399805906,229.893559311
1618478184553,-99.576824793,226.908692895,236.019526663
1618478184648,-109.009119502,289.290307122,231.399717448
1618478184743,-102.297598458,280.890128835,234.524835737
1618478184838,-89.422822062,190.554030143,235.349635324
1618478184933,-97.517904600,228.559454218,233.976102219
1618478185028,-95.165181804,229.816318807,231.992377981
1618478185123,-89.546413432,202.048694394,233.251645998
1618478185218,-100.027290393,254.844574863,232.768024676
1618478185307,-88.131261429,188.113154559,234.363088868
1618478185401,-89.043281082,216.330009641,232.090289295
1618478185495,-85.967509063,206.071665820,234.186072082
1618478185589,-91.695049389,221.551010464,235.060214612
1618478185683,-85.642801695,208.466981014,230.201055123
1618478185777,-87.733514948,198.031397668,232.289155745
1618478185871,-95.262119937,253.063147258,233.803332099
1618478185965,-98.032408228,251.869866902,229.767788523
1618478186059,-87.372394765,211.072587261,234.167389355
1618478186153,-91.117008299,215.752423761,232.133030496
1618478186247,-92.176901766,225.932296704,231.037980396
1618478186341,-103.095385642,260.123039066,234.718739331
1618478186435,-94.038996490,244.018542772,234.859770942
1618478186523,-99.701961693,250.236819467,233.783036387
1618478186617,-97.433612415,255.852594510,233.749275673
1618478186711,-94.647356577,238.141139778,232.923985677
1618478186805,-94.395823227,237.898076686,229.935592234
1618478186899,-99.278593993,241.260678141,232.894858356
1618478186993,-95.186329401,227.920828994,232.991402163
1618478187087,-91.895736077,217.600850861,231.097097495
1618478187181,-106.939683872,296.889101772,236.356778220
1618478187275,-90.296048293,199.811404528,230.263198650
1618478187369,-85.846334330,195.647002980,233.330093108
1618478187463,-86.335071005,190.120369555,232.353684439
1618478187557,-86.354972183,201.102602947,235.260479712
1618478187651,-97.783727364,248.698959164,232.825406668
1618478187743,-88.012004109,198.407674801,235.276305361
1618478187837,-103.274902900,260.010202847,229.710455829
1618478187931,-98.779202374,232.908831055,234.010188312
1618478188025,-92.293800684,220.568062848,235.078729516
1618478188119,-88.699768027,204.748505293,234.198426513
1618478188213,-95.045688611,232.167731910,231.951748569
1618478188307,-87.865097030,193.739727147,234.329227336
1618478188401,-95.797010678,241.822663053,233.870936945
1618478188495,-91.471072481,220.502188224,231.116692837
1618478188589,-85.972054879,206.152189510,233.232005535
1618478188683,-103.593177525,274.408921817,231.557339981
1618478188777,-92.485617857,227.457953557,233.023735244
1618478188871,-98.160420388,249.560554038,231.808024842
1618478188960,-95.398059381,240.851069096,233.889345839
1618478189055,-95.620180278,219.181011697,233.063669313
1618478189150,-87.621522560,205.361820777,233.202037010
1618478189245,-91.404599451,231.999506803,235.981330482
1618478189340,-89.984309307,216.038574578,230.093010442
1618478189435,-89.723174995,214.748064092,233.105060018
1618478189530,-89.082952571,206.642180880,237.180745148
1618478189625,-100.976178001,252.591980413,230.770383166
1618478189720,-95.963870479,239.705332956,233.909380709
1618478189815,-93.602633185,246.804002327,234.833762935
1618478189910,-92.241577467,220.309978765,235.081139263
1618478190005,-92.625608906,216.323956724,232.155705242
1618478190100,-95.913724186,239.457512912,232.911694620
1618478190197,-90.116833998,205.809620909,232.179181750
1618478190291,-93.300678219,224.543992694,236.032268953
1618478190385,-103.118009291,268.118726750,230.625408981
1618478190479,-100.813290711,262.670883894,229.685612886
1618478190573,-86.666147097,203.640411156,232.246121102
1618478190667,-91.877771053,219.512068765,233.097926459
1618478190761,-98.243769291,264.798283838,236.665749222
1618478190855,-94.915446937,241.407968115,230.865471916
1618478190949,-94.193856046,225.016083766,233.037198071
1618478191043,-102.902158241,277.935886430,230.543082618
1618478191137,-92.074971941,215.486624009,234.088826977
1618478191231,-97.362683659,243.618185816,229.844834977
1618478191325,-89.702136676,207.760211018,237.198317216
1618478191414,-101.423635218,256.803287786,233.749736053
1618478191508,-89.941046662,214.882831649,235.141149931
1618478191602,-94.460307602,234.216754696,233.932616718
1618478191696,-93.851230215,243.090612833,236.868435081
1618478191790,-96.219012839,243.908173032,230.851464410
1618478191884,-109.159169634,286.089904625,230.438936865
1618478191978,-85.011936241,185.581514996,234.414738127
1618478192072,-103.769977299,267.398773014,231.641468295
1618478192166,-100.160709645,248.561983527,232.808011495
1618478192260,-94.128777141,222.752526159,232.086344232
1618478192354,-91.023482310,197.464399399,233.275775719
1618478192448,-99.096022157,225.474535881,232.995569229
