1618476634920,-99.085171620,237.252325870,237.025774171
1618476635013,-79.820689928,187.265819552,235.848126229
1618476635106,-85.761752505,212.283612859,234.922821742
1618476635205,-87.702569893,216.547308826,237.955744157
1618476635299,-84.085303585,205.693481545,236.917170546
1618476635393,-89.002244094,225.303866810,229.983310328
1618476635487,-107.534953324,259.816671556,237.113073840
1618476635581,-95.191608482,226.450414861,233.001600737
1618476635675,-113.947245998,275.539370651,234.158289269
1618476635769,-89.647745520,223.119841332,236.971994563
1618476635863,-88.858644394,218.264898005,232.965402246
1618476635957,-92.309806840,225.026855849,232.985879772
1618476636051,-102.635335734,251.000528323,235.088849826
1618476636145,-89.543817735,228.278354630,237.004543167
1618476636239,-114.849131315,281.360844639,236.182532228
1618476636333,-99.257603165,251.761886594,234.077339959
1618476636423,-64.699021633,162.472771431,235.763567688
1618476636517,-90.699644664,214.189728283,236.947365509
1618476636611,-85.630733146,212.677033493,233.938435598
1618476636705,-103.974895960,252.448029776,235.083332374
1618476636799,-74.472760454,187.447940279,234.845219553
1618476636893,-78.587360567,200.821556415,236.896302206
1618476636987,-101.593733257,247.850620621,236.063439641
1618476637081,-96.138340145,236.377309344,234.026218352
1618476637175,-86.154919364,212.558536038,234.934460550
1618476637269,-100.175612025,247.517037094,235.051592359
1618476637363,-91.082971814,230.195042190,234.000693164
1618476637457,-105.284198424,258.876516768,237.102624771
1618476637551,-85.719548699,213.236516781,235.947531792
1618476637644,-79.194226982,190.494598868,232.859601046
1618476637738,-102.197312425,248.620160900,237.076836278
1618476637832,-86.703293607,219.899714256,234.964104413
1618476637926,-102.003662272,250.164946673,233.075218484
1618476638020,-85.726858165,206.552290784,235.930884437
1618476638114,-111.971690734,274.596832993,237.158493485
1618476638208,-90.505695537,225.838036424,233.995870477
1618476638302,-66.098090871,163.410865165,235.766901596
1618476638396,-94.566973216,242.086307291,233.046507662
1618476638490,-100.107295031,233.304331464,237.025958995
1618476638584,-122.330282241,294.245409112,235.228322913
1618476638678,-89.150443422,216.249422813,231.951131577
1618476638772,-94.953108892,223.188364487,232.982899842
1618476638862,-92.579245187,223.660225701,235.988130716
1618476638956,-97.062301356,232.847860448,234.017228898
1618476639050,-111.029193905,265.329189158,235.125557040
1618476639144,-78.690164501,198.712513858,234.888806841
1618476639238,-113.561838290,273.633391134,234.155069492
1618476639332,-104.803570531,253.395998568,237.090255295
1618476639426,-82.759362564,204.927290620,233.914447566
1618476639520,-107.604893215,251.578262772,237.080241293
1618476639614,-108.440849046,267.647572822,237.137350303
1618476639708,-113.963874518,277.279867772,237.175136607
1618476639802,-94.896111456,238.158605544,235.032548933
1618476639896,-102.840174342,243.728522326,236.048790042
1618476639990,-88.512703428,215.100988929,233.954157973
1618476640082,-120.423783703,297.815907586,234.237458253
1618476640176,-86.204757413,217.727803135,234.959939537
1618476640270,-82.540199624,209.113511768,234.929325053
1618476640364,-94.348911737,230.820188285,236.002914882
1618476640458,-79.651454315,196.621517661,234.888483448
1618476640552,-91.103030807,214.137969781,235.950735482
1618476640646,-94.093184525,231.569753449,240.009132693
1618476640740,-90.982519435,221.906795778,233.974791334
1618476640834,-69.756442750,172.010568271,236.797464236
1618476640928,-99.466579671,241.499607571,236.037314744
1618476641022,-113.652515295,269.145137560,235.139118607
1618476641116,-83.926001087,209.020416886,236.932548119
1618476641210,-108.139460166,263.588392522,239.126478227
1618476641300,-109.029327668,262.628095206,237.108849737
1618476641394,-98.119566858,242.385291483,235.051124146
1618476641488,-96.443691899,231.393692603,237.012060905
1618476641582,-119.085277824,293.669476203,236.226276094
1618476641676,-79.017033686,197.480886623,235.891537575
1618476641770,-101.613142425,243.194837444,237.046893370
1618476641864,-105.111006344,251.767985027,237.084469469
1618476641958,-86.379153697,217.137757210,233.961396480
1618476642052,-109.439495084,269.995094251,238.145693201
1618476642146,-99.391366888,239.322804564,238.036686400
1618476642240,-81.361581453,202.641520699,234.902770209
1618476642334,-104.240585431,254.072587132,238.085552000
1618476642428,-93.259173310,223.907831398,236.985456769
1618476642518,-90.820574586,219.175407146,236.965084203
1618476642612,-79.454318174,191.456700520,233.870128112
1618476642706,-88.090356656,217.458880795,234.958983809
1618476642800,-71.561625404,177.254018709,232.812545110
1618476642894,-81.407945063,191.347691051,233.869740701
1618476642988,-74.876724541,187.397540353,236.848594354
1618476643082,-83.810800804,207.398910901,234.923231502
1618476643176,-84.265746179,204.766944514,234.910323791
1618476643270,-98.425470659,242.753676638,236.045325520
1618476643364,-100.562068882,242.074778653,235.046466691
1618476643458,-80.355017409,199.275386378,231.894361162
1618476643552,-96.516790674,228.864117810,236.995963168
1618476643646,-83.135560721,199.759508621,236.892527775
1618476643736,-98.024734598,222.006031137,234.975144009
1618476643830,-104.911210500,255.649028293,237.091154542
1618476643924,-94.316092227,219.340222544,237.969223861
1618476644018,-90.078529649,213.080374805,234.950530794
1618476644112,-85.852599964,201.445055778,235.898518071
1618476644206,-83.837811352,198.059587931,234.890040314
1618476644300,-100.704180390,234.006023991,234.014237081
1618476644394,-103.116211724,239.675996168,233.034387696
1618476644488,-103.707618401,232.014105737,237.014265802
1618476644582,-114.194211871,258.664984999,237.101873005
1618476644676,-100.932261324,218.087245436,233.957663048
1618476644770,-108.653445200,243.289577347,233.047230067
1618476644864,-129.092822263,288.635098360,235.201276493
1618476644954,-105.506355542,227.138179513,236.979167571
1618476645048,-104.210783410,216.391264278,234.951635670
1618476645142,-95.245930261,191.914729594,235.843324566
1618476645236,-123.458546018,239.376497658,237.987122370
1618476645330,-129.881482863,295.877739024,236.074197771
1618476645424,-111.542946611,247.418560732,235.912639582
1618476645518,-152.357445227,358.906444478,231.195132999
1618476645612,-77.474110346,307.114493178,238.003960817
1618476645706,-129.389032880,289.824359953,235.120209000
1618476645800,-182.501186940,303.528846438,235.012541231
1618476645894,-115.677982827,407.385286737,230.905413493
1618476645988,-48.522593563,452.593250975,236.179804263
1618476646082,12.860191615,261.821606207,232.917625890
1618476646172,-13.150455714,187.950860098,232.967840099
1618476646266,-86.163757931,213.399030354,236.168452265
1618476646360,-115.151497322,198.460350561,233.051390899
1618476646454,-103.998250556,153.436733040,233.891380657
1618476646548,-155.103842873,210.049737436,233.067701204
1618476646642,-165.819670275,226.770464599,234.931659809
1618476646736,-191.452206778,288.906666616,231.928589942
1618476646830,-205.790253111,405.037933845,229.772684065
1618476646924,-148.923707922,552.924885062,230.049487899
1618476647018,-128.718803483,452.338990167,230.997650825
1618476647112,-78.777535105,498.529163423,234.023204111
1618476647206,-58.961568001,443.573037442,230.158408918
1618476647300,-57.496737856,408.831063466,225.162879839
1618476647394,3.863067189,267.203579464,224.783934510
1618476647488,-20.704725365,292.059417652,204.039304263
1618476647582,-26.528498887,267.943752941,204.021123610
1618476647676,-36.567820716,242.633370150,177.988035274
1618476647770,-44.121028660,223.530981605,203.959240050
1618476647864,-38.826665187,175.175640450,209.798050889
1618476647958,-52.099269431,194.323494338,216.883870380
1618476648052,-88.704376354,256.864230790,298.106135026
1618476648146,-73.303104278,217.309691718,265.969115357
1618476648240,-73.256810103,204.447346833,229.926957557
1618476648334,-96.303911744,257.624265339,198.119497880
1618476648428,-103.179243688,268.383320202,182.143519007
1618476648522,-85.595588336,228.400052000,162.004975670
1618476648613,-96.917732326,246.962950787,147.074500607
1618476648707,-93.836607692,232.317321406,169.015343406
1618476648801,-97.095726584,250.732066831,186.084341818
1618476648895,-87.511638613,221.799894254,243.970857497
1618476648989,-81.857184951,205.507946310,303.923619005
1618476649083,-92.930512661,243.940880990,264.049544747
1618476649177,-74.324171804,187.800060707,284.860686632
1618476649271,-67.798627653,178.161845086,305.822879287
1618476649365,-97.865868144,244.139625047,302.057358903
1618476649459,-91.967044196,226.922530652,300.999724680
1618476649553,-94.610468928,243.837848649,303.038516825
1618476649647,-90.349037131,228.171187242,296.011270139
1618476649741,-97.828561207,245.051927476,289.057047233
1618476649832,-70.130275866,185.642860320,276.842358365
1618476649926,-95.739633863,240.492181399,271.047950106
1618476650020,-102.486525250,258.702831480,265.112669262
1618476650114,-89.391654440,221.517846956,257.969855124
1618476650208,-97.453415338,239.819366311,255.045558976
1618476650302,-83.268758342,202.124729412,250.918703165
1618476650396,-84.428164601,209.200854765,248.936743298
1618476650490,-99.590642811,240.791243313,247.038351193
1618476650584,-88.640759660,215.051307056,242.946873572
1618476650678,-119.658321156,293.016531565,241.231063419
1618476650772,-98.086137453,238.605300452,241.034136450
1618476650866,-80.614864662,203.236914602,240.904886190
1618476650960,-102.331680726,254.286725223,243.086313029
1618476651048,-103.629051311,258.985755505,242.088797325
1618476651142,-93.721502990,229.696040105,241.006027587
1618476651236,-77.745714286,189.440278192,238.855854077
1618476651330,-83.495518460,213.359183763,236.937305987
1618476651424,-96.025830295,234.762127772,239.016924211
1618476651518,-109.239401430,260.121916479,237.110604738
1618476651612,-82.835110322,201.403942802,241.898371959
1618476651706,-102.383773352,251.707771187,237.070039802
1618476651800,-84.533063268,211.798144695,236.945973854
1618476651894,-87.007545016,215.913510932,235.949937774
1618476651988,-106.417330263,259.189470338,236.103736983
1618476652082,-85.206729550,205.978918072,232.918184964
1618476652176,-118.092694651,289.985502579,237.209629636
1618476652269,-118.452862635,285.130742578,237.195930136
1618476652363,-86.140832044,219.928237696,237.967759701
1618476652457,-82.183671709,207.275420103,235.926346543
1618476652551,-68.786242517,179.431322905,235.806067399
1618476652645,-98.232165666,234.896457000,234.010293771
1618476652739,-91.763895446,222.392875450,233.972964904
1618476652833,-94.663165327,227.208201320,234.997186012
1618476652927,-80.089718302,201.651746655,234.892144798
1618476653021,-97.034445031,242.185195248,237.050413020
1618476653115,-84.700051259,209.138571482,240.922306277
1618476653209,-74.104797411,185.582968009,234.842145513
1618476653303,-81.493391102,199.600662000,233.895517165
1618476653397,-75.518349002,186.905809665,233.853954619
1618476653486,-129.939283051,319.184031820,235.316952732
1618476653580,-85.336673907,211.985787206,234.935978966
1618476653674,-97.498790193,238.224620785,235.029229627
1618476653768,-104.828085782,255.453626671,235.090460101
1618476653862,-79.709011583,194.406113578,236.880610084
1618476653956,-92.130185959,229.306028680,237.001087601
1618476654050,-94.461918158,232.735128756,232.995504751
1618476654144,-100.874128938,246.159043731,237.057427916
1618476654238,-87.058936754,219.735726096,235.967075531
1618476654332,-93.018522512,227.692836752,234.991800531
1618476654426,-103.027012670,253.570540746,237.083767768
1618476654520,-99.532413193,240.654362707,235.037864731
1618476654614,-105.491349389,262.012763215,240.096001144
1618476654707,-95.221177501,233.870627075,233.010201973
1618476654801,-92.742371892,223.342279942,236.972785091
1618476654895,-103.444527406,255.902698582,236.095609983
1618476654989,-83.292322750,213.881530756,232.935608447
1618476655083,-82.299168386,206.196214431,236.918957217
1618476655177,-82.638504748,206.993893841,236.921792104
1618476655271,-111.285187571,268.281658738,236.136049874
1618476655365,-94.900937746,237.169950724,234.032589252
1618476655459,-82.426507288,208.846254716,236.928375243
1618476655553,-111.878624733,268.676653965,237.141007573
1618476655647,-82.070609434,202.308235748,236.908693578
1618476655741,-121.336401982,301.311907399,235.253436668
1618476655835,-87.244516558,210.769152539,236.935209064
1618476655924,-80.995812100,206.132409342,235.908068705
1618476656018,-102.430069681,250.167304358,233.078780781
1618476656112,-78.562339730,200.061331439,238.879384757
1618476656206,-72.784566745,181.830200441,236.839470239
1618476656300,-75.606216731,186.112360704,230.854688685
1618476656394,-78.422800413,200.434724170,231.894927436
1618476656488,-92.509930811,226.497288106,233.987551649
1618476656582,-87.825108587,213.133952657,235.940059452
1618476656676,-69.155188735,168.246493743,235.784087024
1618476656770,-124.716373223,300.854403194,236.248256817
1618476656864,-104.957352656,250.406790660,233.083185813
1618476656958,-97.182267352,238.480569213,236.026585329
1618476657052,-99.189629280,245.900691709,237.060063672
1618476657144,-87.115491154,206.764443590,236.917422739
1618476657239,-97.230087175,237.592979473,234.026984826
1618476657334,-113.095490704,275.238554296,236.167881946
1618476657429,-110.624402811,266.728349230,240.130529540
1618476657524,-69.855298289,183.996469376,236.840061145
1618476657619,-94.130689719,224.904396090,234.967674970
1618476657714,-95.936099143,234.901900571,239.024528788
1618476657809,-97.844963617,244.090484690,238.057184262
1618476657904,-98.122583183,240.041677776,232.042795135
1618476657999,-97.717751528,243.440742502,233.047767296
1618476658094,-92.956669005,226.495324868,236.966221164
1618476658189,-79.908631227,200.576768702,235.898986168
1618476658284,-88.479354154,221.724003042,234.970587786
1618476658384,-104.834327905,258.819004251,236.098866459
1618476658479,-77.063241255,194.888098559,235.875215183
1618476658574,-98.535459274,235.310818947,237.029535969
1618476658669,-88.384847073,223.852549045,236.978152464
