1610679726292,211.343437774,210.202539978,422.969547584
1610679726387,322.516606515,322.346128934,230.416571524
1610679726482,-46.737026671,99.999876464,583.788303560
1610679726577,134.934083554,169.468314402,502.378925575
1610679726672,370.162208424,339.228010271,216.534695922
1610679726767,381.103196991,327.287060762,224.446102629
1610679726862,42.613308050,128.763623291,565.935959066
1610679726957,369.191736905,334.257541976,223.475633720
1610679727052,72.406553248,187.350196439,449.821892080
1610679727147,-14.943753146,91.029409588,610.581585853
1610679727242,370.191766967,316.375659444,272.091729417
1610679727331,165.697838813,235.995815854,362.412514099
1610679727425,-59.618912744,77.147534384,642.345337048
1610679727519,307.664264236,271.700501630,319.766887309
1610679727613,235.195793828,282.641446400,302.885011707
1610679727707,-69.559815966,79.147526409,622.492992557
1610679727801,239.136743478,250.877692471,391.205796393
1610679727895,252.048157866,282.641441892,286.003136113
1610679727989,-62.618885046,91.058934693,594.699710261
1610679728083,152.786421807,186.350191440,483.526581077
1610679728177,354.280363083,333.257534393,214.534695927
1610679728271,-25.884672399,133.763625404,542.083614568
1610679728365,74.377016631,143.675039818,543.083614562
1610679728459,375.162222687,339.228006981,223.475633723
1610679728551,47.583814455,168.497834734,468.674236590
1610679728645,12.819998942,113.881753878,598.699710256
1610679728739,366.221306161,327.316595376,241.327978223
1610679728833,121.022710223,205.202526800,395.205796399
1610679728927,-37.766491897,85.117985673,637.404399263
1610679729021,43.613301794,173.438782627,478.556112179
1610679729115,208.402504842,251.848165648,309.825949504
1610679729209,-72.530258139,78.147520244,630.433930361
1610679729303,271.900510974,246.877688711,367.412514101
1610679729397,273.900500565,299.493786804,268.121260515
1610679729491,-68.530274439,87.088461802,613.581585861
1610679729585,196.491112235,204.202535605,444.821892084
1610679729679,343.398500212,312.405186961,228.416571527
1610679729768,-37.796084954,119.881751158,577.847365762
1610679729862,123.022662958,163.527379809,506.378925572
1610679729956,373.162197737,339.228012736,218.505164819
1610679730050,17.790484122,154.586439116,509.378925574
1610679730144,-75.500789082,81.147534555,630.463461450
1610679730238,369.191754029,334.257538026,239.357509320
1610679730332,89.258924989,203.232065752,432.910485387
1610679730426,-15.943680988,89.058924045,611.581585866
1610679730520,360.250850751,313.405185567,267.150791622
1610679730614,162.727391566,231.995810860,345.560169606
1610679730708,-64.589322409,65.265645124,636.404399260
1610679730802,309.634746006,271.730029763,327.707825110
1610679730896,246.107263199,280.641431944,296.914542818
1610679730986,-63.589355367,80.147528323,620.492992556
1610679731080,240.166274303,228.054879139,404.117203091
1610679731174,310.634708940,313.405196205,242.327978218
1610679731268,33.672349926,124.822690181,579.817834660
1610679731362,151.786428302,183.350189942,471.644705481
1610679731456,360.250837526,344.168939812,218.534695928
1610679731550,-21.914191223,126.793153673,538.172207872
1610679731644,85.288444590,134.734097116,545.083614566
1610679731738,372.162225177,333.257537507,209.564227025
1610679731832,55.524726313,169.468309617,466.674236585
1610679731926,1.908608749,97.999874474,599.670179158
1610679732020,374.162187922,322.316608302,239.357509314
1610679732114,122.022690122,208.202531436,385.264858597
1610679732207,-41.736995730,78.147524831,627.463461458
1610679732301,333.457508247,291.582386058,294.944073907
1610679732395,260.989121425,251.848153655,376.353451903
1610679732489,-70.530295938,73.177060063,636.404399253
1610679732583,279.870955949,259.818632028,364.412514097
1610679732677,279.870967154,297.523318437,255.239384917
1610679732771,-62.618878523,87.117995390,616.552054758
1610679732865,205.432085373,203.202527454,447.821892090
1610679732959,346.398440181,312.405200807,221.505164818
1610679733053,-33.796046023,104.940804380,571.906427970
1610679733147,120.081744541,155.556906439,521.260801173
1610679733241,379.162214694,330.257539925,210.564227024
1610679733335,18.879107156,137.675025561,498.408456680
1610679733423,50.672374259,121.793153468,573.876896866
1610679733517,398.162217529,326.228008171,213.534695923
1610679733611,111.288485628,176.320652241,429.940016492
1610679733705,17.085800581,67.058935470,624.492992555
1610679733799,410.339383568,265.375668417,261.180322712
1610679733893,312.668305795,164.877691894,368.412514098
1610679733987,143.410664043,-113.852476154,644.345337056
1610679734081,76.605159399,-270.329019636,339.619231798
1610679734175,0.136759131,-59.388091045,297.944073913
1610679734269,-315.559821357,180.147527652,635.404399254
1610679734363,370.166260479,686.966289026,409.117203089
1610679734457,-117.394828501,223.405197667,244.327978217
1610679734551,-280.618874892,336.999870150,605.670179162
1610679734641,336.166271875,424.730037592,305.885011708
1610679734735,411.280310409,367.257546542,229.505164817
1610679734829,20.026778742,137.793146254,542.172207878
1610679734923,103.318021306,141.704555494,527.113145675
1610679735017,385.162248423,329.257532146,146.505164828
1610679735111,55.613309951,172.438780745,377.615174382
1610679735205,9.879045596,116.881757464,441.699710253
1610679735299,370.221265018,328.287073766,143.298447116
1610679735393,120.081780336,209.172993874,672.205796401
1610679735487,-45.707498249,83.088470384,614.492992552
1610679735581,343.398501057,296.523311168,374.914542816
1610679735675,202.461604239,253.848157068,417.707825108
1610679735769,9.879080039,137.704562916,547.378925575
1610679735862,283.841458141,264.759562148,380.442045203
1610679735956,294.752847328,297.523317382,292.062198314
1610679736050,-77.471240393,85.088468297,615.611116957
1610679736144,213.372986547,210.143473701,444.851423184
1610679736238,335.457556409,330.287063943,242.357509324
1610679736332,-30.796060647,98.999869954,564.935959068
1610679736426,116.081765188,159.556901677,508.378925579
1610679736520,376.162204850,329.257542196,213.564227022
1610679736614,19.790486102,144.645500861,519.290332273
1610679736708,51.554247502,129.793154011,580.817834664
1610679736802,377.162222514,332.257538121,229.446102622
1610679736896,-49.677913952,82.117989215,634.433930361
1610679736990,-6.002771850,97.999868454,623.522523660
1610679737080,363.250847552,307.434717405,267.150791621
1610679737174,164.727373015,221.054877340,360.442045200
1610679737268,-51.677963754,84.088469601,628.433930352
1610679737362,303.693802305,276.670968923,329.707825109
1610679737456,228.254870876,274.700505176,302.885011709
1610679737550,-67.559833928,77.147530552,626.463461453
1610679737644,260.018609986,227.025350071,393.205796392
1610679737738,304.693796539,303.464252548,247.268916021
1610679737832,-54.648392008,86.088460226,595.699710265
1610679737926,178.609275752,193.291119886,453.733298789
1610679738020,67.436120016,141.675030319,558.995021267
1610679738114,-13.943726568,128.793154652,552.995021267
1610679738208,112.111288199,148.645496845,539.113145672
1610679738298,375.162246591,321.316594769,223.475633727
1610679738392,41.642837507,155.586437066,475.585643281
1610679738486,29.731442314,115.881745419,597.729241363
1610679738580,381.132717594,312.405187586,233.387040426
1610679738674,117.081764594,197.261590807,409.087671995
1610679738768,-32.796075822,75.147528958,624.492992555
1610679738862,351.339407293,290.552849549,293.944073911
1610679738956,195.491113667,233.966286470,334.619231802
1610679739050,-53.648418834,62.265653018,618.522523656
1610679739144,343.398437662,283.611919093,297.914542804
1610679739238,264.989116548,282.611905975,276.062198318
1610679739332,-48.677945687,75.147527635,622.492992556
1610679739426,228.254860895,215.143473989,416.028609788
1610679739517,331.487059455,309.405194817,240.357509319
1610679739611,-41.737041551,96.999879896,575.847365758
1610679739705,156.786440924,161.527373634,483.526581080
1610679739799,374.162209772,318.375665463,215.534695922
1610679739893,5.908618603,125.793154497,524.260801174
1610679739987,73.406609824,127.763618799,558.995021271
1610679740081,387.073641600,331.257535264,219.475633725
1610679740175,64.465672256,178.409245537,445.792360989
1610679740269,366.221309580,323.316594588,211.564227029
1610679740363,372.191753127,312.405193737,253.239384918
1610679740457,159.786466584,205.202525608,376.323920803
1610679740551,-36.796068799,67.236120640,635.433930355
1610679740645,343.398434144,283.611919904,303.855480602
1610679740736,219.284398030,251.848161590,302.885011709
1610679740830,-65.559796129,61.265646236,627.492992561
1610679740924,266.959570050,241.936751634,380.294389698
1610679741018,296.723322460,294.523315944,256.209853819
1610679741112,-53.648409072,79.147526363,605.640648061
1610679741206,212.373018661,200.232059595,446.821892089
1610679741300,351.339427612,326.287064956,226.446102626
1610679741394,183.579695902,233.995820123,345.560169599
1610679741488,118.081772164,147.615962269,520.260801178
1610679741582,401.955508381,328.287068398,213.564227026
1610679741676,41.642836978,143.645499390,489.497049979
1610679741770,35.672405039,112.881739670,571.876896871
1610679741864,386.073661681,329.257530632,228.416571527
1610679741953,85.317993059,193.291126600,419.999078690
1610679742047,-17.914205275,82.117999022,609.611116957
1610679742141,358.280345656,313.405193916,278.062198313
1610679742235,176.638790629,246.907219319,355.501107403
1610679742329,-57.618892900,80.147529807,630.433930353
1610679742423,323.546124263,268.730036323,337.619231803
1610679742517,-21.884668922,116.852217904,541.083614569
1610679742611,-66.559806062,77.147524124,622.492992559
1610679742705,243.136773760,221.084403191,410.117203097
1610679742799,323.546122724,311.405194570,240.327978219
1610679742893,-55.618848056,93.029395061,589.758772469
1610679742987,168.697828077,189.320660438,482.556112178
1610679743081,357.280332373,180.379723301,219.505164821
1610679743174,-101.294068384,-149.169193398,548.054083464
1610679743268,25.760926506,-256.371851399,377.323920791
1610679743362,283.841405820,-211.696693704,-89.191409330
1610679743456,160.756877063,-56.848408273,54.715939947
1610679743550,190.520668417,103.940807337,135.154849041
