1610678919052,157.756371634,205.411377631,428.045307429
1610678919146,159.756381962,201.411380760,427.045307340
1610678919240,158.756359386,202.411373920,426.045307535
1610678919334,159.756353587,203.411372163,425.045307585
1610678919428,159.756340788,202.411368286,428.045307696
1610678919522,159.756359043,204.411373816,429.045307538
1610678919616,156.756376739,205.411379177,427.045307385
1610678919710,156.756360865,204.411374368,427.045307522
1610678919804,156.756363246,205.411375090,428.045307502
1610678919898,156.756353819,208.411372234,429.045307583
1610678919992,154.756371075,204.411377462,425.045307434
1610678920086,154.756359962,205.411374095,427.045307530
1610678920174,155.756353171,203.411372037,429.045307589
1610678920268,159.756368469,201.411376672,428.045307456
1610678920362,157.756382746,204.411380997,426.045307333
1610678920456,156.756360865,204.411374368,427.045307522
1610678920550,158.756373574,201.411378219,427.045307412
1610678920644,158.756361073,204.411374431,425.045307520
1610678920738,158.756376947,205.411379240,425.045307383
1610678920832,156.756375052,203.411378667,428.045307400
1610678920926,159.756381268,202.411380550,425.045307346
1610678921020,159.756354281,202.411372374,427.045307579
1610678921114,156.756344991,203.411369559,427.045307659
1610678921208,158.756357005,201.411373199,425.045307556
1610678921302,154.756367008,201.411376229,425.045307469
1610678921402,160.756356221,198.411372961,426.045307562
1610678921497,158.756341131,200.411368390,425.045307693
1610678921592,154.756345380,195.411369677,426.045307656
1610678921687,152.756360352,197.411374213,426.045307527
1610678921782,150.756380683,193.411380372,425.045307351
1610678921877,142.756374993,184.411378648,426.045307400
1610678921972,113.756344654,159.411369457,426.045307662
1610678922067,7.756362436,99.411374844,427.045307509
1610678922162,82.756358536,228.411373663,432.045307542
1610678922257,166.756340063,266.411368066,427.045307702
1610678922352,202.756357406,193.411373320,430.045307552
1610678922447,203.756343268,223.411369037,425.045307674
1610678922542,214.756380584,171.411380342,426.045307352
1610678922636,139.756367199,141.411376287,429.045307467
1610678922730,102.756383214,319.411381139,427.045307329
1610678922824,155.756368719,346.411376748,425.045307454
1610678922918,269.756380732,429.411380387,428.045307351
1610678923012,324.756347619,332.411370355,428.045307637
1610678923106,270.756353848,198.411372242,430.045307583
1610678923200,213.756381121,183.411380505,433.045307347
1610678923294,184.756379843,188.411380118,450.045307358
1610678923388,173.756352948,193.411371970,493.045307591
1610678923482,169.756382772,195.411381005,623.045307333
1610678923576,162.756350351,195.411371183,592.045307613
1610678923670,165.756340237,198.411368119,327.045307700
1610678923764,161.756362540,198.411374876,339.045307508
1610678923856,158.756357129,202.411373237,268.045307554
1610678923951,156.756350958,202.411371367,335.045307608
1610678924046,156.756368907,202.411376805,395.045307453
1610678924141,160.756373390,205.411378163,391.045307414
1610678924236,158.756378651,203.411379757,316.045307368
1610678924331,156.756367718,201.411376445,381.045307463
1610678924426,155.756355347,208.411372696,467.045307570
1610678924521,159.756381263,203.411380548,452.045307346
1610678924616,160.756357013,204.411373201,433.045307555
1610678924711,159.756356662,203.411373095,428.045307558
1610678924806,160.756381619,203.411380656,430.045307343
1610678924901,156.756342610,202.411368838,426.045307680
1610678924996,347.548419502,259.608274400,427.414054844
1610678925087,161.756375125,205.411378688,427.045307399
1610678925180,158.756372880,202.411378008,425.045307418
1610678925273,157.756342266,204.411368734,429.045307683
1610678925366,158.756380022,205.411380172,428.045307357
1610678925459,158.756343512,201.411369111,426.045307672
1610678925552,159.756360729,206.411374327,428.045307523
1610678925645,158.756364148,204.411375363,428.045307494
1610678925738,158.756376947,205.411379240,425.045307383
1610678925831,157.756341572,205.411368523,427.045307689
1610678925924,156.756363246,205.411375090,428.045307502
1610678926017,159.756370155,203.411377183,427.045307442
1610678926110,159.756373925,202.411378325,432.045307409
1610678926203,161.756341690,201.411368559,428.045307688
1610678926300,386.210579415,271.715531298,424.097276443
1610678926394,161.756371752,201.411377667,429.045307428
