1618477337897,-1.971998
1618477337990,-2.120007
1618477338083,0.804696
1618477338176,2.589003
1618477338269,1.286489
1618477338362,-1.309470
1618477338455,-2.255980
1618477338548,-0.296074
1618477338641,2.230294
1618477338734,2.173584
1618477338823,-0.711871
1618477338917,-2.416370
1618477339011,-1.094309
1618477339105,1.693455
1618477339199,2.143919
1618477339293,0.055632
1618477339387,-2.320769
1618477339481,-1.710562
1618477339575,1.557387
1618477339669,2.429142
1618477339763,0.409912
1618477339857,-2.052653
1618477339951,-1.933456
1618477340041,0.330658
1618477340152,2.552437
1618477340263,1.603044
1618477340374,-1.603550
1618477340485,-2.311556
1618477340596,0.099488
1618477340707,2.148415
1618477340818,2.186301
1618477340929,-0.659496
1618477341040,-2.427614
1618477341151,-0.967008
1618477341262,2.040979
1618477341373,2.268805
1618477341489,-0.275516
1618477341568,-2.466364
1618477341647,-1.413167
1618477341726,1.148923
1618477341805,2.547715
1618477341884,0.786066
1618477341963,2.205895
1618477342042,-2.141690
1618477342121,-0.439298
1618477342200,2.466088
1618477342279,-1.161272
1618477342358,-1.487354
1618477342437,2.494327
1618477342510,-0.093579
1618477342604,-2.058467
1618477342698,2.111079
1618477342792,2.563114
1618477342886,-2.293147
1618477342980,1.298439
1618477343074,1.973094
1618477343168,-2.003112
1618477343262,-0.091073
1618477343356,2.747788
1618477343450,-1.568912
1618477343544,-1.063753
1618477343638,2.519488
1618477343732,-0.508168
1618477343826,-2.029089
1618477343920,1.455519
1618477344014,0.902781
1618477344108,-2.285438
1618477344202,1.704423
1618477344296,1.963896
1618477344390,-2.275807
1618477344484,0.660144
1618477344578,2.366190
1618477344672,-1.916981
1618477344766,-0.465540
1618477344860,2.538492
1618477344949,-0.978797
1618477345043,-0.364467
1618477345137,2.309486
1618477345231,0.454447
1618477345325,-2.290082
1618477345419,1.732814
1618477345513,1.339374
1618477345607,-2.471984
1618477345701,0.855708
1618477345795,2.125126
1618477345889,-2.170171
1618477345983,-0.472668
1618477346077,2.810859
1618477346170,-1.781649
1618477346264,-1.127691
1618477346358,2.646578
1618477346452,-0.198122
1618477346546,-2.095996
1618477346640,2.150014
1618477346734,0.989685
1618477346828,-2.326077
1618477346922,1.284191
1618477347016,2.046048
1618477347110,-2.055336
1618477347204,0.206659
1618477347298,-2.239732
1618477347396,-1.414037
1618477347490,-0.798534
1618477347584,2.971997
1618477347678,-0.136204
1618477347772,-1.671683
1618477347866,2.939571
1618477347960,1.231489
1618477348054,-2.383254
1618477348148,0.247484
1618477348242,-0.626390
1618477348336,-1.227036
1618477348430,-4.713965
1618477348524,-1.523091
1618477348621,-1.262180
1618477348716,-0.804098
1618477348811,2.842580
1618477348906,1.127322
1618477349001,-0.662195
1618477349096,3.848109
1618477349191,-0.941299
1618477349286,-7.993400
1618477349381,-7.006908
1618477349476,-4.395508
1618477349571,-5.294891
1618477349666,-2.987958
1618477349761,-3.565867
1618477349851,-4.121055
1618477349945,-3.522572
1618477350039,1.360526
1618477350133,1.698100
1618477350227,-1.923741
1618477350321,-2.149210
1618477350415,-0.267729
1618477350509,0.015981
1618477350603,2.011933
1618477350697,1.645908
1618477350791,-2.609998
1618477350885,-2.647493
1618477350979,1.818091
1618477351072,2.145859
1618477351167,-0.011782
1618477351262,-0.305611
1618477351357,-1.867159
1618477351452,-1.009891
1618477351547,2.780462
1618477351642,2.691921
1618477351737,-1.843440
1618477351832,-2.200723
1618477351927,0.295667
1618477352022,1.159254
1618477352117,1.694737
1618477352212,1.097735
1618477352306,-2.578178
1618477352400,-2.196871
1618477352494,2.304650
1618477352588,2.724292
1618477352682,-0.536914
1618477352776,-0.848818
1618477352870,-1.321810
1618477352964,-0.348269
1618477353058,2.736481
1618477353152,2.060807
1618477353246,-2.060889
1618477353340,-2.238676
1618477353434,1.186328
1618477353523,1.537505
1618477353617,1.162301
1618477353711,0.619272
1618477353805,-2.452996
1618477353899,-1.904761
1618477353993,2.674869
1618477354087,2.725815
1618477354181,-1.126379
1618477354275,-1.535289
1618477354369,-0.351022
1618477354463,-0.120393
1618477354557,2.286526
1618477354651,1.979015
1618477354743,-2.322270
1618477354837,-2.182145
1618477354931,1.417541
1618477355025,2.220382
1618477355119,0.643440
1618477355213,-0.093104
1618477355307,-1.795594
1618477355401,-1.019182
1618477355495,2.485907
1618477355589,2.550041
1618477355683,-1.549441
1618477355777,-2.227070
1618477355871,0.000643
1618477355960,0.638945
1618477356054,1.931605
1618477356148,1.640138
1618477356242,-2.193446
1618477356336,-2.281887
1618477356430,2.100552
1618477356524,2.438137
1618477356618,0.036247
1618477356712,-0.596704
1618477356806,-1.452280
1618477356900,-1.138995
1618477356994,2.881353
1618477357088,2.634612
1618477357179,-2.057645
1618477357273,-2.402239
1618477357367,0.253739
1618477357461,1.167626
1618477357555,1.528506
1618477357649,1.282595
1618477357743,-2.375065
1618477357837,-1.983823
1618477357931,2.386509
1618477358025,2.417059
1618477358119,-0.655217
1618477358213,-1.428777
1618477358307,-0.860320
1618477358398,-0.676869
1618477358492,2.533429
1618477358586,2.406645
1618477358680,-1.939011
1618477358774,-2.383677
1618477358868,1.005075
1618477358962,1.474337
1618477359056,1.292241
1618477359150,0.615720
1618477359244,-2.116392
1618477359338,-1.985009
1618477359432,2.489087
1618477359526,2.719173
