1616035401887	174.697693	591.584179	-681.361398
1616035401982	183.984153	590.651425	-668.559198
1616035402077	182.516818	593.822596	-668.147513
1616035402172	175.023487	591.74068	-659.238002
1616035402267	178.667614	594.746734	-660.083061
1616035402362	179.542333	582.42579	-676.6207
1616035402457	193.046638	581.730291	-666.372321
1616035402552	168.930597	599.98102	-661.2129
1616035402647	178.727443	588.077184	-661.451502
1616035402741	165.670533	593.724066	-662.848897
1616035402837	182.812738	590.06346	-646.405346
1616035402933	177.883775	608.562901	-665.949969
1616035403029	180.031157	593.236402	-664.274512
1616035403125	175.52243	593.723362	-661.178314
1616035403221	184.090765	594.24781	-663.986013
1616035403317	191.670615	590.804276	-665.265402
1616035403413	161.656828	601.016519	-658.296643
1616035403509	190.616058	580.364901	-664.75836
1616035403605	183.824993	606.156317	-668.411914
1616035403701	167.282301	578.407766	-669.674209
1616035403797	186.960345	586.095192	-675.812678
1616035403893	180.30342	587.941153	-654.135524
1616035403994	175.909773	599.939616	-677.810766
1616035404086	191.663073	590.986846	-657.57087
1616035404178	179.228264	585.504939	-677.098275
1616035404270	172.847982	603.701726	-667.701321
1616035404362	169.876126	589.482145	-667.207612
1616035404454	196.454848	596.025113	-666.429026
1616035404546	186.467251	599.3303	-667.248568
1616035404638	169.363487	604.0533	-676.212954
1616035404730	190.041016	600.163596	-683.489854
1616035404822	173.95864	598.565258	-656.550328
1616035404914	177.178297	594.115795	-650.396704
1616035405006	167.865316	595.113533	-657.538779
1616035405098	185.650337	597.249345	-669.408905
1616035405195	195.88073	588.249766	-660.38544
1616035405289	154.446041	599.576112	-662.138231
1616035405383	151.03424	600.835963	-663.485364
1616035405477	203.291385	598.414809	-671.460971
1616035405571	183.163779	600.281609	-676.474652
1616035405665	180.927504	582.095766	-668.668074
1616035405759	181.556371	593.515322	-682.227117
1616035405853	158.2567	597.828774	-668.062371
1616035405947	182.566955	581.090747	-658.21571
1616035406041	185.026219	601.576212	-678.81321
1616035406135	199.55756	587.477637	-673.595011
1616035406229	177.172081	603.103294	-686.285623
1616035406323	187.883667	593.991532	-680.537292
1616035406415	187.787247	595.954469	-669.640085
1616035406509	182.157647	582.932443	-669.398246
1616035406603	174.887307	599.556505	-656.79776
1616035406697	176.288045	595.40292	-642.18205
1616035406791	186.016834	589.588808	-673.862487
1616035406885	163.514947	583.019042	-667.082994
1616035406979	177.843509	590.614972	-670.9993
1616035407073	187.96253	601.382249	-659.195696
1616035407167	173.869183	588.800555	-677.012981
1616035407261	192.820916	584.544756	-668.593971
1616035407355	179.130489	594.13743	-671.975003
1616035407449	177.927369	593.088811	-657.836302
1616035407543	180.408669	598.549002	-658.07585
1616035407635	174.966912	597.981415	-666.58438
1616035407729	178.48024	601.943901	-650.120659
1616035407823	181.297867	597.671279	-660.274663
1616035407917	178.371866	607.446494	-675.469005
1616035408011	179.568681	589.747212	-657.626862
1616035408105	169.09415	594.515729	-671.941131
1616035408199	186.843393	600.355035	-652.460319
1616035408293	175.277311	590.923465	-675.440702
1616035408387	181.772804	579.13184	-669.801847
1616035408481	201.223788	587.315632	-654.54389
1616035408575	178.51675	603.691392	-650.613098
1616035408669	179.602359	593.997854	-668.453324
1616035408763	185.420937	599.867548	-649.967233
1616035408853	171.023349	580.099129	-673.40668
1616035408947	161.53251	600.640801	-658.706531
1616035409041	176.393829	594.648479	-671.869169
1616035409135	188.610367	582.472554	-650.880341
1616035409229	170.479412	579.918801	-659.055818
1616035409323	176.782052	589.241851	-662.749287
1616035409417	174.318532	583.468905	-662.407128
1616035409511	185.025445	591.100866	-660.365238
1616035409605	188.748117	602.707551	-664.892536
1616035409699	175.803699	604.261741	-665.79044
1616035409793	184.363483	609.0414	-652.683391
1616035409887	184.955061	594.279997	-655.74786
1616035409981	175.630615	585.775976	-657.919906
1616035410071	172.087969	576.398264	-653.871795
1616035410165	159.631164	590.814885	-667.895917
1616035410259	174.108362	602.198318	-652.694082
1616035410353	193.430572	598.122567	-656.990305
1616035410447	172.685819	590.243579	-650.45657
1616035410541	177.801962	586.321269	-658.412462
1616035410635	164.339639	586.623376	-687.471211
1616035410729	171.963442	589.093676	-664.48758
1616035410823	189.183094	591.926427	-670.897101
1616035410917	190.834095	597.068081	-671.52191
1616035411011	187.249251	600.982821	-669.086099
1616035411105	167.775171	594.159545	-675.526708
1616035411199	153.695997	601.635141	-664.233597
1616035411290	176.167691	585.975535	-674.113102
1616035411384	174.005609	593.063167	-651.169718
1616035411478	185.704067	603.267242	-659.652819
1616035411572	167.712105	595.080451	-664.584235
1616035411666	174.176096	585.061683	-661.781299
1616035411760	172.031562	591.318521	-658.358943
1616035411854	170.683003	594.445463	-657.069318
1616035411948	193.886019	567.353795	-635.294055
1616035412042	172.400074	578.170255	-647.58297
1616035412136	177.767763	571.795711	-634.82674
1616035412230	183.043907	558.838867	-640.781452
1616035412324	212.553965	543.044063	-632.484877
1616035412418	229.076898	550.351656	-648.264118
1616035412508	254.432207	526.490256	-641.104544
1616035412602	251.216665	541.802927	-621.772292
1616035412696	263.094717	525.494482	-654.918521
1616035412790	232.610115	541.825503	-653.719732
1616035412884	252.856386	536.612697	-644.834672
1616035412978	232.215755	547.919388	-659.849704
1616035413072	210.653665	559.899449	-665.486793
1616035413166	201.479219	562.744782	-688.811462
1616035413260	169.322643	592.00217	-697.557995
1616035413354	159.926021	587.474587	-680.286126
1616035413448	155.226958	595.00028	-700.111596
1616035413542	161.720501	589.442388	-692.914591
1616035413636	151.341496	601.173997	-698.43079
1616035413728	166.144777	581.755428	-692.587783
1616035413822	167.266307	591.126393	-705.061595
1616035413916	177.104827	592.74015	-700.20776
1616035414010	182.251871	586.736597	-716.856487
1616035414104	185.745195	578.798759	-705.621759
1616035414198	154.727496	590.514196	-726.96948
1616035414292	168.708787	600.858249	-738.885931
1616035414386	161.52103	606.471563	-755.379185
1616035414480	172.767059	595.420603	-746.284496
1616035414574	170.89058	580.6949	-746.800829
1616035414668	167.112404	590.592267	-713.154941
1616035414762	174.766233	573.015572	-700.638841
1616035414856	185.137326	588.138403	-670.088051
1616035414947	172.002571	583.730701	-656.105592
1616035415041	164.051532	584.314956	-621.515452
1616035415135	159.688207	588.586985	-611.312905
1616035415229	197.170466	603.096314	-608.495456
1616035415323	167.891741	598.63548	-596.131431
1616035415417	169.318104	590.156741	-618.614939
1616035415511	153.635978	587.595957	-605.32723
1616035415605	178.989975	596.712262	-609.89391
1616035415699	185.373542	596.356966	-631.583581
1616035415793	179.970151	601.695635	-657.896726
1616035415887	174.096866	588.694639	-634.85469
1616035415981	174.999773	595.821206	-641.000211
1616035416075	185.3255	582.510031	-640.734448
1616035416166	194.429586	616.283181	-663.804222
1616035416260	181.805463	585.458927	-658.915088
1616035416354	172.982195	585.535717	-663.985957
1616035416448	196.949608	588.549759	-663.046646
1616035416542	196.759756	598.637465	-660.572282
1616035416636	188.636703	604.075188	-666.495606
1616035416730	168.02062	596.63897	-665.195381
1616035416824	172.371914	589.092981	-677.737684
1616035416918	177.815113	596.025856	-666.054071
1616035417012	157.086522	593.974418	-668.09004
1616035417106	179.915663	592.0918	-684.015372
1616035417200	185.980285	596.427903	-672.076369
1616035417294	171.559508	589.83667	-667.516362
1616035417384	173.890726	588.315	-662.752448
1616035417478	173.86866	596.235056	-669.613585
1616035417572	183.243372	602.008108	-671.424783
1616035417666	175.060519	588.559685	-675.167551
1616035417760	183.943853	606.194062	-675.954459
1616035417854	177.463097	585.937858	-662.226559
1616035417948	180.928409	601.22038	-671.830011
1616035418042	189.003688	601.64185	-666.557464
1616035418136	177.301291	594.027148	-658.79773
1616035418230	193.979384	597.738962	-656.395911
1616035418324	166.816762	598.359743	-668.823715
1616035418418	164.477333	588.597203	-675.493653
1616035418512	167.836381	594.498421	-651.031734
1616035418601	194.289045	594.400566	-673.190128
1616035418695	177.933689	595.021128	-672.332369
1616035418789	163.424483	609.140132	-660.044915
1616035418883	178.081113	595.050194	-667.108489
1616035418977	171.352598	606.477887	-664.08212
1616035419071	171.140964	589.508699	-653.412567
1616035419165	186.778504	599.015546	-654.909109
1616035419259	175.930713	597.493728	-666.035202
1616035419353	190.491148	583.67804	-671.608878
1616035419447	177.087968	592.813659	-652.475271
1616035419541	177.191642	590.637797	-670.534298
1616035419635	179.225411	607.637101	-671.93067
1616035419729	177.743175	587.306715	-671.031808
1616035419821	167.033318	588.892628	-663.310011
1616035419915	175.223781	587.918328	-653.503229
1616035420009	177.350691	590.431607	-660.482107
1616035420103	185.153834	579.739352	-650.981983
1616035420197	182.070635	599.689373	-658.475401
1616035420291	162.93614	588.008182	-658.544181
1616035420385	184.000487	596.947697	-680.090081
1616035420479	178.956483	594.618472	-664.516534
1616035420573	160.857077	604.544069	-664.52631
1616035420667	162.969187	597.437127	-650.302475
1616035420761	166.887472	584.453236	-662.328384
1616035420855	191.703573	597.088598	-670.880488
1616035420949	178.446203	578.147595	-672.188113
1616035421040	166.544349	583.795098	-664.454141
1616035421134	160.029525	585.358158	-649.912225
1616035421228	166.875744	589.074903	-667.822729
1616035421322	187.420369	600.497463	-667.056801
1616035421416	182.695395	588.993141	-670.534341
1616035421510	194.600021	587.978532	-665.674332
1616035421604	184.130759	605.752807	-669.881959
1616035421698	170.260771	607.053672	-669.505328
1616035421792	184.754256	587.060968	-668.024523
1616035421886	186.73684	594.658492	-653.069755
1616035421980	167.844783	585.678762	-664.509433
1616035422074	175.752991	589.323047	-665.681578
1616035422168	185.307138	592.077832	-677.000701
1616035422259	173.203092	586.210182	-664.440042
1616035422353	190.276122	590.943532	-678.201744
1616035422447	173.309074	602.528767	-672.702798
1616035422541	177.357329	584.832136	-672.81384
1616035422635	175.642458	590.610418	-675.276552
1616035422729	169.238958	600.38889	-664.949811
nan	nan	nan	nan
nan	nan	nan	nan
