1618477153307,-3.992353787,249.604805578,382.251709672
1618477153401,-18.031740055,277.201371474,377.244134394
1618477153495,-18.180963175,278.087573364,376.482715684
1618477153589,-6.919103953,262.648712705,377.923080263
1618477153683,-5.864111722,255.168587757,379.178752320
1618477153777,-8.577831935,260.242703886,380.035331212
1618477153871,-9.447658151,262.803020897,381.962535525
1618477153965,-7.399118315,259.715948869,379.966597820
1618477154059,-7.558648412,257.414465832,378.120626600
1618477154153,-9.751678640,259.348380799,377.937092074
1618477154247,-8.982324046,263.555944708,378.834099458
1618477154340,-9.881870298,263.581922001,377.926196345
1618477154434,-8.598938139,263.868217042,379.866184994
1618477154528,-10.650527761,262.166933708,380.945557383
1618477154622,-7.258590234,261.463865923,379.978358604
1618477154716,-4.737693614,259.529467946,381.021952401
1618477154810,-8.097534888,257.587308336,380.159217154
1618477154904,-8.701695079,260.464892832,380.024965115
1618477154998,-9.421588808,262.756257028,378.964717266
1618477155092,-9.392197337,262.703533839,379.967177036
1618477155186,-7.678780529,261.629961966,379.110572752
1618477155280,-7.647187296,261.160941494,379.945836947
1618477155374,-8.914150969,262.639827911,380.923494778
1618477155468,-8.579242942,263.451408839,380.118903045
1618477155557,-9.305594326,259.754356944,379.058114756
1618477155651,-6.838750993,257.916921167,381.097184837
1618477155745,-7.076401699,258.343225217,376.077295868
1618477155839,-10.362752737,259.650715345,380.969641252
1618477155933,-12.030884796,260.849228104,378.913725333
1618477156027,-9.374100519,263.464897442,377.885001637
1618477156121,-7.920481596,263.445010103,379.839275048
1618477156215,-7.647486686,261.161478547,379.945811891
1618477156309,-6.409533627,258.940805981,379.049416084
1618477156403,-6.873532094,257.979312415,378.094274009
1618477156497,-8.201953490,260.568443304,383.066788449
1618477156591,-10.208929345,263.962435219,379.815134879
1618477156685,-8.463689468,267.419430589,378.793814025
1618477156775,-9.248179777,264.032843671,379.811850013
1618477156869,-7.245073993,258.645793988,379.063179697
1618477156963,-7.169105566,255.334215245,380.404297171
1618477157057,-6.840444105,257.919958315,382.097043141
1618477157151,-9.900283166,260.821125337,380.008345294
1618477157245,-9.113304390,263.997074525,376.906827644
1618477157339,-10.186177532,263.127796273,379.900728897
1618477157433,-9.299961132,263.331904270,378.891206356
1618477157527,-10.109433389,265.577782918,378.739771767
1618477157621,-11.424200791,265.348594767,380.797118829
1618477157715,-8.960379944,260.516580803,378.835935959
1618477157809,-6.059048391,253.930617955,380.329817926
1618477157903,-4.838733757,252.535411804,381.348256041
1618477157992,-6.273708871,255.903333833,381.144473167
1618477158086,-6.837423455,259.708365943,379.013606018
1618477158180,-9.220491206,260.983175187,377.814167268
1618477158274,-8.182253448,267.914583297,379.817367383
1618477158368,-13.500688999,272.661105907,381.455957855
1618477158462,-14.803590133,269.616805586,379.597987924
1618477158556,-7.053855255,260.890433113,378.911802938
1618477158650,-2.344688287,254.236832417,381.222222826
1618477158744,-1.431026725,255.391708565,380.214997169
1618477158838,-0.662497469,257.394579135,377.028245560
1618477158932,0.605403021,257.120186083,378.134356051
1618477159026,-1.674009016,263.002881145,379.859902319
1618477159120,-7.875258450,277.714496827,379.173540406
1618477159212,-10.141225828,287.160726805,379.732832016
1618477159306,-0.415629693,282.271481190,380.960936939
1618477159400,25.801251956,280.119476328,376.481227270
1618477159494,35.175361015,273.273085123,379.847296109
1618477159588,66.753704596,263.915897357,379.983666602
1618477159682,109.922007649,254.974511089,384.173689801
1618477159776,109.210584758,288.518592443,384.034740001
1618477159870,104.161644963,406.719948001,383.858985348
1618477159964,5.185178583,427.254337740,388.966040019
1618477160058,-99.462978003,272.221891454,382.555640940
1618477160152,-13.133376236,149.310903261,386.671194251
1618477160246,22.623220888,129.510482594,387.148684361
1618477160340,67.907048452,274.166738918,382.992220892
1618477160440,46.361544225,372.866318959,395.298443548
1618477160536,-47.016439616,311.143055888,394.826965284
1618477160632,-19.245628059,266.564091071,410.653241815
1618477160728,-26.782857490,239.321613421,437.524591207
1618477160824,-19.171264507,248.162783417,460.738876171
1618477160920,-13.185997021,247.395384839,458.821333128
1618477161016,-3.533568964,239.431216182,252.959624701
1618477161112,-9.185145204,248.569161420,286.486644735
1618477161208,-13.399465712,261.510398188,326.882878826
1618477161304,-17.147909596,263.852976398,359.820241617
1618477161400,-12.785059431,266.202086284,404.850608518
1618477161496,-15.543242040,262.768307924,343.870846197
1618477161592,-13.690263076,264.032038104,334.858542018
1618477161690,-8.383036702,261.099448955,332.135323530
1618477161782,-6.491782088,255.119214680,362.460982319
1618477161874,-3.321113256,254.400716763,367.307885739
1618477161966,-6.876639582,255.397234411,373.261393785
1618477162058,-5.675670819,257.624383687,375.110833004
1618477162150,-9.852537711,256.147825994,373.179720948
1618477162242,-10.119045572,262.007373207,377.906347165
1618477162334,-13.724050814,267.680299728,377.688334484
1618477162426,-14.048782648,267.262812181,376.661157703
1618477162518,-11.456368208,260.024819077,380.045496501
1618477162610,-8.553630631,254.611638657,377.204736458
1618477162702,-4.063622181,259.320300984,379.078365385
1618477162794,-8.151710963,261.684490795,378.154683162
1618477162891,-10.031413145,260.056349720,379.997371036
1618477162985,-8.586188750,258.463868412,380.118321751
1618477163079,-10.475367385,260.852726444,378.960216541
1618477163173,-12.943199779,266.279588722,379.753683845
1618477163267,-12.743797554,267.715721945,378.686681881
1618477163361,-10.277330995,262.497483591,378.976790191
1618477163455,-6.071977056,256.747635881,380.245046007
1618477163549,-5.706841789,255.298820543,379.359294069
1618477163643,-7.214801990,258.797665130,377.149403079
1618477163737,-12.732221620,261.313478288,377.938720431
1618477163831,-8.686845831,267.025908159,378.858828007
1618477163925,-11.355396977,265.431346538,378.886566935
1618477164019,-7.976201682,262.957309954,380.001991679
1618477164112,-6.693782734,258.656873312,379.109317219
1618477164206,-8.503161392,256.314931765,380.125270304
1618477164300,-9.644842272,259.362908781,380.029723122
1618477164394,-11.595232608,262.861569965,378.866495110
1618477164488,-13.599138264,262.074749885,379.949858166
1618477164582,-9.668561027,261.199282252,378.944048181
1618477164676,-8.688182134,259.440652958,377.026096012
1618477164770,-9.556756764,259.411072545,383.120784912
1618477164864,-6.280373208,261.709114644,380.060225509
1618477164958,-5.267409066,261.685859226,379.061310477
1618477165052,-10.329610765,258.797438261,379.056104822
1618477165146,-9.557212335,260.205715908,377.037056864
1618477165240,-8.875348857,261.982571372,381.094121965
1618477165338,-8.955664812,261.714296529,377.920020488
1618477165432,-9.326417739,260.791710527,380.056372046
1618477165526,-6.675522227,261.417943286,374.027155519
1618477165620,-8.151859918,260.684757996,380.154670696
1618477165714,-9.037500772,260.067269865,379.996861563
