1610678718322,2.645771
1610678718416,2.634476
1610678718510,2.060093
1610678718598,2.908380
1610678718692,2.566625
1610678718786,0.928446
1610678718880,2.297519
1610678718974,-2.686408
1610678719068,-2.719242
1610678719162,0.044476
1610678719256,-1.465033
1610678719350,-2.261353
1610678719444,6.253294
1610678719538,3.976811
1610678719632,-2.000849
1610678719726,3.314046
1610678719818,2.565528
1610678719912,-3.122503
1610678720006,0.724026
1610678720100,4.262906
1610678720194,-1.637956
1610678720288,-1.058632
1610678720382,4.820237
1610678720476,-2.702299
1610678720570,-2.360549
1610678720664,3.421282
1610678720758,0.115588
1610678720852,-4.068331
1610678720946,1.447651
1610678721036,1.404661
1610678721130,-4.060197
1610678721224,-0.110186
1610678721318,2.544983
1610678721412,-3.131404
1610678721506,-1.856906
1610678721600,3.198776
1610678721694,-1.942121
1610678721788,-3.062970
1610678721882,2.745937
1610678721976,-0.316628
1610678722070,-4.119655
1610678722164,1.861346
1610678722256,1.378819
1610678722350,-4.217275
1610678722444,0.200752
1610678722538,2.567338
1610678722632,-3.438202
1610678722726,-1.061911
1610678722820,1.575972
1610678722914,-3.912447
1610678723008,0.205432
1610678723102,2.708106
1610678723196,-3.265533
1610678723290,-1.520576
1610678723384,3.146834
1610678723475,-2.025071
1610678723569,-2.891419
1610678723663,3.178051
1610678723757,-0.356851
1610678723851,1.299172
1610678723945,2.179982
1610678724039,1.167785
1610678724133,-4.124518
1610678724227,0.612273
1610678724321,2.504295
1610678724415,-3.508732
1610678724509,-1.083563
1610678724603,3.119414
1610678724697,-2.707910
1610678724791,-2.577041
1610678724885,3.227301
1610678724979,2.863661
1610678725073,-3.825530
1610678725167,2.609850
1610678725261,0.651739
1610678725355,-4.149789
1610678725449,1.319617
1610678725543,1.911831
1610678725637,-4.006374
1610678725731,-0.492539
1610678725825,2.842819
1610678725914,-3.490836
1610678726008,-2.878064
1610678726102,0.433201
1610678726196,-11.386430
1610678726290,-0.653929
1610678726384,3.881572
1610678726478,2.154361
1610678726572,-5.818198
1610678726666,3.934073
1610678726760,5.427095
1610678726854,-3.811255
1610678726948,0.234060
1610678727042,2.761918
1610678727132,-3.637300
1610678727226,1.680196
1610678727320,3.080551
1610678727414,-2.324600
1610678727508,-3.006439
1610678727602,2.943156
1610678727696,-0.726584
1610678727790,-3.885218
1610678727884,2.432836
1610678727978,0.948737
1610678728072,-4.392949
1610678728166,0.682297
1610678728260,2.318649
1610678728351,-0.462727
1610678728446,-0.900851
1610678728541,2.924642
1610678728636,-2.657563
1610678728731,-2.364962
1610678728826,3.151739
1610678728921,-1.149373
1610678729016,-3.686782
1610678729111,2.648504
1610678729206,0.318322
1610678729301,-4.156520
1610678729396,1.242976
1610678729491,-2.750385
1610678729580,-4.085356
1610678729675,-0.266256
1610678729770,2.948545
1610678729865,-3.175738
1610678729960,-1.948046
1610678730055,3.246164
1610678730150,-1.765635
1610678730245,-3.195515
1610678730340,2.895049
1610678730435,-0.015506
1610678730530,-4.077592
1610678730625,-3.885750
1610678730720,1.744715
1610678730812,-4.284386
1610678730906,0.286436
1610678731000,2.437868
1610678731094,-3.517912
1610678731188,-1.275938
1610678731282,3.429307
1610678731376,-2.032914
1610678731470,-3.082501
1610678731564,3.084597
1610678731658,-0.572757
1610678731752,-3.839256
1610678731846,1.890755
1610678731940,1.078296
1610678732033,-4.236007
1610678732127,0.921540
1610678732221,2.358940
1610678732315,-3.556230
1610678732409,-0.902971
1610678732503,3.096320
