1610679769983,114.794519962,207.169775030,419.807509703
1610679770073,174.306470027,201.001271963,423.806588467
1610679770167,145.438770210,204.462893766,420.283300874
1610679770261,81.137438911,215.877789671,423.331938020
1610679770355,207.079444678,198.929690416,418.211752562
1610679770449,95.073167282,212.911810148,422.144868494
1610679770543,98.278954461,212.363637851,420.038710621
1610679770637,186.015741997,203.878631014,419.589180225
1610679770731,101.965400909,208.038005057,419.975649271
1610679770825,124.981515321,206.269932918,421.633248207
1610679770919,174.393690677,200.905235115,419.787990177
1610679771013,209.638770670,198.791951353,419.185078310
1610679771107,132.968354664,204.211106202,421.428198092
1610679771201,130.397300743,207.791543400,421.540604317
1610679771292,176.615591639,200.620636756,419.732875468
1610679771386,168.230347402,203.449658239,422.893421993
1610679771480,244.366608212,196.812689312,420.608120803
1610679771574,213.214132521,196.299466061,417.089704663
1610679771668,138.028559434,207.029123297,420.392955673
1610679771762,130.062606943,209.644442847,421.512117139
1610679771856,183.125870342,201.957235545,420.604402610
1610679771950,118.573076833,204.924338334,422.759978958
1610679772044,108.918485452,206.777151906,420.925133009
1610679772138,163.195704707,204.894380491,421.979545952
1610679772232,201.619562854,204.146977769,419.253831965
1610679772326,167.750665368,201.492029721,419.901627564
1610679772420,104.291140869,205.920899217,420.952970805
1610679772510,147.274886121,207.300705175,420.251891779
1610679772604,150.898669391,201.627277829,422.121477281
1610679772698,196.439774417,199.957850841,421.410863908
1610679772792,94.215207687,209.987595808,419.159544983
1610679772886,212.258944915,199.472172544,418.123150631
1610679772980,130.639449298,202.858486264,424.553568329
1610679773074,204.862225019,198.213875265,422.266787191
1610679773168,162.510714504,203.954887344,422.991263580
1610679773262,221.958745218,202.350368251,421.905904413
1610679773356,189.986909808,199.527848089,420.521248355
1610679773450,223.616796392,197.557238295,419.945966423
1610679773544,165.212591722,201.451226641,426.893725726
1610679773638,236.093255686,194.455162256,419.732540737
1610679773729,204.408852089,199.253922800,420.274542711
1610679773823,94.297682573,207.980310601,426.158134145
1610679773917,164.927601567,203.476400516,424.898600845
1610679774011,212.129771216,198.571915207,424.142466581
1610679774105,239.259530717,198.352142342,423.712590121
1610679774199,225.242035202,198.502009428,423.935270919
1610679774293,110.114951928,208.583132673,428.887559659
1610679774387,102.837118966,210.226001385,434.012056238
1610679774481,133.232348251,204.541116748,430.492107228
1610679774575,171.306098157,202.089637247,434.823701099
1610679774669,188.610860716,198.561065421,440.527681152
1610679774763,176.605863146,206.444831226,451.698829345
1610679774857,175.761576121,202.872738898,453.781697029
1610679774948,180.637618438,200.353693768,464.681179860
1610679775042,182.230762990,199.389632300,489.688139640
1610679775136,124.873340607,207.367820689,520.652204943
1610679775230,157.820184396,204.369213293,564.071501056
1610679775324,134.548865567,209.689822874,546.520905338
1610679775418,168.724865573,202.582641116,521.919175172
1610679775512,175.985510104,201.029623135,409.812078894
1610679775606,167.252752707,205.536011559,408.910144992
1610679775700,113.847292023,208.076781110,406.789500700
1610679775794,126.122789413,204.522451140,706.682150345
1610679775888,135.313059291,207.798984653,395.542045374
1610679775982,228.704170387,200.461187901,275.927365509
1610679776076,140.359069868,208.176593376,237.421514412
1610679776167,149.498845097,203.545919640,370.299379487
1610679776261,132.143594360,214.078951210,387.596263098
1610679776355,198.138597403,203.691114026,266.552866086
1610679776449,221.897657483,200.592418379,320.146437181
1610679776543,162.050994261,210.232149652,357.238615463
1610679776637,217.731711447,208.285393075,411.474295036
1610679776731,181.855354646,212.631103926,427.122218235
1610679776825,191.163139300,221.515584122,427.099846917
1610679776919,166.078072462,240.703065969,429.717127826
1610679777013,180.845401092,269.518610319,427.875064398
1610679777107,220.962529143,355.299953220,425.445404016
1610679777201,67.545855405,574.156791341,424.836706017
1610679777295,-21.050545317,432.647832234,419.350826369
1610679777386,-104.994053264,377.027817918,420.811729300
1610679777480,-169.695034744,-34.026938324,427.994783182
1610679777574,198.100768556,373.612728732,420.699633310
1610679777668,-287.523980267,584.869619582,422.974750807
1610679777762,-99.543273635,261.842980605,422.163249819
1610679777856,-85.150340304,-105.220071361,418.344697169
1610679777950,10.120204263,-482.388988072,417.699300838
1610679778044,541.521332743,-237.841042512,422.837125508
1610679778138,407.073426635,69.106886876,421.246068049
1610679778232,394.512876722,128.983039557,417.803057618
1610679778326,227.555944115,145.717540816,422.332615277
1610679778420,270.565556974,156.356756319,420.100799371
1610679778514,220.309932255,176.852644472,417.584147727
1610679778605,215.097465642,188.783079730,417.570675968
1610679778699,152.082690190,202.112674231,422.409135968
1610679778793,147.601274561,201.685193460,418.520008816
1610679778887,227.349522178,195.287506763,416.087388651
1610679778981,272.309216297,190.962777730,421.249870887
1610679779075,178.828235437,200.131848025,418.831875548
1610679779169,154.597301973,203.918895655,420.177951365
1610679779263,152.804627345,201.165579407,418.225723612
1610679779357,162.525770513,204.130222281,420.025218568
1610679779451,91.642613400,206.303171763,422.220658747
1610679779545,195.832510848,198.011491911,420.421251923
1610679779639,156.548673974,207.481528906,418.093251857
1610679779733,218.388398393,197.019075425,417.035404813
1610679779824,152.775437847,201.726495608,418.140691584
1610679779918,144.470973843,203.548381576,419.299856260
1610679780012,110.621232456,210.538411680,419.878899088
1610679780106,171.830081225,201.220017418,417.848950243
1610679780200,115.721896098,212.734527894,418.723220675
1610679780294,273.697317743,192.868506556,415.037956674
1610679780388,167.447568831,201.518802977,420.906812415
1610679780482,204.685040504,200.141193969,423.252711887
1610679780576,208.480868824,199.540901901,419.136460610
1610679780670,142.179747173,201.485773901,418.287731792
1610679780764,206.866336516,196.948514779,417.215398048
1610679780858,222.724451246,199.371064008,415.909912309
1610679780952,156.336369644,202.411949829,418.079777322
1610679781043,113.409409170,209.203792804,421.814097513
1610679781137,172.227148457,201.096611067,418.825051634
1610679781231,169.594606975,202.064152561,419.818765789
1610679781325,195.396714110,200.961654463,423.411600509
1610679781419,182.285992657,202.766426679,418.567450974
1610679781513,144.782945088,206.255827089,418.243200785
1610679781607,166.227058498,206.184951448,415.842159443
1610679781701,88.413106140,215.058447392,421.173265949
1610679781795,186.848704328,202.716720987,419.557825076
1610679781889,204.577252202,201.062382736,418.237449472
1610679781983,141.701938941,204.616312302,423.313011579
1610679782077,103.949999243,210.951033088,418.958806466
1610679782171,253.583942357,196.821834865,420.416234052
1610679782262,140.114176693,206.491565902,419.288853459
1610679782356,113.398163014,210.028121333,418.780077352
1610679782450,96.822411298,209.668962727,418.097839183
1610679782544,132.623006926,206.594941352,420.502530786
1610679782638,183.859076895,201.980802060,416.608966451
1610679782732,134.794993192,204.314752079,418.448269931
1610679782826,153.768245139,203.638798521,418.123708354
1610679782920,151.879749026,203.893946418,418.173119749
1610679783014,174.792900791,200.781639478,418.764054910
1610679783108,187.387180455,199.404158772,419.497294946
1610679783202,157.662402832,207.029820780,420.005775028
1610679783296,113.506585675,207.930211660,418.761116374
1610679783390,134.725295191,206.320908673,417.449462204
1610679783479,181.844027537,200.982131406,418.609223889
1610679783573,202.092676339,200.458516245,416.314163840
1610679783667,150.451842374,202.931744455,418.180439636
1610679783761,212.326852622,202.466174091,417.121988983
1610679783855,78.633881523,211.363932300,418.426083361
1610679783949,141.006290947,206.501095712,418.290698981
1610679784043,92.822329215,208.933967285,424.149159398
1610679784137,117.252087738,207.687694775,420.714151074
1610679784231,220.218459999,198.769089190,416.986993014
1610679784325,176.583725584,204.446786690,417.699208036
1610679784419,155.782361887,205.019224505,419.003722976
1610679784513,86.299036482,208.421853185,420.243642337
1610679784607,155.021201874,203.263124494,418.050956126
1610679784698,123.225393185,207.895060849,415.560651285
1610679784792,170.362200466,201.084681594,417.822741397
