1618477314546,0.002604
1618477314640,0.096177
1618477314734,0.004099
1618477314828,0.047361
1618477314922,0.080593
1618477315016,0.034270
1618477315110,0.049889
1618477315204,0.034768
1618477315298,0.096675
1618477315392,0.049426
1618477315484,0.080059
1618477315578,-0.027139
1618477315672,0.097672
1618477315766,0.080558
1618477315860,0.064939
1618477315954,0.111262
1618477316048,0.002604
1618477316142,0.034804
1618477316236,0.035302
1618477316330,0.030781
1618477316424,0.050352
1618477316518,-0.042687
1618477316612,0.020146
1618477316703,0.066434
1618477316797,0.065473
1618477316891,-0.011485
1618477316985,0.096212
1618477317079,0.050387
1618477317173,-0.011520
1618477317267,0.158084
1618477317361,-0.029062
1618477317455,0.081590
1618477317549,0.080130
1618477317643,0.003530
1618477317737,-0.010986
1618477317831,0.033308
1618477317920,-3.283862
1618477318014,0.003565
1618477318108,0.095180
1618477318202,-0.043186
1618477318296,0.080095
1618477318390,0.096675
1618477318484,0.125885
1618477318578,0.049924
1618477318672,0.018651
1618477318766,0.142964
1618477318860,0.126383
1618477318954,0.110835
1618477319048,0.173170
1618477319139,0.110835
1618477319233,0.095216
1618477319327,0.122894
1618477319421,0.157621
1618477319515,0.095251
1618477319609,0.203910
1618477319703,0.295062
1618477319797,0.324734
1618477319891,0.340887
1618477319985,0.433428
1618477320079,0.385217
1618477320173,0.693258
1618477320267,0.687133
1618477320367,0.118085
1618477320462,-0.673978
1618477320557,-0.384034
1618477320652,1.939711
1618477320747,-2.351552
1618477320842,-4.973152
1618477320937,-2.945985
1618477321032,-0.191885
1618477321127,1.415238
1618477321222,1.952904
1618477321317,2.664433
1618477321412,2.304496
1618477321507,-1.153667
1618477321602,-2.751066
1618477321696,-5.265983
1618477321790,-4.357497
1618477321884,-4.332049
1618477321978,-3.438686
1618477322072,-2.486550
1618477322166,-1.591695
1618477322260,-1.027356
1618477322354,-0.761056
1618477322448,-0.531771
1618477322542,-0.431184
1618477322636,-0.281879
1618477322730,-0.246358
1618477322819,-0.083900
1618477322913,-0.178140
1618477323007,0.063606
1618477323101,-0.060534
1618477323195,-0.163246
1618477323289,-0.091604
1618477323383,0.040684
1618477323477,-0.108745
1618477323571,-0.073625
1618477323665,0.011342
1618477323759,-0.012349
1618477323853,0.085710
1618477323947,-0.112000
1618477324038,-0.048241
1618477324133,0.031244
1618477324228,-0.061333
1618477324323,-0.044752
1618477324418,-0.058840
1618477324513,-0.028101
1618477324608,0.000076
1618477324703,-0.013015
1618477324798,0.064013
1618477324893,-0.043186
1618477324988,0.095145
1618477325083,-0.027104
1618477325178,0.048892
1618477325273,0.111725
1618477325368,-0.105093
1618477325463,-0.088940
1618477325558,-0.043221
1618477325653,-0.073427
1618477325748,-0.026641
1618477325843,-0.043186
1618477325938,-0.011520
1618477326033,-0.042758
1618477326128,-0.105592
1618477326223,-0.012481
1618477326318,-0.074887
1618477326413,0.020181
1618477326506,0.079063
1618477326600,0.003565
1618477326694,0.111262
1618477326788,0.110799
1618477326882,0.079098
1618477326976,0.032810
1618477327070,0.078243
1618477327164,-0.013478
1618477327258,0.064974
1618477327352,0.049889
1618477327446,-0.058307
1618477327540,0.002070
1618477327634,-0.074389
1618477327727,0.081555
1618477327821,0.020146
1618477327915,-0.103633
1618477328009,0.004598
1618477328103,0.003636
1618477328197,0.019184
1618477328291,0.033807
1618477328385,-0.055850
1618477328479,-0.043684
1618477328573,-0.029953
1618477328667,0.003067
1618477328761,-0.074353
1618477328855,-0.043684
1618477328945,-0.105592
1618477329040,0.064974
1618477329135,-0.072894
1618477329230,0.020181
1618477329325,-0.072395
1618477329420,-0.043613
1618477329515,0.002105
1618477329610,0.034270
1618477329705,-0.026641
1618477329800,-0.165007
1618477329895,-0.028030
1618477329990,-0.027139
1618477330085,-0.010523
1618477330180,-0.104595
1618477330275,0.033736
1618477330370,0.020217
1618477330465,-0.057345
1618477330560,-0.042723
1618477330655,-0.087516
1618477330750,0.065010
1618477330845,0.019718
1618477330940,0.094219
1618477331035,0.001607
1618477331130,0.031421
1618477331225,0.018223
1618477331320,0.081127
1618477331417,-0.042224
nan,nan
